/*--------------------------------*- C++ -*----------------------------------*\
  =========                 |
  \\      /  F ield         | OpenFOAM: The Open Source CFD Toolbox
   \\    /   O peration     | Website:  https://openfoam.org
    \\  /    A nd           | Version:  7
     \\/     M anipulation  |
\*---------------------------------------------------------------------------*/
FoamFile
{
    version     2.0;
    format      ascii;
    class       vectorField;
    location    "0.7/lagrangian/reactingCloud1";
    object      coordinates;
}
// * * * * * * * * * * * * * * * * * * * * * * * * * * * * * * * * * * * * * //


2444
(
(-1.13664 0.397643 8.13152e-20)
(-1.07782 0.143941 2.37169e-20)
(-1.08574 0.259494 0)
(-1.09271 0.374884 0)
(-1.10849 0.369294 6.94567e-20)
(-1.13451 0.185202 1.35525e-20)
(-1.14386 0.384917 0)
(-1.2307 0.387112 0)
(-1.18122 0.165552 2.71051e-20)
(-1.19706 0.173646 -5.42101e-20)
(-1.20295 0.356206 -5.42101e-20)
(-1.22006 0.334181 2.1684e-19)
(-1.24163 0.211784 0)
(-1.25856 0.194629 -1.6263e-19)
(-1.41931 0.383063 0)
(-1.28604 0.286651 0)
(-1.305 0.0867675 0)
(-1.32089 0.0958065 -5.42101e-20)
(-1.33509 0.16519 -1.21973e-19)
(-1.3558 0.379259 5.42101e-20)
(-1.36756 0.332269 0)
(-1.38382 0.356189 2.71051e-20)
(-1.40117 0.227571 -1.0842e-19)
(-1.41671 0.36761 2.71051e-20)
(-1.43154 0.37188 0)
(-1.44991 0.201668 0)
(-1.46499 0.157781 0)
(-1.46502 0.207414 1.0842e-19)
(-1.53093 0.385693 -2.1684e-19)
(-1.49523 0.259276 -4.06576e-20)
(-1.51299 0.329601 0)
(-1.52886 0.177495 1.0842e-19)
(-1.54365 0.370707 -2.1684e-19)
(-1.56131 0.256869 -2.1684e-19)
(-1.58071 0.381949 -1.6263e-19)
(-1.59291 0.314725 0)
(-1.60908 0.304524 0)
(-1.62793 0.383029 -1.0842e-19)
(-1.64274 0.212642 0)
(-1.65734 0.28985 2.1684e-19)
(-1.67354 0.214488 -5.42101e-20)
(-0.940078 0.448904 -1.0842e-19)
(-0.912215 0.45388 0)
(-0.951107 0.447496 0)
(-0.605763 0.471478 1.0842e-19)
(-0.359241 0.413863 2.1684e-19)
(-0.550633 0.461644 -2.1684e-19)
(-0.314416 0.314173 5.42101e-20)
(-0.401014 0.386915 1.6263e-19)
(-0.390987 0.370745 -2.71051e-20)
(-0.377585 0.316833 2.71051e-20)
(-0.413732 0.372289 2.1684e-19)
(-0.467241 0.398058 0)
(-0.378214 0.17009 -2.03288e-20)
(-0.486559 0.411294 -2.1684e-19)
(-0.446246 0.345801 3.11708e-19)
(-0.477655 0.389818 1.0842e-19)
(-0.434507 0.189123 0)
(-0.455688 0.166599 -1.69407e-20)
(-0.504649 0.36422 1.6263e-19)
(-0.560025 0.404307 0)
(-0.528042 0.369617 0)
(-0.518237 0.26236 -5.42101e-20)
(-0.607441 0.432689 0)
(-0.536286 0.216826 0)
(-0.540381 0.111268 5.0822e-21)
(-0.584788 0.328627 5.42101e-20)
(-0.551164 0.123282 -2.71051e-20)
(-0.78527 0.449074 0)
(-0.602064 0.372648 0)
(-0.590456 0.165095 5.42101e-20)
(-0.619457 0.348581 0)
(-0.630634 0.250116 -1.6263e-19)
(-0.612714 0.12489 0)
(-0.641795 0.231517 -1.0842e-19)
(-0.709598 0.433412 -1.0842e-19)
(-0.686526 0.365111 0)
(-0.658523 0.0750397 1.35525e-20)
(-0.700056 0.412933 2.1684e-19)
(-0.698351 0.233606 5.42101e-20)
(-0.711781 0.24937 -5.42101e-20)
(-0.77744 0.43775 0)
(-0.742255 0.378954 2.1684e-19)
(-0.751634 0.378005 -1.0842e-19)
(-0.765997 0.400116 0)
(-0.765553 0.196364 1.72795e-19)
(-0.795888 0.356679 0)
(-0.775972 0.0471871 2.71051e-20)
(-0.803261 0.320487 1.35525e-20)
(-0.814008 0.226802 0)
(-0.830526 0.379939 1.0842e-19)
(-0.840034 0.346548 0)
(-0.851884 0.33405 0)
(-0.862699 0.295856 -2.71051e-20)
(-0.877115 0.379023 -2.71051e-20)
(-0.886781 0.333803 0)
(-0.912118 0.254798 -1.35525e-19)
(-0.900954 0.141262 -5.42101e-20)
(-0.926852 0.046106 2.03288e-20)
(-0.937713 0.232379 1.28749e-19)
(-0.949853 0.381853 -1.35525e-19)
(-0.964723 0.416917 0)
(-0.973188 0.358343 6.77626e-20)
(-0.988324 0.303428 0)
(-1.00227 0.261623 -3.72694e-20)
(-1.01984 0.207444 -8.13152e-20)
(-1.03103 0.253069 0)
(-1.04483 0.271621 0)
(0.0985641 0.291328 2.71051e-20)
(0.143013 0.192231 0)
(0.115928 0.230613 -2.71051e-20)
(0.0399547 0.286557 2.1684e-19)
(0.059557 0.164718 -5.42101e-20)
(0.055639 0.0695032 7.7927e-20)
(0.030799 0.050061 -1.35525e-20)
(-0.0288631 0.254787 5.42101e-20)
(-0.0232194 0.223398 0)
(-0.0141409 0.103142 0)
(-0.0659937 0.288344 0)
(-0.191653 0.362796 2.1684e-19)
(-0.0914983 0.203735 0)
(-0.0941742 0.0514073 -3.04932e-20)
(-0.159684 0.0658541 -2.71051e-20)
(-0.193465 0.317631 0)
(-0.223832 0.341603 -5.42101e-20)
(-0.2621 0.332854 0)
(-0.266152 0.339827 0)
(-0.268456 0.276399 -1.0842e-19)
(-0.280409 0.327316 5.42101e-20)
(-0.285494 0.149171 0)
(-0.2898 0.294081 0)
(-0.312061 0.201022 1.0842e-19)
(0.590911 0.251449 0)
(0.541537 0.0953485 -2.71051e-20)
(0.489471 0.170485 5.42101e-20)
(0.46656 0.254979 2.57498e-19)
(0.443621 0.113425 0)
(0.44101 0.154256 1.0842e-19)
(0.399317 0.24144 0)
(0.309705 0.190268 -5.0822e-21)
(0.304656 0.137663 5.42101e-20)
(0.198597 0.24599 1.0842e-19)
(0.189333 0.206126 -1.0842e-19)
(0.185887 0.238801 5.42101e-20)
(1.19396 0.263678 0)
(1.23445 0.198728 -8.13152e-20)
(1.19454 0.0331429 -6.77626e-21)
(1.16768 0.25726 1.35525e-20)
(1.18031 0.158641 0)
(1.09384 0.123217 5.42101e-20)
(1.09035 0.190412 1.0842e-19)
(0.967002 0.159066 6.77626e-21)
(0.952016 0.1298 3.04932e-20)
(0.935655 0.236346 1.0842e-19)
(0.860898 0.257736 0)
(0.838593 0.102212 5.42101e-20)
(0.833701 0.255523 1.21973e-19)
(0.841941 0.17056 2.71051e-20)
(0.788993 0.253414 -2.71051e-20)
(0.794575 0.186527 5.42101e-20)
(0.699947 0.0198098 3.38813e-21)
(0.672948 0.191008 1.0842e-19)
(0.670399 0.140427 0)
(0.626418 0.199286 -3.72694e-20)
(2.10494 0.306663 3.25261e-19)
(2.09398 0.184779 0)
(2.08948 0.153046 2.71051e-20)
(1.99835 0.159534 6.77626e-21)
(1.9906 0.0810309 0)
(1.92755 0.201599 1.0842e-19)
(1.86987 0.0611681 0)
(1.82855 0.24744 -4.06576e-20)
(1.82406 0.225431 -5.42101e-20)
(1.81681 0.160158 -5.42101e-20)
(1.78559 0.116825 -4.06576e-20)
(1.75289 0.23893 0)
(1.68484 0.12954 0)
(1.66176 0.107682 0)
(1.4951 0.245053 -1.0842e-19)
(1.29875 0.211529 0)
(3.33934 0.275619 5.42101e-20)
(3.21376 0.278754 2.03288e-20)
(3.38676 0.109735 5.42101e-20)
(3.30427 0.228892 0)
(3.29874 0.221269 8.13152e-20)
(3.22879 0.208677 -8.13152e-20)
(3.20991 0.160756 8.13152e-20)
(3.13779 0.219029 0)
(3.05837 0.269763 -1.0842e-19)
(3.14623 0.200669 0)
(3.14272 0.175021 0)
(3.08252 0.0285113 0)
(2.98213 0.170278 4.06576e-20)
(2.92972 0.227791 -6.77626e-20)
(2.92948 0.0805468 3.04932e-20)
(2.87822 0.198665 -1.0842e-19)
(2.77967 0.260175 -1.0842e-19)
(2.72161 0.241846 0)
(2.74015 0.186622 -1.0842e-19)
(2.67156 0.149504 4.06576e-20)
(2.65762 0.128928 0)
(2.61835 0.210088 1.0842e-19)
(2.53738 0.150389 -1.35525e-20)
(2.49101 0.06717 -2.71051e-20)
(2.48661 0.153881 5.42101e-20)
(2.47969 0.129187 8.13152e-20)
(2.44287 0.0673252 -1.35525e-20)
(2.36884 0.10951 1.35525e-20)
(2.33367 0.258062 0)
(2.30882 0.12676 2.71051e-20)
(2.13899 0.209554 0)
(4.0787 -2.01164e-33 1.75553e-35)
(5.10924 0.428789 -2.71051e-19)
(5.23727 0.240361 -1.0842e-19)
(4.97519 0.296968 0)
(4.80616 0.388889 0)
(5.14065 0.157429 -2.71051e-20)
(5.11218 0.118777 0)
(5.10542 0.151595 -5.42101e-20)
(4.93577 0.186499 0)
(4.93999 0.108713 -2.71051e-20)
(4.75388 0.257706 0)
(4.89944 0.197548 0)
(4.8272 0.218626 0)
(4.86655 0.0852809 -2.71051e-20)
(4.83282 0.061945 2.71051e-20)
(4.71245 0.222999 1.0842e-19)
(4.61839 0.17477 -5.42101e-20)
(4.60711 0.0537772 2.71051e-20)
(4.56586 0.209498 -1.0842e-19)
(4.51405 0.177597 0)
(4.43218 0.205004 -2.37169e-20)
(4.41538 0.199566 -2.71051e-20)
(4.28207 0.217366 0)
(4.29572 0.180248 -5.42101e-20)
(4.27857 0.140136 0)
(4.27498 0.113111 -2.71051e-20)
(4.2094 0.131747 1.35525e-20)
(4.01128 0.292137 0)
(4.08564 0.111524 5.42101e-20)
(4.00805 0.139448 2.03288e-20)
(3.94932 0.154304 0)
(3.80791 0.27941 0)
(3.86689 0.139872 -1.0842e-19)
(3.75591 0.180309 -1.0842e-19)
(3.72815 0.231184 -2.71051e-20)
(3.70104 0.154319 1.35525e-19)
(3.63571 0.142402 -2.71051e-20)
(3.47646 0.184407 -1.0842e-19)
(3.46795 0.120225 -5.42101e-20)
(7.06858 -1.75824e-33 1.53439e-35)
(5.8992 -1.85735e-33 1.62088e-35)
(5.6621 -1.87744e-33 1.63842e-35)
(7.40076 -1.73005e-33 1.5098e-35)
(6.61396 -1.79677e-33 1.56802e-35)
(7.78885 0.269789 0)
(7.72871 0.241636 0)
(7.59163 0.238016 0)
(7.75363 0.0766457 2.71051e-20)
(7.77592 0.111902 2.71051e-20)
(7.54478 0.135857 0)
(7.41525 0.224222 8.13152e-20)
(7.44188 0.146125 0)
(7.33071 0.193986 5.42101e-20)
(7.11209 0.248175 2.71051e-20)
(7.15676 0.210689 -5.42101e-20)
(7.17618 0.067511 2.71051e-20)
(7.20839 0.0869823 -3.38813e-20)
(7.14769 0.171444 0)
(7.14934 0.161873 0)
(7.08817 0.0541926 3.38813e-20)
(7.05055 0.0227769 0)
(7.01153 0.166164 8.13152e-20)
(6.84916 0.194922 -2.71051e-20)
(6.77748 0.219676 0)
(6.57161 0.273872 -5.42101e-20)
(6.77026 0.107744 0)
(6.76386 0.123278 2.03288e-20)
(6.70679 0.0950158 0)
(6.57634 0.210249 0)
(6.54723 0.203082 -2.71051e-20)
(6.46452 0.106219 2.71051e-20)
(6.31455 0.223632 0)
(6.38439 0.173289 0)
(6.35654 0.161213 0)
(6.23678 0.223892 0)
(6.29319 0.10784 -4.06576e-20)
(6.04268 0.312845 0)
(6.15832 0.151448 0)
(6.10912 0.219123 0)
(6.01972 0.265817 -5.42101e-20)
(6.1344 0.190075 0)
(6.09557 0.202307 0)
(6.08157 0.139127 6.09864e-20)
(5.89911 0.234591 0)
(5.84233 0.245944 0)
(5.80688 0.115438 0)
(5.68452 0.234149 -2.1684e-19)
(5.68385 0.112432 0)
(5.61949 0.177344 0)
(5.57838 0.230315 5.42101e-20)
(5.56286 0.251231 1.0842e-19)
(5.54388 0.257196 1.0842e-19)
(5.49843 0.182017 0)
(5.4793 0.207585 0)
(5.43865 0.168712 0)
(5.41338 0.167032 0)
(5.38998 0.124623 -1.0842e-19)
(5.33098 0.216816 0)
(5.34188 0.155737 0)
(10.8552 -1.43732e-33 1.25433e-35)
(10.9197 -1.43184e-33 1.24955e-35)
(9.11716 -1.58462e-33 1.38287e-35)
(10.2294 -1.49035e-33 1.30061e-35)
(8.96949 -1.59713e-33 1.3938e-35)
(10.353 -1.47987e-33 1.29147e-35)
(8.99917 -1.59462e-33 1.3916e-35)
(10.0972 -1.50156e-33 1.31039e-35)
(10.0631 -1.50445e-33 1.31291e-35)
(9.5644 -1.54671e-33 1.34979e-35)
(10.4495 -1.47166e-33 1.28436e-35)
(10.6291 -1.45647e-33 1.27104e-35)
(10.8911 0.233542 1.0842e-19)
(10.81 0.183041 -5.42101e-20)
(10.4705 0.240608 -1.6263e-19)
(10.909 0.0941777 5.42101e-20)
(10.8022 0.110184 0)
(10.4585 0.250412 5.42101e-20)
(10.5267 0.183701 8.80914e-20)
(10.5 0.175788 -1.0842e-19)
(10.4428 0.198646 -2.71051e-20)
(10.5073 0.156338 -1.0842e-19)
(10.3722 0.174593 -5.42101e-20)
(10.2169 0.212322 1.0842e-19)
(9.78336 0.427734 2.1684e-19)
(10.3883 0.0629853 1.69407e-21)
(10.1988 0.20536 1.0842e-19)
(10.2936 0.0786992 0)
(9.69537 0.422768 0)
(10.1378 0.0624414 -2.71051e-20)
(9.69425 0.255182 0)
(9.96053 0.0105309 0)
(9.74915 0.195448 5.42101e-20)
(9.86195 0.0329435 2.71051e-20)
(9.52314 0.308078 0)
(9.72728 0.118561 1.35525e-20)
(9.61593 0.149541 0)
(9.4943 0.211974 1.0842e-19)
(9.34877 0.287091 -5.42101e-20)
(9.51542 0.181321 0)
(9.60385 0.0321451 1.35525e-20)
(9.49168 0.18953 -1.0842e-19)
(9.33364 0.25304 -3.38813e-20)
(9.44976 0.170167 -1.01644e-19)
(9.49896 0.039896 0)
(9.42433 0.156464 0)
(9.07375 0.429748 -2.1684e-19)
(9.4149 0.0954284 -5.42101e-20)
(9.28112 0.203264 1.35525e-20)
(9.35987 0.0323518 -1.69407e-21)
(9.3059 0.0778494 4.06576e-20)
(9.18153 0.230103 -3.38813e-20)
(9.26632 0.152211 1.0842e-19)
(9.18824 0.0963932 0)
(9.15419 0.131626 0)
(8.92132 0.30191 -3.04932e-20)
(9.00155 0.167466 2.03288e-20)
(8.89934 0.225991 0)
(8.9818 0.134081 -1.0842e-19)
(8.93131 0.128257 -2.71051e-20)
(8.92655 0.0585741 2.71051e-20)
(8.90156 0.10933 0)
(8.47562 0.393168 0)
(8.56733 0.236972 5.42101e-20)
(8.55021 0.190595 1.35525e-20)
(8.54257 0.074541 -1.35525e-20)
(8.4332 0.26956 1.0842e-19)
(8.49085 0.0833314 1.35525e-20)
(8.44851 0.130727 -2.71051e-20)
(8.43398 0.100462 0)
(8.42666 0.132576 -2.71051e-20)
(8.36608 0.142706 5.42101e-20)
(8.3201 0.213942 -2.71051e-20)
(8.29073 0.0534587 1.69407e-20)
(8.1791 0.248073 -5.42101e-20)
(8.21747 0.135522 -1.35525e-20)
(7.99236 0.0585572 0)
(7.99065 0.138578 -2.1684e-19)
(7.98025 0.0817346 -5.42101e-20)
(7.95584 0.189585 -5.42101e-20)
(7.92435 0.0808104 -4.06576e-20)
(7.90595 0.253326 8.13152e-20)
(7.87273 0.285124 -5.42101e-20)
(7.85837 0.0515888 -1.35525e-20)
(7.8474 0.155637 5.42101e-20)
(13.0111 -1.25459e-33 1.09487e-35)
(13.2921 -1.23078e-33 1.07408e-35)
(13.6898 -1.19702e-33 1.04471e-35)
(13.4366 -1.21854e-33 1.0634e-35)
(13.3363 -1.22703e-33 1.07082e-35)
(13.9665 -1.17279e-33 1.02348e-35)
(12.5242 -1.29587e-33 1.13088e-35)
(13.4098 -1.2208e-33 1.06538e-35)
(12.354 -1.31029e-33 1.14347e-35)
(12.3154 -1.31356e-33 1.14633e-35)
(12.0712 -1.33426e-33 1.16439e-35)
(12.2834 -1.31627e-33 1.14869e-35)
(14.0083 1.03173e-28 -9.00374e-31)
(11.9073 -1.34815e-33 1.17651e-35)
(12.5792 2.65547e-29 2.31762e-31)
(11.8862 -1.34993e-33 1.17807e-35)
(13.02 -1.25384e-33 1.09421e-35)
(11.9378 -1.34556e-33 1.17426e-35)
(13.7642 -1.19077e-33 1.03917e-35)
(11.6534 -1.36966e-33 1.19528e-35)
(12.0805 6.42539e-25 5.60735e-27)
(11.5574 -1.3778e-33 1.20239e-35)
(13.945 -1.17545e-33 1.0258e-35)
(11.9407 -1.34532e-33 1.17404e-35)
(11.1944 -1.40857e-33 1.22924e-35)
(11.8677 -1.3515e-33 1.17944e-35)
(13.9976 -1.17099e-33 1.0219e-35)
(11.0231 -1.42309e-33 1.24191e-35)
(11.011 -1.42411e-33 1.2428e-35)
(13.5962 0.519319 3.25261e-19)
(13.9019 0.336254 -2.1684e-19)
(13.5981 0.486296 2.71051e-20)
(13.7856 0.250161 -1.6263e-19)
(14.0874 0.109289 -5.42101e-20)
(13.5541 0.357122 2.1684e-19)
(13.4632 0.35046 0)
(13.8177 0.207539 0)
(13.2307 0.467981 1.35525e-20)
(14.0154 0.063728 -2.71051e-20)
(13.8972 0.0969662 2.71051e-20)
(13.803 0.123796 -5.42101e-20)
(13.6464 0.203998 8.13152e-20)
(13.6232 0.188807 0)
(13.7534 0.11435 0)
(13.6222 0.163085 1.21973e-19)
(13.2068 0.314819 1.0842e-19)
(13.5614 0.17163 -5.42101e-20)
(13.6374 0.142372 0)
(13.7282 0.0492009 -2.71051e-20)
(13.6435 0.107706 -5.42101e-20)
(13.3825 0.248243 0)
(13.0938 0.357825 3.25261e-19)
(13.4928 0.132652 0)
(13.4546 0.0916156 -1.01644e-20)
(13.2979 0.161544 -1.0842e-19)
(12.7288 0.442398 2.1684e-19)
(13.315 0.0398945 0)
(13.1307 0.161417 -5.42101e-20)
(13.2294 0.00983657 1.972e-21)
(12.6866 0.403019 0)
(12.9758 0.182408 1.0842e-19)
(12.9154 0.193669 0)
(12.5389 0.504402 -2.1684e-19)
(13.0027 0.0842643 0)
(12.772 0.212968 0)
(12.9597 0.0859028 0)
(12.8974 0.12807 0)
(12.5694 0.332098 1.0842e-19)
(12.6647 0.219028 1.0842e-19)
(12.7632 0.0819854 -1.35525e-20)
(12.6378 0.14752 0)
(12.632 0.153259 1.0842e-19)
(12.5392 0.205031 -5.42101e-20)
(12.616 0.130107 5.42101e-20)
(12.4535 0.215023 5.42101e-20)
(12.1764 0.41921 1.0842e-19)
(12.3438 0.205094 1.6263e-19)
(12.3623 0.186017 0)
(12.2484 0.272192 5.42101e-20)
(12.3971 0.044155 0)
(12.3232 0.118916 -6.77626e-21)
(12.0162 0.400583 0)
(12.0877 0.228668 -2.71051e-20)
(12.153 0.147463 6.77626e-20)
(12.1291 0.129484 0)
(12.148 0.0600802 -1.35525e-20)
(12.1189 0.123404 -2.71051e-20)
(12.1069 0.141692 -2.71051e-20)
(11.806 0.492986 0)
(12.026 0.0543568 2.71051e-20)
(11.7922 0.30413 8.13152e-20)
(11.8769 0.147481 -2.1684e-19)
(11.701 0.186426 -2.03288e-20)
(11.6854 0.180053 -8.13152e-20)
(11.4784 0.531118 -8.13152e-20)
(11.4235 0.454592 2.71051e-20)
(11.5215 0.127426 -8.47033e-22)
(11.4713 0.139324 0)
(11.4039 0.188353 0)
(11.3335 0.395099 -1.0842e-19)
(11.3691 0.0445751 0)
(11.3554 0.0725912 -1.35525e-20)
(11.3353 0.0688579 0)
(11.1852 0.485208 0)
(11.1741 0.206059 0)
(11.1758 0.156334 5.42101e-20)
(11.1709 0.0963013 -1.35525e-20)
(11.1294 0.204504 -5.42101e-20)
(11.1157 0.202395 -1.0842e-19)
(11.1142 0.187156 -1.0842e-19)
(11.0817 0.0353004 -6.77626e-21)
(11.0424 0.00167401 0)
(11.0047 0.230559 -6.26804e-20)
(11.0033 0.0302828 -2.5411e-21)
(10.9773 0.248348 0)
(10.9652 0.301018 -5.42101e-20)
(10.9671 0.11229 2.71051e-20)
(10.9489 0.175148 1.0842e-19)
(16.9964 -9.16829e-34 8.00104e-36)
(16.4801 -9.60589e-34 8.38293e-36)
(16.5884 -9.51414e-34 8.30286e-36)
(16.0886 -9.93766e-34 8.67246e-36)
(16.0515 -9.96913e-34 8.69992e-36)
(18.9614 -7.50292e-34 6.54769e-36)
(18.5183 -7.87849e-34 6.87546e-36)
(17.3766 -8.8461e-34 7.71987e-36)
(16.8838 -9.26377e-34 8.08437e-36)
(17.3098 -8.90271e-34 7.76928e-36)
(15.8596 -1.01318e-33 8.8419e-36)
(18.3933 -7.98442e-34 6.9679e-36)
(18.4444 -7.94111e-34 6.9301e-36)
(16.1393 -9.89477e-34 8.63503e-36)
(18.4967 -7.89674e-34 6.89138e-36)
(15.2843 -1.06194e-33 9.2674e-36)
(17.7244 -8.55132e-34 7.46263e-36)
(18.8816 -7.5706e-34 6.60676e-36)
(18.0492 7.78818e-29 6.79679e-31)
(18.8194 -7.6233e-34 6.65275e-36)
(15.1001 4.08819e-23 3.56771e-25)
(16.3908 -9.68155e-34 8.44896e-36)
(15.096 -1.07789e-33 9.40663e-36)
(18.5332 -7.86581e-34 6.86439e-36)
(17.7033 -8.56918e-34 7.47821e-36)
(16.3905 -9.6818e-34 8.44918e-36)
(15.0348 -1.08308e-33 9.45192e-36)
(18.6991 -7.72527e-34 6.74174e-36)
(18.726 -7.70244e-34 6.72182e-36)
(16.5711 -9.52876e-34 8.31562e-36)
(17.9713 -8.34209e-34 7.28003e-36)
(15.8833 -1.01117e-33 8.82431e-36)
(16.1485 -9.88689e-34 8.62816e-36)
(15.5772 -1.03712e-33 9.05077e-36)
(16.3133 -9.74723e-34 8.50628e-36)
(15.2473 -1.06507e-33 9.29474e-36)
(18.7348 -7.69494e-34 6.71528e-36)
(14.7634 -1.10608e-33 9.65265e-36)
(16.4588 -9.62394e-34 8.39869e-36)
(16.7089 -9.41194e-34 8.21367e-36)
(17.2781 -8.9296e-34 7.79275e-36)
(16.1486 -9.88682e-34 8.6281e-36)
(14.6762 -1.11347e-33 9.71714e-36)
(17.488 1.00869e-22 8.80272e-25)
(18.327 -8.04058e-34 7.01691e-36)
(14.6481 1.81778e-29 1.58654e-31)
(18.4346 -7.94944e-34 6.93737e-36)
(17.0664 -9.10899e-34 7.9493e-36)
(16.3976 -9.67584e-34 8.44398e-36)
(19.0125 -5.35918e-34 4.67689e-36)
(16.7665 -9.36313e-34 8.17108e-36)
(18.3894 -7.98768e-34 6.97075e-36)
(19.0898 -7.39411e-34 6.45274e-36)
(16.5297 -9.56382e-34 8.34622e-36)
(14.5041 -1.12806e-33 9.84444e-36)
(14.4919 -1.12909e-33 9.85346e-36)
(16.5046 -9.5851e-34 8.36479e-36)
(19.0244 -7.44955e-34 6.50112e-36)
(14.9498 -1.09029e-33 9.51478e-36)
(17.7249 -8.55089e-34 7.46225e-36)
(14.4139 -1.13571e-33 9.91117e-36)
(17.9447 -8.36465e-34 7.29972e-36)
(15.8364 -1.01515e-33 8.85904e-36)
(14.3652 -1.13983e-33 9.94714e-36)
(16.7656 -9.36396e-34 8.17181e-36)
(18.0596 -8.26722e-34 7.2147e-36)
(17.2766 -8.93082e-34 7.79381e-36)
(15.4409 -1.04866e-33 9.15154e-36)
(16.3643 1.28396e-27 -1.12049e-29)
(18.3596 1.83907e-29 1.60507e-31)
(16.0736 -9.95044e-34 8.68361e-36)
(14.2521 2.86807e-22 -2.50293e-24)
(17.4415 -8.79111e-34 7.67188e-36)
(14.2212 -1.15204e-33 1.00537e-35)
(14.2287 -1.1514e-33 1.00482e-35)
(14.6536 -1.11539e-33 9.73387e-36)
(18.7451 -7.68622e-34 6.70766e-36)
(14.2021 -1.15365e-33 1.00678e-35)
(19.091 0.450647 -4.33681e-19)
(18.8074 0.302031 -2.1684e-19)
(18.708 0.35446 -5.42101e-20)
(18.9376 0.393442 8.13152e-20)
(18.4546 0.409478 -5.42101e-20)
(19.1083 0.119141 -2.71051e-20)
(18.5571 0.305775 0)
(18.6914 0.255465 0)
(19.0004 0.191131 0)
(18.5278 0.241976 1.0842e-19)
(18.3123 0.214542 1.0842e-19)
(18.751 0.20484 5.42101e-20)
(19.1165 0.0468328 0)
(17.6669 0.620509 1.0842e-19)
(18.6712 0.120194 -5.42101e-20)
(18.8209 0.11864 -4.74338e-20)
(18.9859 0.00487441 3.38813e-21)
(14.1531 -1.15781e-33 1.01041e-35)
(18.681 0.111032 0)
(18.9297 0.059606 1.35525e-20)
(18.3514 0.205161 -1.0842e-19)
(18.6659 0.0241025 0)
(18.3095 0.178323 5.42101e-20)
(17.774 0.318077 -2.1684e-19)
(18.0209 0.207436 0)
(18.4827 0.0386276 0)
(17.9706 0.373811 0)
(18.2819 0.144382 3.72694e-20)
(17.7889 0.268491 0)
(17.444 0.444842 1.0842e-19)
(18.1195 0.131275 0)
(17.8405 0.198595 -5.05837e-20)
(18.3551 0.0729407 2.71051e-20)
(18.3153 0.0280931 7.6233e-21)
(18.2129 0.00562649 0)
(17.4868 0.274432 0)
(17.7198 0.24341 5.42101e-20)
(17.7106 0.152683 -5.42101e-20)
(17.761 0.130172 5.42101e-20)
(16.5394 0.899234 1.0842e-19)
(17.1263 0.327232 0)
(17.5021 0.170484 0)
(17.3803 0.144879 2.71051e-20)
(17.3009 0.248326 1.0842e-19)
(16.9806 0.267902 5.42101e-20)
(17.2319 0.119202 2.71051e-20)
(16.7729 0.330327 0)
(17.1664 0.141664 1.0842e-19)
(17.2463 0.0526007 0)
(16.6402 0.384282 0)
(17.135 0.104529 -2.71051e-20)
(16.8289 0.196095 1.0842e-19)
(16.6501 0.293071 2.71051e-20)
(16.8996 0.121125 -5.42101e-20)
(16.4734 0.360024 0)
(16.7794 0.255942 0)
(16.9333 0.104241 -2.71051e-20)
(16.2078 0.527289 -2.1684e-19)
(16.5233 0.310103 5.42101e-20)
(16.3658 -9.7028e-34 8.46751e-36)
(16.5464 0.236766 5.42101e-20)
(16.3312 0.38483 2.1684e-19)
(16.5453 0.19161 0)
(16.6579 0.108082 -1.69407e-20)
(16.6768 0.102963 5.42101e-20)
(16.5124 0.185045 2.03288e-20)
(16.2147 0.376581 4.06576e-20)
(16.4988 0.169656 0)
(16.1242 0.279986 0)
(16.1979 0.176071 0)
(16.2707 0.101245 0)
(16.0619 0.188508 -5.42101e-20)
(16.0091 0.0913204 5.42101e-20)
(15.7596 0.176245 0)
(15.8064 0.205189 -5.42101e-20)
(15.771 0.173897 -1.0842e-19)
(15.5893 0.357942 0)
(15.6046 0.296165 0)
(15.7322 0.170129 0)
(15.6333 0.106566 5.42101e-20)
(15.7116 0.03905 0)
(15.5551 0.18325 7.45389e-20)
(15.6368 0.0214675 1.05879e-20)
(15.3205 0.315088 1.0842e-19)
(15.4757 0.121792 -4.06576e-20)
(15.4339 0.142411 0)
(15.3135 0.302293 6.77626e-21)
(15.3678 0.19732 5.42101e-20)
(15.2865 0.241043 2.1684e-19)
(15.3548 0.126544 -2.71051e-20)
(15.2085 0.2331 1.0842e-19)
(15.3428 0.10429 5.0822e-21)
(15.1843 0.154031 0)
(15.1067 0.23815 0)
(15.2194 0.0838529 1.35525e-20)
(15.2038 0.0995283 -2.71051e-20)
(15.0718 0.388776 5.42101e-20)
(15.0264 0.163602 -6.77626e-21)
(15.0451 0.145486 -1.35525e-20)
(14.9864 0.242485 0)
(14.952 0.207466 0)
(14.809 0.357201 1.35525e-19)
(14.8512 0.204453 5.42101e-20)
(14.785 0.172744 -1.35525e-20)
(14.8526 0.0219467 0)
(14.7518 0.208241 -1.69407e-20)
(14.6554 0.228188 0)
(14.6001 0.613418 0)
(14.6011 0.399762 -2.1684e-19)
(14.4905 0.604036 1.20279e-19)
(14.4661 0.172953 2.71051e-20)
(14.4842 0.115062 2.71051e-20)
(14.474 0.0840905 -2.71051e-20)
(14.4181 0.161482 3.55754e-20)
(14.406 0.153977 -5.42101e-20)
(14.3642 0.260085 2.71051e-20)
(14.3544 0.167019 -2.71051e-20)
(14.2639 0.231084 0)
(23.3763 -3.76123e-34 3.28237e-36)
(23.1706 -3.93555e-34 3.4345e-36)
(21.1892 -5.6148e-34 4.89996e-36)
(22.4647 -4.52397e-34 3.94801e-36)
(22.6053 -4.41464e-34 3.8526e-36)
(20.8345 -5.91543e-34 5.16231e-36)
(22.7132 -4.32318e-34 3.77278e-36)
(20.8721 -5.88354e-34 5.13448e-36)
(24.3383 -2.94591e-34 2.57085e-36)
(23.2735 -3.84837e-34 3.35842e-36)
(21.992 -4.9344e-34 4.30619e-36)
(23.6602 -3.52061e-34 3.07239e-36)
(20.6784 -6.04774e-34 5.27778e-36)
(24.339 -2.94527e-34 2.5703e-36)
(24.4066 -2.88796e-34 2.52029e-36)
(20.6477 -6.07373e-34 5.30047e-36)
(22.7198 -4.31763e-34 3.76794e-36)
(22.5656 1.15666e-27 1.00941e-29)
(22.639 1.21289e-20 1.05848e-22)
(23.8769 -3.33692e-34 2.91208e-36)
(20.6891 -6.03863e-34 5.26983e-36)
(21.0033 -5.77239e-34 5.03749e-36)
(21.5003 -5.35114e-34 4.6699e-36)
(21.0865 -5.70184e-34 4.97592e-36)
(20.8032 -5.94198e-34 5.18549e-36)
(23.762 -3.43431e-34 2.99708e-36)
(23.5784 -3.58996e-34 3.13291e-36)
(23.2204 -3.89335e-34 3.39768e-36)
(22.8832 -4.17915e-34 3.64709e-36)
(22.8807 -4.18124e-34 3.64891e-36)
(21.7294 -5.15695e-34 4.5004e-36)
(22.1425 -4.80689e-34 4.19491e-36)
(23.5225 1.42669e-27 1.24505e-29)
(22.1707 -4.78298e-34 4.17404e-36)
(20.4411 -6.24882e-34 5.45326e-36)
(24.2007 -3.06247e-34 2.67258e-36)
(21.0089 -5.76759e-34 5.0333e-36)
(22.3805 -4.60521e-34 4.0189e-36)
(20.8632 -5.89112e-34 5.14111e-36)
(24.3695 -2.9194e-34 2.54773e-36)
(22.961 -4.11316e-34 3.5895e-36)
(24.4924 -2.81531e-34 2.45688e-36)
(20.3606 4.81911e-26 4.20557e-28)
(22.5567 -4.45584e-34 3.88855e-36)
(23.5114 -3.64673e-34 3.18246e-36)
(23.3202 -3.80874e-34 3.32384e-36)
(21.5253 2.01617e-26 -1.75949e-28)
(23.5827 -3.58627e-34 3.12969e-36)
(20.3222 -6.34962e-34 5.54123e-36)
(23.0343 -4.05103e-34 3.53528e-36)
(20.481 -6.21502e-34 5.42376e-36)
(22.0919 -4.84979e-34 4.23234e-36)
(21.2682 -5.54788e-34 4.84156e-36)
(22.2384 -4.72562e-34 4.12399e-36)
(24.1151 -3.13509e-34 2.73595e-36)
(24.5009 -2.8081e-34 2.45059e-36)
(22.734 -4.30553e-34 3.75738e-36)
(21.5478 -5.31088e-34 4.63473e-36)
(23.1607 -3.94393e-34 3.44182e-36)
(20.2366 -6.42221e-34 5.60458e-36)
(22.095 -4.84711e-34 4.23001e-36)
(21.083 -5.70482e-34 4.97852e-36)
(23.3287 -3.80155e-34 3.31756e-36)
(24.0655 -3.17711e-34 2.77262e-36)
(23.1006 -3.99487e-34 3.48627e-36)
(22.4267 -4.56602e-34 3.9847e-36)
(21.4875 -5.36199e-34 4.67934e-36)
(22.9762 -4.10033e-34 3.5783e-36)
(24.3045 -2.97452e-34 2.59583e-36)
(21.7147 -5.16946e-34 4.51132e-36)
(21.7821 -5.11232e-34 4.46146e-36)
(23.3713 -3.76542e-34 3.28603e-36)
(22.7423 -4.29851e-34 3.75125e-36)
(21.9052 -5.00799e-34 4.37041e-36)
(22.3791 -4.60633e-34 4.01989e-36)
(22.7812 -4.26558e-34 3.72251e-36)
(21.7121 -5.17169e-34 4.51327e-36)
(20.5326 -6.17127e-34 5.38559e-36)
(21.6047 -5.26271e-34 4.59269e-36)
(21.0091 -5.76744e-34 5.03317e-36)
(20.1824 -6.46811e-34 5.64463e-36)
(22.1987 -4.75926e-34 4.15334e-36)
(21.3443 -5.4834e-34 4.78529e-36)
(20.0314 8.93464e-20 7.79714e-22)
(21.6746 -5.20343e-34 4.54097e-36)
(20.8571 -5.8963e-34 5.14562e-36)
(20.6515 -6.07051e-34 5.29765e-36)
(23.4965 -3.65935e-34 3.19346e-36)
(23.1436 -3.9584e-34 3.45445e-36)
(20.0029 -6.62022e-34 5.77737e-36)
(21.3938 -5.44142e-34 4.74865e-36)
(23.7518 -3.44299e-34 3.00465e-36)
(24.1217 -3.12942e-34 2.731e-36)
(24.2622 3.30275e-21 2.88227e-23)
(21.7398 3.03174e-20 -2.64576e-22)
(21.9377 -4.98041e-34 4.34634e-36)
(22.8166 -4.23557e-34 3.69633e-36)
(22.1642 -4.78845e-34 4.17882e-36)
(23.5306 4.62359e-28 -4.03495e-30)
(20.5207 -6.18142e-34 5.39444e-36)
(22.6776 -4.35337e-34 3.79913e-36)
(20.8408 -5.91009e-34 5.15766e-36)
(23.2854 -3.83826e-34 3.3496e-36)
(22.6981 -4.33601e-34 3.78398e-36)
(19.9272 -6.6844e-34 5.83339e-36)
(22.9762 4.38897e-21 3.8302e-23)
(20.8164 -5.93081e-34 5.17574e-36)
(19.9031 -6.70486e-34 5.85124e-36)
(19.9076 -6.70099e-34 5.84786e-36)
(21.1804 -5.62231e-34 4.90652e-36)
(21.2677 -5.54832e-34 4.84194e-36)
(20.7919 -5.9515e-34 5.1938e-36)
(21.5281 2.68767e-26 -2.34549e-28)
(24.0748 -3.16921e-34 2.76573e-36)
(19.8571 -6.74383e-34 5.88525e-36)
(19.8659 2.87267e-30 2.50812e-32)
(24.4685 -2.83551e-34 2.47451e-36)
(20.1317 -6.51109e-34 5.68214e-36)
(24.0378 4.04372e-22 -3.5289e-24)
(19.935 -6.67779e-34 5.82762e-36)
(24.2773 -2.99755e-34 2.61592e-36)
(20.8989 -5.86085e-34 5.11468e-36)
(21.814 -5.0853e-34 4.43787e-36)
(23.3697 -3.76678e-34 3.28722e-36)
(24.1323 -3.1205e-34 2.72322e-36)
(23.06 -4.02925e-34 3.51627e-36)
(23.1226 -3.97626e-34 3.47003e-36)
(22.6515 -4.37552e-34 3.81846e-36)
(20.5928 -6.12031e-34 5.34111e-36)
(22.269 -4.69968e-34 4.10135e-36)
(22.0631 -4.87414e-34 4.2536e-36)
(23.8746 -3.33889e-34 2.9138e-36)
(20.6216 -6.09591e-34 5.31982e-36)
(19.9373 -6.67587e-34 5.82594e-36)
(22.0768 -4.86254e-34 4.24347e-36)
(19.7474 -6.83682e-34 5.9664e-36)
(24.4324 -2.86611e-34 2.50121e-36)
(20.2116 -6.44336e-34 5.62304e-36)
(20.7618 -5.97708e-34 5.21612e-36)
(23.9153 -3.30437e-34 2.88368e-36)
(20.4737 7.79848e-06 -2.46576e-15)
(23.5959 -3.5751e-34 3.11994e-36)
(21.1713 -5.63001e-34 4.91324e-36)
(19.6838 -6.89067e-34 6.0134e-36)
(19.7946 -6.79675e-34 5.93144e-36)
(19.7114 -6.86733e-34 5.99303e-36)
(23.4629 -3.68782e-34 3.21831e-36)
(20.5058 -6.19404e-34 5.40546e-36)
(21.633 -5.23871e-34 4.57176e-36)
(24.2039 -3.05982e-34 2.67027e-36)
(24.2839 -2.99201e-34 2.61109e-36)
(21.3 -5.52096e-34 4.81807e-36)
(23.3478 -3.78539e-34 3.30346e-36)
(19.9458 -6.66863e-34 5.81963e-36)
(19.5778 -6.98055e-34 6.09183e-36)
(20.4928 -6.20502e-34 5.41504e-36)
(22.3893 -4.59768e-34 4.01233e-36)
(19.5434 -7.00963e-34 6.11721e-36)
(23.9714 -3.25684e-34 2.84221e-36)
(21.8635 -5.04335e-34 4.40127e-36)
(21.7921 -5.10388e-34 4.45409e-36)
(20.18 -6.47011e-34 5.64638e-36)
(23.0962 -3.99857e-34 3.4895e-36)
(19.5227 -5.44329e-34 7.5148e-36)
(20.6594 2.67982e-26 -2.33864e-28)
(23.6057 -3.56682e-34 3.11272e-36)
(19.4873 2.43697e-21 2.12671e-23)
(19.4885 -7.05622e-34 6.15787e-36)
(21.2864 -5.53244e-34 4.82809e-36)
(21.7091 -5.17421e-34 4.51546e-36)
(23.3487 -3.78455e-34 3.30273e-36)
(22.3845 -4.60182e-34 4.01594e-36)
(19.4363 -7.10047e-34 6.19648e-36)
(20.2016 -6.4518e-34 5.6304e-36)
(21.6858 -5.19397e-34 4.53271e-36)
(19.4327 -7.10351e-34 6.19914e-36)
(20.7828 -5.9593e-34 5.2006e-36)
(19.4228 -7.11191e-34 6.20647e-36)
(23.6 -3.57163e-34 3.11692e-36)
(20.1256 -6.51628e-34 5.68667e-36)
(22.2774 -4.69257e-34 4.09515e-36)
(22.4612 -4.53674e-34 3.95915e-36)
(21.7311 -5.15559e-34 4.49921e-36)
(21.5203 7.54793e-27 6.58698e-29)
(23.0222 -4.06135e-34 3.54429e-36)
(23.5158 -3.64299e-34 3.17919e-36)
(22.3139 3.83003e-28 -3.34242e-30)
(22.5981 -4.42073e-34 3.85791e-36)
(21.7417 -5.14655e-34 4.49133e-36)
(19.7239 -6.8567e-34 5.98375e-36)
(21.7623 -5.12909e-34 4.47609e-36)
(20.404 -6.28028e-34 5.48072e-36)
(20.0883 -6.54787e-34 5.71424e-36)
(22.9448 -4.12689e-34 3.60148e-36)
(24.4425 -2.85758e-34 2.49377e-36)
(20.9917 -5.78217e-34 5.04602e-36)
(19.275 -7.23713e-34 6.31574e-36)
(20.1401 -6.50397e-34 5.67593e-36)
(19.2604 -7.24951e-34 6.32655e-36)
(24.0244 -3.21191e-34 2.80299e-36)
(21.9263 -4.99009e-34 4.35479e-36)
(19.85 -6.74979e-34 5.89045e-36)
(23.9985 -3.23386e-34 2.82214e-36)
(21.6959 -5.18541e-34 4.52524e-36)
(21.0845 -4.32175e-34 3.77153e-36)
(22.7015 -4.33315e-34 3.78148e-36)
(24.4324 -2.86617e-34 2.50127e-36)
(19.1954 -7.30461e-34 6.37464e-36)
(19.1933 -7.30639e-34 6.37619e-36)
(24.0052 1.75674e-21 1.53309e-23)
(23.6364 -3.54074e-34 3.08996e-36)
(22.6988 -4.3354e-34 3.78345e-36)
(24.0869 1.10033 -4.33681e-19)
(22.4494 -4.54678e-34 3.96792e-36)
(24.1354 0.792988 -2.1684e-19)
(24.3886 0.549589 -1.0842e-19)
(19.18 -7.31766e-34 6.38603e-36)
(23.9889 0.501174 2.71051e-19)
(19.1746 -7.32225e-34 6.39003e-36)
(24.2753 0.523884 4.33681e-19)
(23.883 0.482335 -1.0842e-19)
(23.9027 0.489361 0)
(24.0208 0.388034 0)
(23.4602 0.646398 -4.33681e-19)
(24.4073 0.280299 5.42101e-20)
(24.2186 0.207607 1.0842e-19)
(24.2775 0.124278 0)
(23.9885 0.207235 0)
(24.4096 0.0902166 2.71051e-20)
(24.337 0.121414 -7.11508e-20)
(24.334 0.0746801 0)
(24.2678 0.173921 0)
(24.1501 0.115054 0)
(24.0266 0.136882 -5.42101e-20)
(23.777 0.266127 2.1684e-19)
(23.635 0.240765 0)
(23.1564 0.459032 2.1684e-19)
(23.5121 0.246521 -2.71051e-20)
(23.4899 0.215562 -1.0842e-19)
(23.1937 0.299314 0)
(23.3809 0.329068 1.35525e-20)
(23.6018 0.00941435 6.77626e-21)
(23.3361 0.159921 0)
(22.8204 0.633024 0)
(23.1173 0.222494 -5.42101e-20)
(19.4027 -7.12892e-34 6.22131e-36)
(23.0879 0.142381 1.35525e-20)
(22.6305 0.336956 -1.0842e-19)
(23.2048 0.0872745 0)
(23.0583 0.182741 1.0842e-19)
(22.9455 0.256279 0)
(22.8012 0.252254 0)
(22.5873 0.355581 0)
(22.9265 0.149671 1.35525e-20)
(22.9572 0.10625 0)
(23.0603 0.0523405 -1.35525e-20)
(22.2048 0.597841 -1.6263e-19)
(22.7286 0.00240102 0)
(22.641 0.317434 0)
(22.8269 0.112283 -5.42101e-20)
(22.7962 0.122923 2.03288e-20)
(22.656 0.143444 0)
(22.8472 0.0312942 0)
(22.2064 0.627586 -4.33681e-19)
(22.3821 0.281336 2.71051e-19)
(22.7333 0.0711406 0)
(22.456 0.186959 1.0842e-19)
(22.4097 0.235221 8.13152e-20)
(22.5348 0.0633756 -2.71051e-20)
(22.048 0.506559 -2.1684e-19)
(22.4016 0.135309 1.0842e-19)
(22.4291 0.0399935 2.71051e-20)
(21.7376 0.63161 -1.0842e-19)
(22.229 0.02053 -1.35525e-20)
(22.0585 0.155805 -5.42101e-20)
(21.975 0.167696 0)
(21.839 0.172737 0)
(21.8201 0.205357 -1.0842e-19)
(21.8482 0.133682 0)
(21.8949 0.0734189 1.35525e-20)
(21.8437 0.156398 1.0842e-19)
(21.8383 0.129367 0)
(21.7827 0.146416 -5.42101e-20)
(21.8115 0.0714393 0)
(21.7828 0.0150932 -1.69407e-21)
(21.4434 0.31335 1.0842e-19)
(21.3535 0.292856 0)
(21.4455 0.20828 0)
(21.2439 0.307412 5.42101e-20)
(21.3706 0.212067 -1.0842e-19)
(21.3406 0.0543855 0)
(21.3841 0.195547 -5.42101e-20)
(21.4939 0.0648371 -1.48231e-20)
(21.3238 0.262668 5.42101e-20)
(21.2025 0.231242 5.42101e-20)
(21.2842 0.0343935 3.38813e-21)
(21.2821 0.123267 0)
(21.1885 0.140401 -8.13152e-20)
(21.176 0.0871558 0)
(21.0729 0.141324 -1.35525e-20)
(21.0589 0.0239274 0)
(20.9512 0.306077 1.0842e-19)
(20.9066 0.296511 0)
(20.7839 0.385186 2.1684e-19)
(21.0846 0.0534177 2.71051e-20)
(20.9552 0.167577 2.71051e-20)
(21.0431 0.0655425 5.42101e-20)
(21.054 0.228735 0)
(20.9972 0.00672306 1.69407e-21)
(20.6505 0.351005 5.42101e-20)
(20.7843 0.278971 1.0842e-19)
(20.8261 0.0880196 -3.04932e-20)
(20.4372 0.474796 0)
(20.6335 0.218368 1.0842e-19)
(20.6013 0.115651 -5.42101e-20)
(20.5039 0.19597 -5.42101e-20)
(20.5093 0.0297428 0)
(20.3979 0.142651 0)
(20.4954 0.117661 0)
(20.49 0.116379 0)
(20.5107 0.0211301 -6.77626e-21)
(20.1954 0.389809 2.1684e-19)
(20.4301 0.0868793 2.71051e-20)
(20.1916 0.0416979 0)
(20.2277 0.182908 9.48677e-20)
(20.0502 0.338642 0)
(20.2204 0.0603571 1.69407e-21)
(20.021 0.00953778 0)
(20.0331 0.252064 1.0842e-19)
(19.9416 8.72439e-05 -3.34096e-52)
(20.0534 0.136713 2.71051e-20)
(19.9356 0.0351047 6.77626e-21)
(20.0344 0.159814 5.42101e-20)
(19.9299 0.00839774 2.96462e-21)
(20.0579 0.0919128 6.77626e-21)
(19.9914 0.118017 -2.71051e-20)
(19.9814 0.142426 9.48677e-20)
(19.9612 0.131664 -5.42101e-20)
(19.914 0.158059 4.06576e-20)
(19.8261 0.37177 -1.0842e-19)
(19.8875 0.0620409 0)
(19.8304 0.123724 0)
(19.7555 0.348877 0)
(19.1089 -7.37793e-34 6.43862e-36)
(19.6893 0.413986 2.1684e-19)
(19.6935 0.189459 5.42101e-20)
(19.6691 0.0705494 -1.69407e-20)
(19.6325 0.226672 4.06576e-20)
(19.6028 0.260552 -5.42101e-20)
(19.5723 0.187283 1.0842e-19)
(19.5209 0.100394 1.35525e-20)
(19.4692 0.431694 5.42101e-20)
(19.4145 0.142003 1.0842e-19)
(19.4153 0.0696497 -6.77626e-21)
(19.4147 0.101627 0)
(19.2803 0.0729076 0)
(29.138 1.90711e-128 -1.66431e-130)
(27.4575 -3.02285e-35 2.638e-37)
(27.5799 1.56622e-27 -1.36682e-29)
(29.1584 1.69665e-35 -1.48064e-37)
(29.7143 1.96152e-56 -1.71179e-58)
(28.0419 2.12828e-155 1.85732e-157)
(27.7655 2.28109e-27 1.99068e-29)
(26.5252 -1.09244e-34 9.53358e-37)
(26.9478 -7.34267e-35 6.40785e-37)
(25.9664 -1.56599e-34 1.36662e-36)
(25.9702 -1.56285e-34 1.36387e-36)
(28.4024 3.66356e-157 -3.19714e-159)
(25.7583 -1.74242e-34 1.52059e-36)
(28.9473 2.97392e-156 2.5953e-158)
(28.1916 2.85979e-142 -2.4957e-144)
(26.492 -1.12061e-34 9.77942e-37)
(27.7929 -1.80664e-36 1.57663e-38)
(26.1724 -1.39148e-34 1.21433e-36)
(27.3544 -3.89704e-35 3.40089e-37)
(26.623 -1.00951e-34 8.80984e-37)
(28.6538 2.07231e-158 1.80848e-160)
(29.0925 2.47721e-151 -2.16183e-153)
(26.1076 -1.44636e-34 1.26222e-36)
(28.5171 2.50598e-155 2.18694e-157)
(27.6275 8.24761e-28 7.19758e-30)
(29.5126 5.5876e-37 4.87622e-39)
(26.5755 -1.04983e-34 9.16175e-37)
(26.8592 -8.09335e-35 7.06296e-37)
(28.2034 4.03239e-98 -3.51902e-100)
(28.2438 5.2585e-87 -4.58902e-89)
(28.5401 3.44507e-156 -3.00647e-158)
(29.0228 1.03005e-30 -8.98908e-33)
(28.0499 2.36305e-143 -2.0622e-145)
(26.943 -7.38313e-35 6.44316e-37)
(27.375 -3.72223e-35 3.24834e-37)
(26.7256 -8.37015e-35 7.30452e-37)
(27.5955 -1.85326e-35 1.61732e-37)
(27.2583 -4.71135e-35 4.11153e-37)
(26.8912 -7.82229e-35 6.82641e-37)
(28.7949 3.19305e-87 -2.78653e-89)
(27.9233 1.12339e-142 -9.80369e-145)
(27.1166 -5.91221e-35 5.1595e-37)
(27.9519 6.34819e-51 -5.53998e-53)
(25.9955 -1.54134e-34 1.34511e-36)
(29.6565 0.000790457 0)
(26.8588 -8.09727e-35 7.06638e-37)
(29.2979 0.0570183 -3.38813e-21)
(28.5002 1.67899e-142 -1.46523e-144)
(27.4082 -3.44061e-35 3.00257e-37)
(29.5039 8.92646e-76 -7.79e-78)
(28.6655 3.69118e-50 3.22124e-52)
(25.4912 -1.96875e-34 1.71811e-36)
(25.4724 -1.98469e-34 1.73201e-36)
(28.6304 1.59527e-70 -1.39217e-72)
(27.9268 2.49127e-156 -2.1741e-158)
(25.8953 -1.62633e-34 1.41927e-36)
(25.3667 -2.07433e-34 1.81024e-36)
(28.2059 5.66996e-156 -4.9481e-158)
(28.536 6.18285e-156 -5.39569e-158)
(27.8621 1.05014e-37 9.16441e-40)
(27.5648 -2.11335e-35 1.84429e-37)
(26.5194 -1.09736e-34 9.57654e-37)
(28.5367 5.57605e-156 -4.86615e-158)
(28.2669 2.93282e-155 -2.55943e-157)
(26.6888 -9.53791e-35 8.32361e-37)
(25.6767 -1.81154e-34 1.5809e-36)
(29.082 4.84785e-156 4.23066e-158)
(25.8548 -1.66064e-34 1.44922e-36)
(28.4956 5.36376e-146 4.68088e-148)
(26.0998 -1.45297e-34 1.26799e-36)
(25.6014 -1.87538e-34 1.63662e-36)
(29.6364 1.31783e-142 -1.15006e-144)
(26.9835 -7.03993e-35 6.14365e-37)
(29.6743 4.72315e-108 4.12183e-110)
(26.8711 -7.99241e-35 6.97487e-37)
(25.939 -1.58928e-34 1.38694e-36)
(26.8028 -8.57188e-35 7.48057e-37)
(25.8796 -1.63957e-34 1.43083e-36)
(25.304 -2.12741e-34 1.85656e-36)
(25.4718 -1.98522e-34 1.73247e-36)
(27.277 -4.55274e-35 3.97311e-37)
(26.7456 -9.0565e-35 7.90349e-37)
(25.2841 -2.14432e-34 1.87132e-36)
(29.3354 3.61453e-31 3.15435e-33)
(28.6855 1.22452e-156 -1.06862e-158)
(27.5448 -2.28279e-35 1.99216e-37)
(28.2948 8.09704e-50 7.06618e-52)
(26.6925 -9.50683e-35 8.29649e-37)
(25.2081 -2.20873e-34 1.92753e-36)
(28.0071 1.02945e-156 8.98386e-159)
(27.0413 -6.55006e-35 5.71615e-37)
(26.622 6.91874e-28 -6.03789e-30)
(27.1714 -5.44736e-35 4.75384e-37)
(28.6673 1.28892e-154 1.12482e-156)
(26.8452 -8.21249e-35 7.16693e-37)
(25.9826 4.7203e-21 4.11934e-23)
(25.8659 -1.65124e-34 1.44102e-36)
(26.012 -1.52739e-34 1.33293e-36)
(25.1326 -2.27272e-34 1.98338e-36)
(27.5039 -2.62956e-35 2.29478e-37)
(29.6122 2.93343e-142 -2.55997e-144)
(27.3581 -3.86567e-35 3.37352e-37)
(27.1538 -5.59675e-35 4.88421e-37)
(25.8564 -1.6593e-34 1.44805e-36)
(25.9123 -1.61191e-34 1.40669e-36)
(27.8666 3.87178e-155 3.37885e-157)
(26.488 -1.12394e-34 9.80845e-37)
(25.064 -2.33084e-34 2.0341e-36)
(28.4364 4.85752e-128 -4.23909e-130)
(26.0237 -1.51748e-34 1.32428e-36)
(26.9028 -7.72394e-35 6.74058e-37)
(25.0617 -2.33275e-34 2.03576e-36)
(25.1895 -2.22448e-34 1.94128e-36)
(25.6224 -1.85754e-34 1.62105e-36)
(25.4466 -2.00661e-34 1.75114e-36)
(28.3961 9.95303e-156 -8.68588e-158)
(25.4039 -2.04275e-34 1.78268e-36)
(27.5384 -2.3375e-35 2.03997e-37)
(29.7723 2.00216e-156 1.74726e-158)
(25.0112 -2.37555e-34 2.07311e-36)
(27.3278 -4.1218e-35 3.59704e-37)
(28.3893 3.90763e-77 3.41014e-79)
(24.9792 -2.40272e-34 2.09682e-36)
(28.6268 6.60912e-157 5.76769e-159)
(25.2137 -2.20398e-34 1.92338e-36)
(28.7801 1.12778e-155 -9.84197e-158)
(28.8315 6.50151e-156 -5.67378e-158)
(27.9382 2.23993e-116 1.95476e-118)
(29.281 7.42206e-36 -6.47713e-38)
(28.0105 5.20786e-122 -4.54483e-124)
(25.7111 -1.78237e-34 1.55545e-36)
(29.3985 1.29731e-128 1.13214e-130)
(27.118 -5.90011e-35 5.14895e-37)
(28.4286 1.05228e-155 -9.18309e-158)
(27.5625 -2.13311e-35 1.86153e-37)
(27.7146 -8.44316e-36 7.36823e-38)
(25.4417 -2.01069e-34 1.7547e-36)
(25.725 -1.77067e-34 1.54524e-36)
(26.9933 -6.95709e-35 6.07136e-37)
(26.0454 -1.49906e-34 1.30821e-36)
(29.5089 1.84253e-154 1.60795e-156)
(28.0461 1.58662e-155 -1.38462e-157)
(24.8337 -2.52603e-34 2.20443e-36)
(26.4326 -1.17095e-34 1.02187e-36)
(29.6673 3.41755e-142 2.98245e-144)
(24.8099 -2.54616e-34 2.222e-36)
(24.8021 -2.55278e-34 2.22778e-36)
(24.7795 -2.57195e-34 2.2445e-36)
(24.7909 -2.56226e-34 2.23605e-36)
(26.267 -1.31123e-34 1.1443e-36)
(27.8517 6.42504e-155 5.60704e-157)
(27.9687 6.56248e-46 -5.72699e-48)
(28.5463 2.19399e-50 -1.91466e-52)
(29.2117 2.25788e-150 1.97042e-152)
(28.4938 4.74416e-98 4.14017e-100)
(27.2099 -5.1218e-35 4.46972e-37)
(27.2155 -5.07393e-35 4.42795e-37)
(26.6903 -9.52519e-35 8.3125e-37)
(27.1514 0.0197257 -1.69407e-21)
(24.7423 -2.60353e-34 2.27206e-36)
(24.7123 -2.6289e-34 2.29421e-36)
(26.4396 -1.165e-34 1.01668e-36)
(26.0014 -1.53634e-34 1.34075e-36)
(24.6946 -2.64394e-34 2.30733e-36)
(25.6791 -1.80954e-34 1.57916e-36)
(27.8789 1.1017e-128 9.6144e-131)
(28.4121 2.21718e-155 1.93491e-157)
(26.8369 -8.28294e-35 7.22841e-37)
(29.4239 2.74076e-129 -2.39182e-131)
(24.7741 -2.57652e-34 2.2485e-36)
(24.6348 -2.69461e-34 2.35155e-36)
(29.6949 2.99933e-107 -2.61747e-109)
(28.1764 7.42507e-98 -6.47976e-100)
(26.1367 -1.42167e-34 1.24067e-36)
(27.449 -3.09509e-35 2.70104e-37)
(25.0333 -2.35687e-34 2.05681e-36)
(26.4452 -1.1602e-34 1.01249e-36)
(28.7843 4.68439e-118 4.088e-120)
(28.4246 1.6289e-27 -1.42152e-29)
(25.3583 -2.08143e-34 1.81644e-36)
(27.3774 -3.7014e-35 3.23016e-37)
(27.4304 -3.2523e-35 2.83824e-37)
(28.3854 2.2893e-28 -1.99784e-30)
(25.0442 -2.34765e-34 2.04876e-36)
(29.7885 0.397056 -1.0842e-19)
(28.7908 1.87283 -4.33681e-19)
(29.502 0.379129 2.1684e-19)
(29.7376 0.233221 0)
(29.2327 0.429616 0)
(29.6883 0.218612 -1.0842e-19)
(27.0889 -6.14679e-35 5.36422e-37)
(29.4842 0.239452 -2.37169e-19)
(24.967 -2.41305e-34 2.10584e-36)
(28.6924 0.800491 0)
(26.0574 -1.48894e-34 1.29938e-36)
(29.4508 0.228299 1.0842e-19)
(29.4672 0.204773 0)
(29.4087 0.0903899 0)
(28.8633 0.369989 0)
(29.2695 0.100754 0)
(29.1491 0.250498 1.0842e-19)
(29.1563 0.22406 8.13152e-20)
(29.5266 0.0970975 0)
(29.0712 0.328444 0)
(29.1232 0.382741 -8.13152e-20)
(29.0104 0.273815 0)
(29.0178 0.176008 0)
(28.9114 0.606438 0)
(28.8278 0.337057 -1.18585e-19)
(28.8655 0.255693 -2.1684e-19)
(24.5606 -2.7575e-34 2.40644e-36)
(28.21 0.628166 -2.1684e-19)
(28.4728 0.46235 1.0842e-19)
(28.3394 0.548441 1.01644e-20)
(28.7318 0.315899 -1.35525e-19)
(28.5426 0.601415 0)
(28.6405 0.136587 -4.23516e-22)
(29.1151 0.0338821 0)
(28.7698 0.0695171 2.37169e-20)
(28.6052 0.119408 -2.71051e-20)
(28.7936 0.20808 -3.59989e-21)
(28.5942 0.121466 -5.42101e-20)
(28.5529 0.0160447 1.35525e-20)
(28.6405 0.26582 -1.35525e-20)
(28.6541 0.089016 -4.06576e-20)
(24.5566 -2.76087e-34 2.40938e-36)
(28.2335 0.356835 -5.42101e-20)
(28.356 0.237466 -1.0842e-19)
(28.2269 0.252304 0)
(28.5149 0.153728 -3.38813e-21)
(28.4535 0.0800023 0)
(28.1685 0.264079 0)
(28.0903 0.240324 -1.6263e-19)
(28.1834 0.0415092 5.0822e-21)
(28.1669 0.269428 -5.42101e-20)
(28.2613 0.0150268 5.0822e-21)
(28.1606 0.171616 5.42101e-20)
(28.1933 0.16411 0)
(27.9001 0.427798 5.42101e-20)
(27.9153 0.313528 2.1684e-19)
(24.5485 -2.76775e-34 2.41538e-36)
(27.9705 0.00274385 0)
(27.9303 0.0734547 -6.77626e-21)
(27.7756 0.214899 0)
(27.8674 0.0708674 -5.42101e-20)
(27.8573 0.192994 0)
(27.3616 0.566812 0)
(27.5735 0.382531 0)
(27.8346 0.0478088 1.35525e-20)
(27.7211 0.102258 5.42101e-20)
(27.7137 0.0420603 6.77626e-21)
(27.6494 0.144852 0)
(27.3356 0.365329 1.0842e-19)
(27.0255 0.760517 -2.1684e-19)
(27.5443 0.177678 5.42101e-20)
(27.615 0.0550168 -3.38813e-21)
(27.239 0.426801 0)
(27.2487 0.448888 0)
(27.5101 0.0959375 6.77626e-21)
(27.2937 0.23185 1.49078e-19)
(27.2402 0.176505 0)
(27.1637 0.138428 8.13152e-20)
(27.3612 0.34617 2.1684e-19)
(27.0993 0.074747 5.42101e-20)
(27.1218 0.193048 2.71051e-20)
(26.9479 0.571425 2.71051e-20)
(27.1788 0.0357533 0)
(26.9802 0.0541803 3.38813e-21)
(27.0818 0.124032 5.42101e-20)
(26.9937 0.180499 -5.42101e-20)
(26.9633 0.0300123 6.77626e-21)
(26.9703 0.0871153 2.71051e-20)
(26.6492 0.373495 -1.0842e-19)
(26.5253 0.698342 -1.0842e-19)
(26.7902 0.283891 1.0842e-19)
(26.8494 0.0482706 1.35525e-20)
(26.6968 0.173502 -1.35525e-20)
(26.6608 0.338113 8.13152e-20)
(26.7003 0.0162312 3.38813e-21)
(26.7327 0.0485943 -2.71051e-20)
(26.6193 0.0450666 0)
(26.6617 0.142635 0)
(26.491 0.35705 1.0842e-19)
(26.5457 0.0383917 0)
(26.4613 0.185268 2.43945e-19)
(26.0914 0.799055 2.71051e-20)
(26.1981 0.535106 -2.1684e-19)
(26.4357 0.079068 1.35525e-20)
(26.3996 0.232808 -1.0842e-19)
(26.3174 0.242847 0)
(26.3354 0.00716803 -1.69407e-21)
(26.0423 0.573291 0)
(26.3303 0.0340617 -1.35525e-20)
(26.2913 0.0210989 0)
(26.0895 0.494956 1.77877e-20)
(26.265 0.0295777 -3.38813e-21)
(26.2261 0.23976 2.71051e-20)
(26.1743 0.250399 0)
(25.9582 0.694592 -2.1684e-19)
(26.0498 0.305079 -1.0842e-19)
(26.0669 0.0689618 0)
(26.0663 0.0735023 0)
(25.9579 0.050985 -1.35525e-20)
(25.6832 0.418092 -2.1684e-19)
(25.8259 0.0694809 0)
(25.68 0.232594 0)
(25.6981 0.138782 0)
(25.6277 0.028867 1.69407e-21)
(25.6175 0.11567 -5.42101e-20)
(25.5712 0.147186 0)
(25.5487 0.222917 -5.42101e-20)
(25.5586 0.131684 -9.48677e-20)
(25.5236 0.10562 -2.71051e-20)
(25.3598 0.628136 0)
(25.4703 0.0187666 -5.0822e-21)
(25.4651 0.131327 0)
(25.4464 0.00614824 1.69407e-21)
(25.3754 0.0433708 6.77626e-21)
(25.2287 0.618026 2.1684e-19)
(25.2878 0.178847 0)
(25.287 0.0236655 -1.35525e-20)
(25.2842 0.0837937 0)
(25.279 0.00390371 0)
(25.2437 0.174427 0)
(25.2622 0.124793 1.0842e-19)
(25.1755 0.129224 -5.42101e-20)
(25.1054 0.327315 0)
(25.0944 0.183021 -4.74338e-20)
(25.0427 0.0726951 0)
(24.9068 0.472613 -1.16467e-19)
(24.9002 0.437067 2.71051e-20)
(24.8977 0.320175 -5.42101e-20)
(24.9018 0.269878 8.13152e-20)
(24.9431 0.178358 -4.06576e-20)
(24.8652 0.203098 5.42101e-20)
(24.834 0.45026 -2.30393e-19)
(24.8522 0.00823317 -3.38813e-21)
(24.7763 0.648546 -1.6263e-19)
(24.811 0.0977887 1.0842e-19)
(24.7257 0.118146 -6.77626e-21)
(24.6674 0.809463 -4.33681e-19)
(24.6306 0.225634 -8.13152e-20)
(24.6492 0.0812121 -5.42101e-20)
(24.6349 0.259503 1.0842e-19)
(24.6348 0.0361743 3.38813e-20)
(24.5239 0.287038 0)
(24.5247 0.0605397 3.38813e-21)
(24.5169 0.34003 -2.1684e-19)
(33.678 1.66357e-155 1.45178e-157)
(32.1756 6.31794e-36 5.51358e-38)
(36.2033 9.07788e-77 -7.92214e-79)
(32.4319 1.12542e-35 -9.82138e-38)
(35.6273 1.45681e-108 1.27134e-110)
(34.7378 8.75453e-156 7.63996e-158)
(31.6715 3.63425e-128 -3.17156e-130)
(31.0687 5.6742e-156 -4.9518e-158)
(33.7756 5.64146e-155 4.92323e-157)
(35.4689 6.6651e-56 5.81654e-58)
(34.0678 3.54394e-36 3.09275e-38)
(34.2263 1.46817e-155 -1.28125e-157)
(32.356 2.13118e-155 -1.85986e-157)
(31.0853 9.16814e-156 8.00091e-158)
(33.0006 1.89492e-155 1.65367e-157)
(31.7437 1.65992e-65 1.44859e-67)
(35.1002 2.923e-156 -2.55086e-158)
(34.0137 1.22724e-155 1.071e-157)
(35.2573 9.76174e-156 -8.51894e-158)
(32.6245 6.18414e-92 5.39681e-94)
(35.0599 9.652e-65 -8.42317e-67)
(36.8175 5.40683e-72 -4.71847e-74)
(35.5948 1.04844e-155 9.14956e-158)
(33.7261 4.76768e-72 -4.16069e-74)
(35.92 1.26454e-65 1.10354e-67)
(33.9959 2.05357e-36 1.79213e-38)
(34.8107 1.20073e-155 1.04786e-157)
(31.5368 5.74864e-146 5.01677e-148)
(31.2121 2.06976e-71 1.80625e-73)
(36.2394 5.19661e-83 -4.53501e-85)
(33.7339 1.63428e-71 -1.42621e-73)
(31.1954 1.42473e-128 1.24335e-130)
(36.8987 4.11731e-156 -3.59312e-158)
(33.1756 1.09154e-35 9.52575e-38)
(31.378 2.10946e-35 -1.8409e-37)
(36.6712 2.69426e-156 2.35125e-158)
(34.4451 1.91617e-155 -1.67222e-157)
(33.2953 1.89239e-128 -1.65147e-130)
(31.9125 1.6588e-36 1.44761e-38)
(36.1068 1.22322e-131 1.06749e-133)
(31.1892 8.59277e-22 7.49879e-24)
(32.8186 5.55193e-92 4.84509e-94)
(33.8023 3.38371e-156 -2.95292e-158)
(30.6837 2.52715e-108 -2.20541e-110)
(30.9954 5.33358e-108 -4.65454e-110)
(31.4595 2.13006e-22 1.85888e-24)
(36.8773 8.15105e-156 7.11331e-158)
(34.9162 1.37015e-122 1.19571e-124)
(34.075 1.00373e-154 8.75943e-157)
(36.9955 2.87332e-156 -2.50751e-158)
(36.2269 3.84216e-156 -3.353e-158)
(33.511 2.91783e-71 2.54635e-73)
(31.6414 6.14585e-146 -5.36341e-148)
(35.4443 9.89071e-100 8.63149e-102)
(32.0675 1.33256e-155 -1.16291e-157)
(30.6121 1.6016e-155 -1.39769e-157)
(31.2922 8.64463e-29 -7.54405e-31)
(34.0131 2.0674e-92 -1.80419e-94)
(34.1307 3.12117e-132 -2.7238e-134)
(31.9269 3.30886e-155 -2.8876e-157)
(36.9767 1.944e-156 1.6965e-158)
(36.8555 2.05227e-156 -1.79099e-158)
(34.8135 5.85776e-70 -5.11199e-72)
(33.8165 9.71263e-156 -8.47608e-158)
(35.7357 2.99398e-122 2.61281e-124)
(31.0429 1.33194e-107 -1.16237e-109)
(31.1836 4.52222e-22 3.94648e-24)
(31.7336 4.6864e-36 -4.08976e-38)
(32.4229 1.38288e-35 1.20682e-37)
(33.9096 8.21455e-37 7.16873e-39)
(31.43 1.51682e-151 1.32371e-153)
(35.427 2.33653e-108 2.03906e-110)
(35.5545 8.53864e-156 7.45156e-158)
(31.9744 4.27419e-36 3.73003e-38)
(32.7928 2.00528e-129 -1.74998e-131)
(34.8861 7.78171e-156 -6.79099e-158)
(32.0425 3.56413e-156 3.11037e-158)
(33.2149 3.42051e-156 -2.98504e-158)
(32.8046 2.48003e-36 -2.16429e-38)
(36.1866 8.75808e-82 7.64306e-84)
(30.7734 1.63842e-107 -1.42983e-109)
(32.1942 3.04545e-91 -2.65772e-93)
(31.2028 1.36539e-121 -1.19156e-123)
(32.4948 2.5718e-71 2.24437e-73)
(34.6308 7.29778e-156 6.36867e-158)
(35.8624 7.78059e-151 -6.79001e-153)
(30.5809 1.1804e-108 1.03012e-110)
(33.0687 6.3615e-36 -5.5516e-38)
(33.4293 1.89299e-130 -1.65198e-132)
(36.9393 1.94342e-50 -1.696e-52)
(30.301 5.02877e-108 -4.38854e-110)
(36.4969 0.00866395 0)
(30.4636 1.32042e-107 -1.15232e-109)
(31.1114 1.69133e-65 -1.476e-67)
(33.115 2.70248e-122 -2.35842e-124)
(31.7101 7.02851e-156 -6.13368e-158)
(33.2004 8.79309e-87 -7.67361e-89)
(31.9015 1.66384e-151 -1.45201e-153)
(32.5847 3.6242e-125 -3.16279e-127)
(31.6464 2.92349e-145 -2.55129e-147)
(35.4458 8.22485e-109 7.17772e-111)
(33.4125 6.68138e-156 -5.83075e-158)
(33.0723 2.48453e-128 -2.16821e-130)
(31.2283 3.85381e-128 3.36317e-130)
(32.8837 1.40826e-127 -1.22897e-129)
(36.0591 1.35908e-36 -1.18605e-38)
(31.2159 6.27147e-128 5.47303e-130)
(30.3414 1.22287e-107 1.06718e-109)
(30.9687 3.58619e-65 3.12962e-67)
(30.475 9.27098e-156 -8.09066e-158)
(33.3912 1.68404e-28 1.46964e-30)
(31.2447 1.18817e-102 1.0369e-104)
(31.2513 1.88041e-155 -1.64101e-157)
(32.1908 1.82626e-91 1.59376e-93)
(36.0632 2.38624e-37 -2.08244e-39)
(32.6301 1.3282e-128 -1.1591e-130)
(30.3358 8.10529e-108 7.07338e-110)
(36.8183 1.49619e-50 1.30571e-52)
(36.757 1.14634e-71 1.00039e-73)
(30.4328 2.91809e-156 2.54658e-158)
(31.3412 2.73436e-156 2.38624e-158)
(34.6192 2.22203e-155 1.93914e-157)
(31.8486 1.87327e-94 1.63478e-96)
(35.2538 4.31974e-156 3.76978e-158)
(35.8158 1.19469e-155 1.04259e-157)
(34.7644 3.81157e-157 -3.3263e-159)
(32.5731 9.04485e-129 7.89332e-131)
(33.0897 1.07593e-151 -9.38946e-154)
(32.1306 9.57427e-102 -8.35534e-104)
(30.2264 6.10667e-108 -5.32921e-110)
(32.2444 1.57652e-155 -1.37581e-157)
(36.5155 1.46488e-75 1.27839e-77)
(35.5725 3.55251e-109 3.10023e-111)
(35.5407 3.86441e-36 3.37242e-38)
(30.4439 1.12891e-108 -9.85184e-111)
(36.621 2.63647e-112 -2.30081e-114)
(33.4031 3.05757e-128 -2.6683e-130)
(32.0391 1.38048e-36 1.20473e-38)
(33.5237 1.05781e-36 9.23139e-39)
(31.8874 3.30915e-155 2.88786e-157)
(33.2765 1.28198e-122 1.11877e-124)
(30.87 2.02137e-108 -1.76402e-110)
(35.0143 2.00015e-155 -1.74551e-157)
(32.5998 1.37349e-156 1.19863e-158)
(31.254 4.06525e-28 3.54769e-30)
(31.8175 7.42649e-155 6.481e-157)
(36.2336 4.02226e-155 3.51017e-157)
(31.7127 3.94731e-157 -3.44476e-159)
(30.1753 2.52307e-155 2.20185e-157)
(31.1694 5.06858e-156 4.42329e-158)
(35.0381 4.81937e-156 4.2058e-158)
(31.1373 6.25915e-156 -5.46228e-158)
(33.3666 3.52443e-36 3.07572e-38)
(34.6103 5.54216e-36 -4.83657e-38)
(30.7723 2.92228e-155 2.55024e-157)
(34.7579 2.67689e-70 -2.33609e-72)
(33.9701 3.02731e-36 -2.6419e-38)
(30.0878 6.03518e-108 5.26682e-110)
(35.5248 1.1983e-36 -1.04574e-38)
(30.1495 9.4139e-56 -8.21539e-58)
(35.7159 7.75236e-66 6.76538e-68)
(31.0083 3.50438e-55 3.05823e-57)
(33.5864 1.13295e-151 9.88713e-154)
(34.1127 2.8289e-122 2.46874e-124)
(32.5777 6.72936e-122 5.87263e-124)
(30.9499 7.10194e-64 6.19777e-66)
(30.054 4.03492e-56 3.52122e-58)
(30.9987 2.10109e-109 1.83359e-111)
(35.2682 9.1902e-143 8.02016e-145)
(34.5933 7.26012e-129 -6.33581e-131)
(33.1778 4.60717e-36 -4.02061e-38)
(32.3648 4.58208e-150 3.99872e-152)
(31.3449 3.64444e-70 3.18045e-72)
(33.6756 6.16436e-102 5.37956e-104)
(35.646 8.36907e-36 -7.30358e-38)
(30.0255 5.99463e-56 -5.23143e-58)
(32.0605 2.61322e-65 -2.28052e-67)
(31.213 5.79934e-22 5.06101e-24)
(35.1337 1.53972e-36 1.34369e-38)
(32.9668 1.88606e-35 -1.64594e-37)
(34.0597 2.94449e-151 2.56962e-153)
(33.571 3.3493e-122 2.92289e-124)
(35.6095 5.9823e-66 -5.22067e-68)
(31.814 1.44448e-64 1.26058e-66)
(32.1279 2.27996e-151 -1.98969e-153)
(29.9567 3.741e-108 -3.26472e-110)
(30.6353 1.21455e-36 1.05992e-38)
(32.5463 1.09026e-36 -9.51459e-39)
(34.3895 1.47545e-156 1.2876e-158)
(35.1753 2.87122e-123 -2.50567e-125)
(35.2073 1.88072e-155 1.64128e-157)
(37.2211 2.50685 -8.67362e-19)
(31.2011 2.03766e-155 -1.77824e-157)
(32.0436 3.22365e-71 -2.81323e-73)
(32.6567 1.87251e-151 1.63412e-153)
(34.0803 2.06253e-102 -1.79994e-104)
(29.911 6.36492e-67 5.55458e-69)
(31.9433 8.96129e-22 7.8204e-24)
(37.1804 1.07702 -4.33681e-19)
(30.072 2.19363e-155 1.91435e-157)
(29.9023 1.0304e-155 8.99216e-158)
(37.084 0.697432 0)
(29.896 4.98112e-76 -4.34695e-78)
(32.858 1.81232e-156 -1.58158e-158)
(37.0945 0.413278 -1.0842e-19)
(36.6492 0.538763 1.0842e-19)
(36.8448 0.514923 0)
(36.3636 0.739325 1.0842e-19)
(36.6991 0.507136 -2.1684e-19)
(36.1589 0.711499 0)
(36.7566 0.30386 0)
(36.8545 0.186137 1.35525e-20)
(37.0103 0.0753556 -6.77626e-20)
(35.4467 0.86963 -4.33681e-19)
(36.6268 0.252773 1.35525e-20)
(36.407 0.271225 1.0842e-19)
(36.4174 0.230439 0)
(36.5372 0.02866 0)
(36.4337 0.184595 5.42101e-20)
(36.3965 0.355816 -5.42101e-20)
(35.6505 0.76744 0)
(36.416 0.262457 -5.42101e-20)
(35.6096 0.830481 0)
(36.2894 0.0869176 2.71051e-20)
(35.983 0.329334 -2.71051e-20)
(35.8711 0.31078 -5.42101e-20)
(36.1679 0.169255 2.71051e-20)
(35.5892 0.160073 2.71051e-20)
(35.3745 0.74399 -2.1684e-19)
(35.8309 0.130839 0)
(35.7256 0.132826 -2.71051e-20)
(35.8494 0.0232175 -6.77626e-21)
(35.6304 0.323079 0)
(34.7666 0.477772 0)
(35.5003 0.323576 0)
(35.4602 0.334345 1.0842e-19)
(35.5219 0.21065 0)
(35.5547 0.181849 -2.71051e-20)
(35.566 0.0406725 0)
(35.5737 0.0933303 -6.77626e-21)
(35.4902 0.0683614 0)
(35.2881 0.394263 5.42101e-20)
(35.4391 0.140206 0)
(35.4724 0.00269823 0)
(35.106 0.467951 -1.6263e-19)
(35.4273 0.088665 0)
(35.4688 0.168939 -1.0842e-19)
(35.3462 0.00161853 0)
(35.2258 0.27097 1.35525e-20)
(35.3316 0.196365 0)
(35.013 0.230209 -5.42101e-20)
(34.9982 0.407344 -2.1684e-19)
(35.0002 0.224812 -1.0842e-19)
(34.7253 0.378538 1.49078e-19)
(34.9091 0.218507 -6.77626e-20)
(34.8666 0.266911 0)
(34.7834 0.231242 5.42101e-20)
(34.2032 0.65998 -2.1684e-19)
(34.475 0.275686 1.0842e-19)
(34.6877 0.30409 0)
(34.7666 0.11715 0)
(34.2817 0.487042 0)
(34.614 0.0388777 -3.38813e-21)
(34.3671 0.320515 -2.87991e-20)
(34.4728 0.419713 0)
(34.3152 0.400557 -1.0842e-19)
(34.1346 0.427227 0)
(34.2381 0.5721 2.1684e-19)
(34.2781 0.59807 0)
(34.2366 0.327198 -2.1684e-19)
(33.8662 0.649052 0)
(34.1554 0.322439 -4.33681e-19)
(34.1586 0.118052 1.35525e-20)
(33.8489 0.038985 -1.35525e-20)
(34.0363 0.417326 2.1684e-19)
(34.1886 0.200675 0)
(34.1292 0.16 5.42101e-20)
(33.9497 0.357299 -5.42101e-20)
(30.7327 1.68193e-99 1.4678e-101)
(34.057 0.190728 5.42101e-20)
(33.3474 1.13406 4.33681e-19)
(33.6844 0.752885 1.6263e-19)
(33.9551 0.238632 5.42101e-20)
(33.983 0.289378 -5.42101e-20)
(33.415 0.95098 4.33681e-19)
(33.8203 0.349118 0)
(33.4881 0.415537 2.1684e-19)
(33.8457 0.318093 0)
(33.8983 0.202377 2.71051e-20)
(33.9649 0.0549016 2.03288e-20)
(33.804 0.0877941 5.42101e-20)
(33.811 0.0305948 -6.77626e-21)
(34.0275 0.0841127 -2.71051e-20)
(33.5335 0.177359 -2.71051e-20)
(33.2349 0.758024 2.1684e-19)
(33.5879 0.0535152 0)
(33.331 0.574796 0)
(33.6783 0.0358433 6.77626e-21)
(31.8026 2.8089e-155 2.45129e-157)
(32.7203 1.13341 0)
(33.3263 0.480388 0)
(33.4328 0.249652 1.0842e-19)
(33.4733 0.160488 0)
(33.4757 0.0398887 0)
(33.2345 0.480642 -2.1684e-19)
(33.2004 4.07719e-156 3.55811e-158)
(33.0187 0.530992 8.13152e-20)
(33.1162 0.197972 2.71051e-20)
(33.1258 0.0840558 2.71051e-20)
(32.7291 0.780581 0)
(33.1108 0.0728731 0)
(32.6982 0.504822 5.42101e-20)
(32.9945 0.0825432 0)
(29.8374 3.15122e-56 -2.75003e-58)
(32.7842 0.287614 0)
(32.4605 0.74347 4.33681e-19)
(32.8543 0.341016 -1.6263e-19)
(32.7462 0.350995 5.42101e-20)
(32.4582 0.726205 0)
(32.7413 0.521894 3.86247e-19)
(32.7279 0.407546 1.0842e-19)
(32.6275 0.458147 0)
(32.8227 0.0416411 1.35525e-20)
(32.3069 0.734623 -2.03288e-20)
(32.7028 0.0244435 0)
(32.6313 0.217745 -1.0842e-19)
(32.615 0.049459 0)
(32.5387 0.0210648 -1.69407e-21)
(32.5205 0.0652268 -6.77626e-21)
(32.2774 0.342118 5.42101e-20)
(31.9486 1.05264 2.1684e-19)
(32.4091 0.0974144 2.71051e-20)
(32.0521 0.476349 0)
(32.1445 0.101269 0)
(32.0279 0.545566 0)
(32.1853 0.00320542 0)
(31.9021 0.529265 -2.1684e-19)
(32.1245 0.0225414 0)
(29.828 2.15044e-155 -1.87666e-157)
(32.069 0.100574 0)
(31.954 0.396696 0)
(32.0581 0.117088 0)
(31.7864 0.715145 0)
(31.7137 0.700053 4.33681e-19)
(31.937 0.0588492 0)
(31.8939 0.229501 0)
(31.8211 0.461815 2.1684e-19)
(29.8258 6.61048e-156 5.76888e-158)
(31.9441 0.223892 1.0842e-19)
(31.7938 0.0940716 2.71051e-20)
(31.6261 0.537301 -6.50521e-19)
(31.6272 0.441407 0)
(31.8539 0.400894 5.42101e-20)
(31.5956 0.24295 0)
(31.7447 0.211229 0)
(31.598 0.0659299 -1.35525e-20)
(31.5114 0.293235 0)
(31.4263 0.791748 1.0842e-19)
(31.485 0.108138 5.42101e-20)
(31.4637 0.0872813 1.0842e-19)
(31.3914 0.184328 5.42101e-20)
(31.4099 0.113759 2.71051e-20)
(31.3259 0.24339 0)
(31.2171 0.872848 0)
(31.1374 0.858487 -2.1684e-19)
(31.0671 0.162359 5.42101e-20)
(31.0817 0.00336208 0)
(31.0209 0.284683 -2.71051e-20)
(31.0058 0.303329 -1.0842e-19)
(30.9997 0.0502367 -1.35525e-20)
(31.0906 0.0785329 2.71051e-20)
(30.9038 0.240865 -1.0842e-19)
(30.8434 0.322894 1.6263e-19)
(30.8608 0.110665 0)
(30.8722 0.190073 2.37169e-20)
(30.8144 0.281669 -2.1684e-19)
(30.8469 0.0628962 0)
(30.7208 0.30327 0)
(30.6755 0.338933 -1.0842e-19)
(30.5643 0.57946 -2.1684e-19)
(30.5664 0.334247 -1.35525e-19)
(30.3939 0.417601 -1.6263e-19)
(29.8509 2.45983e-28 2.14666e-30)
(30.2981 0.3396 0)
(30.2685 0.0725668 0)
(30.2369 0.151244 -1.0842e-19)
(30.2187 0.263028 8.13152e-20)
(30.2007 0.645024 0)
(30.1726 0.395246 0)
(30.1459 0.0393804 -1.35525e-20)
(30.1265 0.290903 0)
(30.1352 0.322348 2.1684e-19)
(30.0811 0.509653 0)
(30.0836 0.244631 -5.42101e-20)
(30.079 0.0694445 2.71051e-20)
(30.0608 0.477686 0)
(30.0583 0.180706 6.77626e-21)
(29.9787 0.623182 0)
(29.9109 0.321187 0)
(29.8721 0.539811 -5.42101e-20)
(29.8312 0.334446 1.0842e-19)
(29.8232 0.148027 -5.42101e-20)
(29.9644 0.780088 0)
(40.8715 9.39974e-93 -8.20303e-95)
(48.3772 0 0)
(48.2417 1.35785e-52 1.18498e-54)
(39.6196 4.36379e-122 -3.80822e-124)
(45.6374 1.0033e-155 8.75567e-158)
(39.5892 5.71771e-122 -4.98977e-124)
(41.9215 1.38073e-93 -1.20495e-95)
(40.0527 4.07044e-113 3.55222e-115)
(45.7267 8.69703e-108 -7.58978e-110)
(49.2041 0 0)
(39.9553 3.1887e-76 -2.78273e-78)
(52.1755 1.13154e-155 -9.87479e-158)
(45.3252 1.13944e-155 -9.94376e-158)
(46.8971 2.66399e-156 -2.32482e-158)
(52.6262 0 0)
(47.5016 1.26626e-154 1.10505e-156)
(51.8772 1.24831e-118 -1.08938e-120)
(39.2487 3.92912e-32 3.42889e-34)
(42.9359 4.14949e-156 3.62121e-158)
(38.3138 6.31068e-156 5.50725e-158)
(43.1006 1.09799e-155 -9.58199e-158)
(47.0104 0 0)
(47.3257 0 0)
(42.0897 1.13608e-155 9.91439e-158)
(51.4761 0 0)
(47.5865 0 0)
(41.4531 9.97629e-103 8.70618e-105)
(52.5757 1.73449e-150 -1.51366e-152)
(47.613 0 0)
(42.707 1.95193e-155 1.70342e-157)
(44.6399 3.09112e-103 -2.69758e-105)
(43.1915 1.9763e-156 -1.72469e-158)
(51.356 0 0)
(45.7071 1.73609e-93 -1.51506e-95)
(39.7929 2.8769e-156 2.51063e-158)
(38.7246 9.21753e-108 8.04402e-110)
(52.117 1.33854e-35 1.16813e-37)
(52.0726 0 0)
(45.2858 3.24378e-156 -2.83081e-158)
(47.0651 2.16577e-155 1.89004e-157)
(51.6135 0 0)
(49.5737 6.49506e-155 5.66816e-157)
(48.7538 0 0)
(39.8284 1.11938e-155 9.76865e-158)
(52.4576 0 0)
(38.6032 7.89738e-156 -6.89194e-158)
(52.423 2.51997e-111 2.19914e-113)
(39.5541 1.76762e-36 -1.54257e-38)
(46.0479 4.6661e-156 4.07204e-158)
(45.2695 7.37259e-155 6.43396e-157)
(39.0989 8.6989e-155 7.59142e-157)
(46.1281 1.66149e-137 -1.44996e-139)
(47.9092 5.09018e-155 -4.44213e-157)
(48.7618 0 0)
(38.9111 3.16433e-125 -2.76147e-127)
(43.4176 1.38072e-156 -1.20494e-158)
(39.4086 1.15482e-45 -1.0078e-47)
(44.1385 2.64864e-37 -2.31143e-39)
(40.5185 9.80578e-113 8.55737e-115)
(43.8362 0.0626623 0)
(41.0753 1.32623e-108 1.15739e-110)
(41.9909 4.73152e-134 4.12914e-136)
(44.7841 8.34903e-157 7.28609e-159)
(45.1745 1.09644e-51 -9.56847e-54)
(44.0031 1.83429e-155 1.60076e-157)
(43.1373 5.49778e-45 4.79784e-47)
(40.3919 6.10961e-156 -5.33178e-158)
(52.8983 1.68029e-156 -1.46637e-158)
(52.0088 0 0)
(39.0865 4.58253e-108 -3.99911e-110)
(41.4835 4.52719e-155 -3.95082e-157)
(48.4042 0 0)
(42.0723 8.33692e-157 -7.27552e-159)
(46.6322 0 0)
(51.6516 0 0)
(45.468 6.26651e-156 5.4687e-158)
(48.115 6.68487e-134 5.8338e-136)
(49.1204 9.42819e-156 -8.22785e-158)
(37.8423 1.7433e-71 -1.52136e-73)
(39.2189 8.83789e-143 -7.71271e-145)
(44.6016 3.22332e-76 -2.81295e-78)
(38.6497 7.31403e-108 -6.38285e-110)
(41.7739 4.62449e-103 -4.03574e-105)
(49.3807 0 0)
(49.3457 2.07847e-155 -1.81385e-157)
(37.9352 9.11086e-72 7.95093e-74)
(52.7565 1.90279e-156 -1.66054e-158)
(45.5302 6.66e-156 -5.81209e-158)
(38.3262 1.15515e-56 1.00808e-58)
(43.9077 1.27411e-36 -1.1119e-38)
(41.6904 6.42755e-44 -5.60924e-46)
(48.4921 4.97947e-81 4.34551e-83)
(44.7296 3.44492e-28 3.00634e-30)
(47.5415 2.09831e-156 1.83117e-158)
(37.8619 3.93983e-156 3.43824e-158)
(52.2566 2.35144e-116 2.05207e-118)
(51.2164 0 0)
(41.6737 1.09643e-122 -9.56836e-125)
(40.516 1.52219e-155 -1.3284e-157)
(39.9692 1.04881e-112 -9.15286e-115)
(43.3669 5.63719e-77 -4.9195e-79)
(38.7827 5.79782e-156 5.05968e-158)
(47.1532 8.21927e-78 7.17285e-80)
(42.6408 4.29634e-156 3.74936e-158)
(44.1662 7.57804e-156 6.61326e-158)
(50.7144 0 0)
(45.8948 4.10569e-158 -3.58298e-160)
(50.817 3.29979e-35 -2.87969e-37)
(40.8944 2.99534e-122 2.61399e-124)
(48.9983 6.28144e-137 -5.48173e-139)
(48.6756 0 0)
(42.1103 3.74477e-125 -3.26801e-127)
(50.6631 0 0)
(45.7231 4.2685e-108 3.72506e-110)
(42.2115 6.78097e-43 -5.91766e-45)
(39.604 1.96267e-36 -1.7128e-38)
(49.882 9.91826e-157 -8.65554e-159)
(41.1867 4.41651e-156 -3.85423e-158)
(37.5304 1.77245e-72 -1.54679e-74)
(40.899 1.59996e-155 1.39626e-157)
(46.0049 7.68676e-156 -6.70814e-158)
(51.65 0 0)
(52.3721 0 0)
(41.3901 7.13591e-155 6.22741e-157)
(40.5136 4.36567e-50 3.80987e-52)
(39.4558 2.94688e-155 -2.57171e-157)
(45.5904 1.42903e-156 1.24709e-158)
(51.287 0 0)
(39.77 1.43345e-70 -1.25096e-72)
(51.9877 7.06109e-157 -6.16212e-159)
(47.5103 2.8188e-157 2.45993e-159)
(47.6104 0 0)
(40.7959 1.65451e-93 1.44387e-95)
(38.1893 9.1764e-157 -8.00812e-159)
(45.7361 5.62065e-108 -4.90507e-110)
(49.3693 2.53283e-155 2.21037e-157)
(41.035 6.01486e-56 5.24909e-58)
(37.5224 1.0149e-155 -8.85688e-158)
(42.8119 3.3439e-122 2.91818e-124)
(41.6969 5.39447e-156 -4.70768e-158)
(49.4594 9.86512e-59 -8.60916e-61)
(44.9969 3.04994e-51 2.66164e-53)
(46.8773 7.06076e-156 -6.16183e-158)
(39.86 1.15341e-123 1.00657e-125)
(38.7153 3.00011e-108 -2.61816e-110)
(44.9132 8.99749e-50 7.85199e-52)
(52.7891 0 0)
(39.9934 5.01501e-62 4.37654e-64)
(44.664 8.93928e-67 -7.80119e-69)
(42.4839 8.05985e-57 -7.03373e-59)
(38.2446 1.06181e-71 -9.2663e-74)
(37.4203 1.58178e-155 -1.3804e-157)
(42.4056 4.76342e-44 4.15697e-46)
(52.7108 1.18502e-72 1.03415e-74)
(44.7393 8.76438e-144 -7.64856e-146)
(49.9487 0 0)
(46.4438 4.30614e-137 -3.75791e-139)
(49.8581 2.31269e-155 -2.01825e-157)
(41.0248 5.4642e-57 4.76853e-59)
(39.1346 2.28897e-76 1.99756e-78)
(43.4695 2.971e-155 2.59275e-157)
(37.3625 8.64246e-157 -7.54216e-159)
(47.6362 5.489e-70 4.79017e-72)
(39.1606 1.72141e-156 1.50226e-158)
(37.5343 1.68916e-155 1.47411e-157)
(47.523 0 0)
(42.2999 1.94777e-42 1.69979e-44)
(41.3569 2.30387e-87 -2.01056e-89)
(42.443 1.62207e-154 -1.41556e-156)
(44.726 9.03837e-51 -7.88766e-53)
(46.268 9.92359e-137 8.66019e-139)
(40.1439 1.81951e-112 -1.58786e-114)
(44.8406 2.93422e-155 -2.56066e-157)
(41.9084 5.61224e-32 -4.89772e-34)
(45.5252 7.89539e-22 6.89021e-24)
(48.6843 4.12187e-155 3.5971e-157)
(37.3217 9.03054e-94 7.88084e-96)
(42.6621 2.90791e-155 -2.53769e-157)
(40.9803 1.93314e-36 1.68703e-38)
(38.8378 1.47786e-107 -1.28971e-109)
(52.3153 1.07797e-155 -9.40732e-158)
(44.2576 1.04199e-28 -9.09328e-31)
(50.0129 6.07293e-64 5.29977e-66)
(37.6187 3.04243e-151 2.65509e-153)
(52.6847 1.43457e-72 1.25193e-74)
(47.1814 3.30868e-44 2.88744e-46)
(48.996 8.80692e-150 7.68568e-152)
(49.3181 7.8037e-156 6.81019e-158)
(42.6342 2.50342e-123 2.18471e-125)
(37.2719 6.05114e-42 5.28075e-44)
(42.2857 2.26159e-65 1.97366e-67)
(42.7012 7.27288e-156 6.34695e-158)
(41.0753 8.53098e-36 -7.44487e-38)
(39.2845 1.83221e-87 1.59894e-89)
(52.3697 1.13782 4.33681e-19)
(42.1897 8.5928e-156 7.49882e-158)
(52.9589 1.19522 4.33681e-19)
(46.6202 3.37756e-156 -2.94756e-158)
(51.3182 2.17247 0)
(52.935 0.915299 0)
(50.0528 1.46693e-155 1.28017e-157)
(47.4914 2.06707e-155 -1.8039e-157)
(50.9173 1.93483 0)
(51.4413 0 0)
(52.6591 0.888071 4.47233e-19)
(52.6165 0.40576 0)
(52.3839 0.307692 -2.1684e-19)
(52.0435 0.907795 0)
(51.4407 1.37518 0)
(50.6717 2.19481 0)
(51.5516 1.22922 1.0842e-19)
(52.1773 0.511681 -2.98156e-19)
(52.6446 0.490311 2.71051e-20)
(51.6116 1.1867 -4.33681e-19)
(52.9336 0.458754 2.71051e-19)
(52.3113 0.847579 2.1684e-19)
(52.8259 0.299407 -1.0842e-19)
(52.8006 0.0837272 2.11758e-21)
(51.529 1.32649 0)
(52.6797 0.602206 0)
(52.612 0.0396303 0)
(52.1944 0.55518 -2.1684e-19)
(52.198 0.616414 -2.1684e-19)
(52.2726 0.33071 -1.0842e-19)
(52.5391 0.106463 5.42101e-20)
(52.1254 0.0122474 3.38813e-21)
(51.4247 0.995575 0)
(52.2556 0.023577 -1.35525e-20)
(52.4379 0.0802199 0)
(51.8801 0.359391 1.0842e-19)
(52.0285 0.137745 -4.74338e-20)
(52.0948 0.165138 2.71051e-20)
(50.8509 0.721237 4.33681e-19)
(51.9312 0.101151 -1.35525e-20)
(51.6805 0.44052 0)
(51.8246 0.240051 2.71051e-20)
(51.8745 0.143966 5.42101e-20)
(51.6623 0.24805 -2.71051e-20)
(51.9732 0.47791 0)
(51.7038 0.218857 0)
(49.4964 2.05943 0)
(51.4573 0.000258571 2.35099e-38)
(51.4254 0.498238 0)
(51.5667 0.343587 -5.42101e-20)
(51.6092 0.0132109 0)
(49.6244 1.02948 -2.1684e-19)
(51.2738 0.582703 -3.25261e-19)
(51.4774 0.520932 0)
(51.554 0.0775112 0)
(51.3623 0.35457 -1.35525e-19)
(51.1172 0.571491 -3.25261e-19)
(50.2815 0.98428 0)
(51.2116 0.225511 0)
(51.1438 0.177453 0)
(50.883 0.504034 1.0842e-19)
(51.0663 0.142561 -5.42101e-20)
(50.1455 0.81385 0)
(50.4552 0.364274 -2.1684e-19)
(50.7554 0.0923155 0)
(48.7137 7.51518e-54 -6.5584e-56)
(50.5133 0.555396 4.33681e-19)
(41.1572 2.84002e-137 2.47845e-139)
(50.8645 0.662925 0)
(50.6467 0.387447 2.37169e-20)
(50.7096 0.214572 1.0842e-19)
(48.681 2.2896 -4.33681e-19)
(50.4436 0.963942 4.33681e-19)
(50.6629 0.0132787 0)
(37.1918 1.69033e-107 1.47513e-109)
(50.3323 0.433759 0)
(50.3892 0.489251 4.33681e-19)
(49.8938 0.956446 4.33681e-19)
(50.3245 0.31378 0)
(49.7863 0.847518 2.1684e-19)
(50.5975 0.318262 -1.0842e-19)
(49.2568 0.526419 0)
(50.0197 0.624149 -2.1684e-19)
(50.0965 0.576377 0)
(49.9988 0.673236 4.33681e-19)
(49.808 0.0330088 -1.01644e-20)
(49.6433 0.592906 -8.13152e-20)
(41.0589 3.64715e-108 3.18282e-110)
(49.7297 0.0653684 -2.71051e-20)
(49.8165 0.675286 4.33681e-19)
(49.8963 0.232924 0)
(49.9692 0.10722 5.42101e-20)
(48.5091 1.11963e-155 -9.7709e-158)
(49.5331 0.0114893 8.47033e-22)
(49.7307 0.208131 -7.11508e-20)
(49.4071 0.0768233 -5.42101e-20)
(49.703 0.19192 0)
(49.5963 0.139651 0)
(49.6231 0.194609 0)
(49.5215 0.251654 0)
(49.2161 0.42793 -2.1684e-19)
(49.4772 0.201625 -5.42101e-20)
(39.9319 2.27752e-94 -1.98756e-96)
(49.47 0.290724 2.1684e-19)
(48.4928 0.78073 2.1684e-19)
(47.7898 1.13619 4.33681e-19)
(48.9988 0.293349 -1.69407e-21)
(49.3521 0.00215378 0)
(49.4185 0.0516207 -1.69407e-20)
(48.2668 1.08923 0)
(48.3903 0.862018 6.50521e-19)
(48.6452 0.322672 -1.0842e-19)
(49.0473 0.181962 -2.71051e-20)
(49.1089 0.209367 0)
(48.7213 2.61184e-81 2.27931e-83)
(48.9964 0.14226 3.04932e-20)
(47.3766 1.33897 -2.1684e-19)
(48.3551 1.16244 0)
(37.6321 4.2312e-151 -3.69251e-153)
(48.3155 0.724015 5.42101e-20)
(48.9547 0.0796802 0)
(48.575 0.00215933 0)
(47.5554 1.17831 -2.1684e-19)
(48.4653 0.0732052 -1.35525e-20)
(48.6904 0.398232 -5.42101e-20)
(48.7354 0.0759384 0)
(48.6719 0.123599 1.0842e-19)
(46.8794 3.22272e-155 -2.81242e-157)
(48.2774 0.178157 -5.42101e-20)
(48.1139 0.809483 4.33681e-19)
(48.5601 0.477015 1.0842e-19)
(48.4736 0.573414 2.1684e-19)
(48.035 0.648844 -2.1684e-19)
(47.0337 1.40261 -6.50521e-19)
(48.6412 0.0133155 0)
(48.3586 0.169243 0)
(47.8342 0.790517 0)
(37.1523 1.2358e-155 -1.07847e-157)
(47.8192 0.622837 0)
(47.3474 0.889903 0)
(47.7617 0.346794 -2.1684e-19)
(40.9681 1.04445e-45 -9.11476e-48)
(48.0115 8.91378e-134 7.77894e-136)
(47.9904 0.390148 3.25261e-19)
(47.8661 0.0887136 2.71051e-20)
(47.6952 0.324518 1.0842e-19)
(47.7849 0.818472 -2.1684e-19)
(47.9322 0.0494061 2.71051e-20)
(48.0745 0.216267 0)
(47.1043 0.8078 -4.33681e-19)
(47.3523 0.382009 1.0842e-19)
(42.8239 2.30792e-76 -2.01409e-78)
(47.8942 0.0700743 -1.69407e-20)
(47.7495 0.325701 2.1684e-19)
(47.8191 0.24932 5.42101e-20)
(47.3962 0.502758 -2.1684e-19)
(47.0682 0.613406 8.67362e-19)
(39.3243 8.29865e-90 -7.24212e-92)
(47.619 0.30755 0)
(46.9651 0.830781 2.1684e-19)
(46.425 0.94018 -4.33681e-19)
(47.5893 0.0523207 -2.71051e-20)
(47.3746 0.226759 0)
(47.1597 0.26794 1.0842e-19)
(46.3648 0.77212 3.25261e-19)
(47.1074 0.0057553 3.38813e-21)
(47.3997 0.279697 2.71051e-20)
(47.0971 0.379263 0)
(45.8486 1.04065 0)
(47.066 0.137349 1.0842e-19)
(47.1213 0.352615 2.1684e-19)
(46.6597 0.737678 0)
(44.3867 3.60184e-87 3.14328e-89)
(47.0181 0.381516 2.1684e-19)
(46.1626 1.12025 3.25261e-19)
(46.8041 0.522346 0)
(46.6914 0.116627 0)
(46.7689 0.362467 -2.1684e-19)
(46.6222 0.598425 0)
(46.8213 0.610927 2.28699e-20)
(45.4171 1.28907 0)
(46.1889 0.596582 0)
(46.7278 0.388985 0)
(45.6608 0.554719 -2.1684e-19)
(46.3544 0.253343 1.52466e-20)
(46.1392 0.416509 -2.1684e-19)
(46.2113 0.157556 5.42101e-20)
(46.2765 0.6031 1.0842e-19)
(46.1759 0.500008 1.6263e-19)
(46.0077 0.201222 0)
(46.0672 0.416523 0)
(46.1371 0.264051 0)
(46.09 0.693797 0)
(44.9416 1.50871e-155 1.31663e-157)
(45.6026 0.773317 4.33681e-19)
(46.2652 0.38853 0)
(45.7412 0.172372 -2.71051e-20)
(45.8913 0.0552682 1.10114e-20)
(39.7795 7.74297e-123 6.75719e-125)
(46.298 0.30738 0)
(46.1994 0.44027 2.1684e-19)
(45.7003 0.629268 -2.1684e-19)
(45.5106 0.214728 -1.0842e-19)
(45.7734 0.0208665 -3.38813e-21)
(45.779 0.0355318 -2.71051e-20)
(45.7257 0.119956 0)
(45.532 0.361427 -1.0842e-19)
(45.9626 0.0852575 -4.06576e-20)
(45.7021 0.473031 2.1684e-19)
(45.6535 0.440413 -2.1684e-19)
(45.0649 0.694781 4.33681e-19)
(45.5719 0.403183 2.1684e-19)
(37.4799 1.16538e-155 1.01701e-157)
(44.1672 1.16844 0)
(37.1427 4.02481e-156 3.5124e-158)
(45.472 0.0487332 -2.71051e-20)
(45.7301 0.50458 -1.0842e-19)
(45.2159 0.120839 0)
(45.5035 0.0982772 0)
(45.4035 0.475668 -2.1684e-19)
(45.4352 0.0479536 -6.35275e-21)
(45.3943 0.0590781 0)
(45.0495 0.664441 0)
(45.5193 0.391457 5.42101e-20)
(43.1359 3.99326 -1.73472e-18)
(45.1003 0.639554 -2.1684e-19)
(45.3445 0.0692418 -3.38813e-21)
(39.0628 5.19841e-77 -4.53658e-79)
(45.203 0.373791 1.0842e-19)
(45.059 0.115973 6.43745e-20)
(45.0168 0.0312965 2.71051e-20)
(44.9269 0.241522 -5.42101e-20)
(44.1671 1.12066 0)
(45.0212 0.341139 -1.0842e-19)
(44.9415 0.530506 5.42101e-20)
(44.5296 0.15792 -5.42101e-20)
(44.224 0.228858 1.0842e-19)
(44.0665 0.675244 2.71051e-19)
(44.2422 0.399955 0)
(44.4522 0.0784719 1.35525e-20)
(44.0501 0.655058 -2.1684e-19)
(43.4278 1.30851 -4.33681e-19)
(44.4064 0.28488 -6.77626e-21)
(44.4859 0.358699 2.1684e-19)
(44.3365 0.493771 -1.0842e-19)
(44.5167 0.522325 2.1684e-19)
(43.3157 1.16698 -1.73472e-18)
(44.0294 0.0948733 5.42101e-20)
(43.7766 0.594777 0)
(43.9658 0.113922 3.38813e-21)
(43.993 0.471763 1.0842e-19)
(43.8988 0.0334331 0)
(43.8308 0.628891 2.1684e-19)
(43.9856 0.247325 -1.0842e-19)
(43.6084 0.794184 4.33681e-19)
(43.8725 0.479583 -3.25261e-19)
(43.7144 0.436888 2.1684e-19)
(44.0217 0.268489 -1.0842e-19)
(44.1989 0.613727 0)
(43.4712 0.194437 0)
(43.4604 0.248329 5.42101e-20)
(43.8599 0.00540042 0)
(43.3926 0.309062 1.0842e-19)
(43.0866 0.521019 1.0842e-19)
(43.0185 0.594208 -1.0842e-19)
(43.2903 0.14109 -1.0842e-19)
(43.1171 0.680245 4.33681e-19)
(43.1298 0.682152 6.50521e-19)
(43.2356 0.3902 1.35525e-20)
(41.0759 1.66771e-150 -1.45539e-152)
(43.1607 0.551312 2.1684e-19)
(42.9404 0.694248 -2.1684e-19)
(42.7137 0.281999 5.42101e-20)
(43.1179 0.263418 -2.71051e-20)
(43.1305 0.323627 -5.42101e-20)
(39.4727 4.5668e-109 3.98538e-111)
(43.1122 0.523232 1.6263e-19)
(42.6567 0.225769 6.77626e-21)
(42.6539 0.5226 -1.0842e-19)
(42.7163 0.143712 -1.0842e-19)
(42.4985 0.782136 0)
(41.8739 1.6594 4.33681e-19)
(42.6005 0.139097 -2.71051e-20)
(42.6235 0.285857 1.0842e-19)
(42.5284 0.699809 4.33681e-19)
(42.4588 0.15542 -5.42101e-20)
(42.4408 0.132208 -5.42101e-20)
(42.6532 0.398604 0)
(42.4495 0.276705 1.0842e-19)
(42.4498 0.0295671 0)
(42.4635 0.398293 0)
(42.0048 0.983741 7.58942e-19)
(42.335 0.0313954 0)
(42.0834 0.426686 2.1684e-19)
(41.8945 1.19724 4.33681e-19)
(41.6977 0.0546597 5.42101e-20)
(42.4615 0.302661 0)
(42.1792 0.146295 2.71051e-20)
(42.3352 0.63149 0)
(42.1247 0.493011 0)
(41.9869 0.229193 0)
(42.168 0.304993 0)
(42 0.114209 0)
(41.4484 1.61284e-108 1.4075e-110)
(41.8459 0.795223 5.42101e-20)
(41.9727 0.525652 -2.1684e-19)
(41.9784 0.636758 -2.1684e-19)
(41.8053 0.0585285 -4.06576e-20)
(41.8102 0.607986 -2.1684e-19)
(41.6903 0.631022 0)
(40.7951 3.04699 1.73472e-18)
(41.6988 0.0605861 1.01644e-20)
(37.8463 1.84831e-155 1.613e-157)
(41.7027 0.250116 1.0842e-19)
(41.3181 0.566634 0)
(41.6479 0.320651 -2.1684e-19)
(41.2807 1.92682e-28 1.68151e-30)
(41.4031 0.0413717 -1.35525e-20)
(41.3155 0.686702 -4.33681e-19)
(41.1616 0.373191 -1.0842e-19)
(41.2662 0.0343674 4.06576e-20)
(41.0483 1.03527 0)
(40.2818 3.39156 0)
(38.9766 2.58296e-28 -2.25411e-30)
(41.0704 0.662498 0)
(41.0246 0.267271 -5.42101e-20)
(41.0453 0.0931848 0)
(40.99 0.131351 0)
(40.6711 0.316608 0)
(40.8998 0.250467 -8.13152e-20)
(41.0576 0.443828 1.0842e-19)
(40.994 0.495247 2.71051e-20)
(40.6413 0.711177 0)
(40.7936 0.477402 0)
(40.2213 3.94405e-156 -3.44192e-158)
(41.0785 0.337446 4.06576e-20)
(40.7789 0.129341 -2.71051e-20)
(40.7984 0.220609 6.09864e-20)
(40.5763 0.883981 -2.1684e-19)
(40.4018 1.99521 0)
(40.676 0.419487 0)
(40.5815 0.0476724 1.35525e-20)
(40.4652 0.481916 2.1684e-19)
(40.4387 0.1496 -1.35525e-20)
(40.4857 0.0958942 -1.35525e-20)
(40.4378 0.112401 -2.71051e-20)
(40.4715 0.57423 0)
(40.3298 0.156364 1.0842e-19)
(38.435 1.66187e-156 1.45029e-158)
(40.3564 0.101597 0)
(40.2755 0.158061 0)
(40.3537 0.111743 5.42101e-20)
(40.4278 0.359174 0)
(40.1321 0.286923 5.42101e-20)
(40.282 0.715636 4.33681e-19)
(39.9065 0.768772 0)
(40.1078 0.44498 -1.0842e-19)
(39.696 1.80304 -8.67362e-19)
(39.8758 0.150343 5.42101e-20)
(39.774 0.0973461 1.35525e-20)
(39.8458 0.607093 0)
(39.7731 0.728752 3.25261e-19)
(39.9001 0.461716 0)
(39.6369 0.32437 2.71051e-20)
(39.6124 0.190576 0)
(39.8371 0.686406 0)
(39.7135 0.78972 2.1684e-19)
(39.7631 0.487366 -1.0842e-19)
(39.5796 0.0671195 5.42101e-20)
(39.4326 0.386253 -1.0842e-19)
(39.5515 0.420221 0)
(39.4984 0.0539826 5.42101e-20)
(39.4131 0.0709627 0)
(39.3067 0.0582132 3.38813e-20)
(39.3274 0.143305 0)
(39.555 0.343054 5.42101e-20)
(39.3437 0.615513 0)
(39.1575 0.0154466 7.6233e-21)
(39.2152 0.713843 -2.1684e-19)
(39.0634 0.218959 -1.0842e-19)
(39.0095 0.179617 -1.0842e-19)
(38.8749 0.166053 -1.0842e-19)
(38.8782 0.176185 0)
(38.9864 0.58546 0)
(38.8855 0.816805 -4.33681e-19)
(38.7197 0.0267321 0)
(38.692 0.14133 -6.77626e-21)
(38.6489 0.0277789 0)
(38.6301 0.129966 -2.71051e-20)
(38.5699 0.246517 1.0842e-19)
(38.8118 0.306948 0)
(38.5599 0.0503664 0)
(38.5427 0.282794 -1.0842e-19)
(38.7169 0.737131 0)
(38.7627 0.553655 0)
(38.4603 0.157777 5.42101e-20)
(38.5599 0.496693 -2.1684e-19)
(38.4913 0.834576 -4.33681e-19)
(38.3238 1.04297 2.1684e-19)
(38.1773 0.149461 -5.42101e-20)
(38.246 1.29415 4.33681e-19)
(38.1361 0.326329 2.1684e-19)
(38.3628 0.509725 -2.1684e-19)
(38.3885 0.40644 5.42101e-20)
(38.098 0.0307872 -1.35525e-20)
(38.2645 0.90751 0)
(38.0779 0.283108 5.42101e-20)
(38.3014 0.368247 0)
(38.0213 0.106321 0)
(38.273 0.404111 0)
(38.2264 0.644829 -4.33681e-19)
(37.9512 0.194369 0)
(38.1745 0.319954 6.77626e-20)
(38.0721 0.726505 -4.33681e-19)
(37.9005 0.120133 5.42101e-20)
(37.7955 0.127831 0)
(37.7587 0.0129656 7.6233e-21)
(37.9406 0.738253 0)
(37.7461 0.124039 2.87991e-20)
(37.8902 0.906335 -4.33681e-19)
(37.6173 0.166714 0)
(37.6144 0.212471 0)
(37.8089 0.3718 2.1684e-19)
(37.8155 0.339594 -1.0842e-19)
(37.7737 0.519079 -2.1684e-19)
(37.7759 0.445635 1.35525e-20)
(37.7395 0.379611 1.0842e-19)
(37.3371 0.30072 0)
(37.2694 0.0102663 -1.69407e-21)
(37.2349 0.22931 -4.74338e-20)
(37.2087 0.316031 -5.42101e-20)
(37.1898 0.284246 1.35525e-20)
(37.362 0.563179 -1.0842e-19)
(37.0286 0.226077 0)
)


// ************************************************************************* //
