/*--------------------------------*- C++ -*----------------------------------*\
  =========                 |
  \\      /  F ield         | OpenFOAM: The Open Source CFD Toolbox
   \\    /   O peration     | Website:  https://openfoam.org
    \\  /    A nd           | Version:  7
     \\/     M anipulation  |
\*---------------------------------------------------------------------------*/
FoamFile
{
    version     2.0;
    format      ascii;
    class       vectorField;
    location    "0.7/lagrangian/reactingCloud1";
    object      U;
}
// * * * * * * * * * * * * * * * * * * * * * * * * * * * * * * * * * * * * * //


2444
(
(135.013 25.8172 0)
(136.672 5.36845 0)
(137.763 11.4731 0)
(138.49 22.913 0)
(141.973 21.8569 0)
(141.821 6.74094 0)
(154.95 11.1027 0)
(126.691 8.39875 0)
(144.993 5.12845 0)
(146.165 5.08077 0)
(156.111 13.192 0)
(155.255 10.0967 0)
(149.546 5.01376 0)
(149.756 4.1391 0)
(127.76 -0.459203 0)
(153.792 4.57092 0)
(149.575 1.41438 0)
(150.108 1.40826 0)
(151.302 2.10012 0)
(150.399 2.82352 0)
(155.04 1.30284 0)
(155.126 0.475431 0)
(153.02 1.42845 0)
(154.412 -0.0146568 0)
(153.923 -0.135996 0)
(152.919 0.873012 0)
(152.659 0.689393 0)
(153.007 0.753445 0)
(98.0089 -1.04461 0)
(153.364 0.457722 0)
(153.609 0.0116907 0)
(152.964 0.396833 0)
(153.317 -0.298753 0)
(153.225 0.195051 0)
(142.741 -3.19184 0)
(153.247 -0.0430597 0)
(153.195 -0.0228105 0)
(132.069 -0.208392 0)
(153.08 0.155034 0)
(153.095 -0.0018061 0)
(153.075 0.147823 0)
(8.25498 -0.59319 0)
(1.42427 2.60727 0)
(2.62143 0.801089 0)
(13.5901 -2.89393 0)
(43.4794 -12.5876 0)
(23.4174 -2.79541 0)
(139.086 -29.354 0)
(107.831 -25.2096 0)
(120.305 -26.3378 0)
(128.026 -23.8234 0)
(114.14 -18.5616 0)
(100.571 -16.4832 0)
(138.653 -12.9754 0)
(94.9451 -13.9904 0)
(116.355 -19.1137 0)
(106.88 -17.0919 0)
(129.827 -11.5167 0)
(128.448 -9.27025 0)
(110.005 -14.003 0)
(97.212 -13.3661 0)
(108.284 -11.9944 0)
(117.625 -10.0562 0)
(80.9114 -1.01658 0)
(119.17 -7.59151 0)
(123.004 -3.97007 0)
(109.961 -6.882 0)
(121.998 -4.08714 0)
(66.5041 5.58696 0)
(106.126 -5.79991 0)
(118.708 -3.9832 0)
(108.123 -4.50538 0)
(114.033 -3.57199 0)
(119.121 -2.52796 0)
(114.767 -2.94815 0)
(87.7655 3.12579 0)
(107.993 -0.0601514 0)
(118.995 -0.907509 0)
(106.669 3.20972 0)
(114.59 -0.735988 0)
(114.103 -0.181511 0)
(90.7467 4.27649 0)
(109.044 2.842 0)
(109.415 3.13972 0)
(108.448 4.14822 0)
(116.756 1.2389 0)
(111.659 4.18215 0)
(119.722 0.328456 0)
(113.332 3.94887 0)
(117.161 3.02891 0)
(111.521 5.58225 0)
(113.37 5.6527 0)
(114.332 5.99858 0)
(116.495 5.90323 0)
(112.681 7.44794 0)
(115.714 7.59642 0)
(120.871 6.95012 0)
(123.344 3.47151 0)
(125.92 1.23478 0)
(123.428 7.12034 0)
(114.996 12.4008 0)
(108.95 14.8752 0)
(119.398 13.9818 0)
(124.949 12.213 0)
(128.124 10.4442 0)
(131.066 8.01185 0)
(131.443 10.6418 0)
(132.698 12.0674 0)
(242.11 -23.089 0)
(307.961 -20.1484 0)
(306.833 -24.3551 0)
(279.759 -34.086 0)
(281.264 -20.9574 0)
(275.873 -8.81714 0)
(266.145 -6.74139 0)
(243.583 -54.0504 0)
(246.131 -37.5236 0)
(248.009 -15.3509 0)
(217.059 -52.8978 0)
(70.2583 -19.799 0)
(213.536 -32.5374 0)
(216.009 -7.6033 0)
(193.382 -9.02246 0)
(177.575 -37.2003 0)
(151.593 -37.323 0)
(146.682 -41.6133 0)
(144.196 -33.4824 0)
(152.181 -29.7243 0)
(147.25 -35.2398 0)
(156.998 -15.4002 0)
(145.927 -29.7166 0)
(148.584 -19.2019 0)
(396.346 -11.869 0)
(397.641 -1.10608 0)
(380.818 -3.02573 0)
(383.51 -14.8234 0)
(381.2 -2.96194 0)
(381.26 -4.03513 0)
(375.498 -6.7107 0)
(352.431 -12.5115 0)
(352.694 -6.67424 0)
(319.483 -35.1281 0)
(326.084 -13.7556 0)
(325.184 -18.0527 0)
(395.095 10.2393 0)
(439.707 -1.53052 0)
(439.378 0.18092 0)
(410.196 6.76023 0)
(441.114 -2.0276 0)
(436.969 0.96253 0)
(436.859 2.82465 0)
(442.757 -0.278919 0)
(433.137 1.32906 0)
(428.792 -2.34882 0)
(402.233 -4.06686 0)
(428.108 1.0413 0)
(407.642 2.18441 0)
(429.089 -0.445071 0)
(410.282 3.07123 0)
(424.466 10.171 0)
(417.815 0.0849632 0)
(418.968 -2.14521 0)
(414.448 0.406297 0)
(407.418 4.24378 0)
(356.201 0.854604 0)
(443.076 -1.82324 0)
(442.336 -0.0647595 0)
(440.998 3.53575 0)
(442.579 -0.0328672 0)
(442.588 -1.54125 0)
(442.377 -0.019756 0)
(415.628 -2.9533 0)
(439.568 -1.0581 0)
(445.409 -1.23291 0)
(441.685 -0.0239449 0)
(428.282 2.34435 0)
(441.274 0.0129147 0)
(441.377 0.0192693 0)
(430.26 4.04941 0)
(444.62 2.33474 0)
(375.065 -0.687327 0)
(380.484 -1.61631 0)
(445.946 0.0451793 0)
(435.805 -4.54419 0)
(433.031 -1.07525 0)
(442.784 5.08803 0)
(443.475 -0.905331 0)
(424.04 -9.4424 0)
(393.698 0.866353 0)
(435.57 -3.89354 0)
(445.182 -1.81293 0)
(445.964 0.0108673 0)
(445.996 -2.07194 0)
(430.054 5.82232 0)
(445.295 0.0262006 0)
(443.685 -2.30574 0)
(401.873 0.0185693 0)
(418.982 -0.763114 0)
(443.599 0.298908 0)
(443.493 -3.30465 0)
(444.242 0.0193387 0)
(442.747 -1.55113 0)
(443.741 0.00679534 0)
(444.221 -0.000697779 0)
(442.517 0.12594 0)
(443.726 -0.00272931 0)
(444.075 -0.00461482 0)
(443.531 -0.0184466 0)
(411.523 -5.8296 0)
(443.217 -0.0309344 0)
(437.214 2.56735 0)
(452.23 1.51923 -0.740976)
(360.017 -2.30769 0)
(404.919 4.997 0)
(371.394 7.27166 0)
(358.767 18.7018 0)
(445.527 3.20061 0)
(447.139 0.0106103 0)
(447.305 -1.08796 0)
(443.806 0.459475 0)
(447.151 0.0116027 0)
(396.376 0.193915 0)
(442.279 5.74501 0)
(425.393 -0.430339 0)
(447.288 0.00944714 0)
(447.427 0.00713793 0)
(432.247 4.3926 0)
(445.399 1.04636 0)
(447.38 0.00773466 0)
(438.223 1.96813 0)
(445.99 0.10354 0)
(437.434 0.167508 0)
(437.22 -1.14157 0)
(417.821 5.53636 0)
(443.488 2.00085 0)
(443.627 -2.464 0)
(446.798 0.0222828 0)
(446.617 0.0281597 0)
(378.258 5.63363 0)
(446.681 0.0267986 0)
(448.981 -3.65235 0)
(448.466 1.56252 0)
(380.764 -1.17089 0)
(447.03 4.42344 0)
(445.694 0.081745 0)
(416.507 5.51294 0)
(444.488 0.109648 0)
(446.031 0.0531573 0)
(447.867 3.24469 0)
(439.257 -7.28422 0)
(447.829 -0.80165 1.02607)
(449.229 0.269486 -0.466763)
(445.533 -1.43361 0.0250238)
(448.524 -0.183189 0.00319758)
(446.755 -2.37204 -0.0414041)
(390.145 7.45157 0)
(402.168 2.41022 0)
(400.298 -4.03536 0)
(447.855 0.00365036 0)
(452.033 -1.0487 0)
(446.078 0.302136 0)
(413.673 0.688287 0)
(445.605 -0.413331 0)
(426.165 0.0624488 0)
(403.036 3.80999 0)
(421.903 0.654537 0)
(447.869 0.00399589 0)
(447.754 0.00487774 0)
(446.094 0.502697 0)
(445.291 0.152492 0)
(447.931 0.00321268 0)
(448.537 -11.7525 0)
(441.143 -0.652272 0)
(431.579 -1.25192 0)
(422.788 -0.661414 0)
(386.092 -0.996341 0)
(441.341 -0.317468 0)
(445.199 -2.77973 0)
(447.65 0.00614648 0)
(429.3 -5.06972 0)
(422.827 1.31587 0)
(451.006 -4.60856 0)
(415.062 0.971211 0)
(442.585 -0.418208 0)
(445.553 0.400317 0)
(416.087 -0.452922 0)
(448.667 0.789226 0)
(383.987 -5.22071 0)
(447.024 2.15548 0)
(416.993 6.76783 0)
(387.776 -0.861612 0)
(435.133 0.286375 0)
(429.59 -1.37098 0)
(446.916 0.163664 0)
(407.411 -0.876892 0)
(391.402 10.6504 0)
(447.119 -6.98266 0)
(412.678 -11.2501 0)
(447.348 0.0086888 0)
(454.138 -4.75319 0)
(422.566 -3.87762 0)
(409.427 7.92477 0)
(391.227 6.05567 0)
(444.607 0.00874953 0)
(429.086 0.784892 0)
(446.52 -7.10091 0)
(449.018 0.403902 0)
(444.538 -0.261143 0)
(419.15 7.24103 0)
(473.264 -14.6202 0)
(448.3 -0.000795002 -1.38768e-05)
(447.883 -0.201547 -0.00351801)
(447.432 -1.80602 0.0315242)
(450.985 -1.42765 -0.0249197)
(452.55 -0.764283 0.555284)
(447.74 2.26421 -1.30724)
(447.235 -1.8345 0.0320213)
(447.858 -0.233623 0.0040779)
(445.157 5.18971 1.78696)
(447.71 0.425409 1.48358)
(449.577 -0.339405 -0.00592434)
(449.611 -2.73992 0.0478254)
(400.432 6.38868 0)
(421.647 -1.53798 0)
(378.272 -1.58791 0)
(446.791 0.242624 0)
(439.794 -7.48114 0)
(395.5 7.12894 0)
(418.623 -2.89254 0)
(421.567 -0.459996 0)
(435.494 -8.14502 0)
(425.73 3.1307 0)
(420.382 -2.25219 0)
(409.354 1.62368 0)
(341.289 -3.64539 0)
(445.75 -5.01109 0)
(413.248 0.212075 0)
(452.051 -3.32737 0)
(342.896 4.72146 0)
(445.554 -5.02173 0)
(396.825 -3.11473 0)
(453.055 -10.265 0)
(438.258 6.54966 0)
(448.124 0.00892636 0)
(377.797 12.8616 0)
(443.536 -1.52394 0)
(435.478 1.58632 0)
(413.67 -7.83381 0)
(382.478 -1.50013 0)
(421.531 -1.92857 0)
(445.372 4.13657 0)
(420.816 0.378911 0)
(394.088 -4.26034 0)
(432.719 -2.82773 0)
(449.985 -1.1874 0)
(434.644 0.177991 0)
(344.079 -1.26178 0)
(447.54 -0.672315 0)
(414.706 -2.2954 0)
(448.225 0.180698 0)
(433.783 -13.283 0)
(404.073 -1.01615 0)
(435.949 0.295414 0)
(450.267 -1.37742 0)
(440.998 -0.260315 0)
(379.166 0.108661 0)
(430.934 -4.75431 0)
(406.957 0.330603 0)
(445.445 -3.3507 0)
(445.459 1.81883 0)
(450.675 -3.96114 0)
(445.056 -2.12171 0)
(355.069 19.5637 0)
(407.057 5.03944 0)
(431.743 -1.75177 0)
(448.362 1.31569 0)
(389.913 0.0693294 0)
(446.92 2.18969 0)
(443.018 -6.60711 0)
(447.916 1.09605 0)
(445.056 -0.488619 0)
(444.616 6.3331 0)
(411.169 1.36573 0)
(436.473 -12.1621 0)
(391.427 6.74246 0)
(446.248 -0.0191273 0)
(447.964 0.00261211 0)
(444.427 -1.1354 0)
(439.328 -8.47354 0)
(425.717 -2.61894 0)
(440.88 7.03994 0)
(394.306 5.16155 0)
(378.938 -1.73906 0)
(447.99 0.00242761 0)
(435.691 -16.2672 0)
(449.628 -3.20338 -0.0559152)
(448.236 0.0371859 2.13038)
(448.198 -0.0496098 -0.000865942)
(448.663 2.29184 -0.20051)
(445.945 -0.866956 0.0151328)
(447.951 -1.96639 0.0343235)
(450.692 0.787517 0.844508)
(451.822 -1.93163 -0.0337168)
(446.624 -0.793033 -0.0138424)
(443.199 -1.36106 0.817809)
(448.411 -1.17699 -0.0205444)
(448.358 -0.704085 -0.256266)
(448.493 -2.92444 0.0510464)
(447.604 0.307746 -0.0269243)
(448.02 -0.572296 -0.00998946)
(443.423 -1.57689 0.0275246)
(448.065 -0.0609975 -0.00106471)
(451.745 7.95337 2.89479)
(447.73 -0.420341 0.00733707)
(448.38 -0.456593 0.00796986)
(450.015 -6.2344 -0.108822)
(452.504 -0.39642 0.00691953)
(447.375 -1.61414 -0.0281749)
(450.99 -1.56803 -0.0273701)
(447.479 -2.89779 0.0505811)
(445.106 -1.72425 -0.0300969)
(443.29 -2.41869 -3.58586)
(447.465 -0.796496 -0.557712)
(447.613 1.33637 1.00703)
(300.97 2.93064 0)
(352.332 9.57323 0)
(323.168 12.8655 0)
(383.652 -0.311873 0)
(429.435 10.6503 0)
(357.789 8.48997 0)
(361.934 1.95093 0)
(404.575 2.10514 0)
(328.478 1.72887 0)
(445.639 -1.57844 0)
(432.943 2.09703 0)
(425.452 -4.02989 0)
(401.192 -0.842595 0)
(403.534 -2.07432 0)
(428.453 0.623377 0)
(413.973 -1.70005 0)
(361.513 -9.37162 0)
(410.39 0.319181 0)
(421.321 2.40931 0)
(447.554 5.76498 0)
(432.498 1.01574 0)
(395.883 -2.17784 0)
(350.763 -0.623826 0)
(425.209 2.88512 0)
(439.525 -0.00510927 0)
(416.723 -4.43298 0)
(330.909 1.37856 0)
(447.621 -0.643047 0)
(428.64 -15.5463 0)
(448.213 0.815085 0)
(342.132 10.1329 0)
(410.687 -0.673199 0)
(412.061 -9.0899 0)
(322.905 8.39567 0)
(442.063 1.57039 0)
(400.113 -2.19663 0)
(441.905 1.71 0)
(428.265 0.480921 0)
(362.16 -0.351712 0)
(400.014 -0.14836 0)
(440.204 1.01501 0)
(419.976 -0.900162 0)
(428.4 -9.60485 0)
(404.77 -1.08478 0)
(428.344 1.21365 0)
(405.586 1.64788 0)
(334.758 1.88916 0)
(406.093 0.223688 0)
(413.381 -2.23141 0)
(383.062 -0.0746478 0)
(444.845 2.976 0)
(438.18 7.5779 0)
(340.124 3.014 0)
(393.455 -2.00755 0)
(426.253 0.512064 0)
(429.677 -2.84504 0)
(446.427 -1.35577 0)
(437.162 1.87786 0)
(436.276 -2.08133 0)
(341.005 2.28423 0)
(442.371 -4.53443 0)
(371.647 6.44078 0)
(423.913 -3.33334 0)
(415.468 -0.58406 0)
(423.379 -0.682233 0)
(307.779 1.77644 0)
(326.389 -1.44817 0)
(433.067 -0.391433 0)
(433.192 2.23525 0)
(412.727 3.757 0)
(355.313 5.91432 0)
(447.244 -0.0239427 0)
(450.187 0.472211 0)
(455.019 -4.43212 0)
(327.499 14.8412 0)
(407.509 -0.652627 0)
(431.003 0.050141 0)
(445.504 0.293421 0)
(405.57 -3.60796 0)
(408.747 0.342017 0)
(415.422 -0.564517 0)
(447.291 0.511642 0)
(447.454 0.298936 0)
(400.386 -0.586223 0)
(441.081 -8.31588 0)
(398.068 1.89337 0)
(371.255 7.59031 0)
(439.732 2.15585 0)
(425.099 1.99529 0)
(435.928 -0.831509 0.014514)
(441.094 0.392117 0.603807)
(444.917 -1.62379 1.41154)
(443.825 -2.22163 0.0387788)
(444.19 0.219555 0.0192085)
(414.517 -1.00927 0.0176168)
(419.103 -0.692824 0.0120933)
(430.35 -0.852873 0.014887)
(437.103 0.286464 0.614325)
(432.434 -0.0109724 0.000191524)
(445.634 -2.01323 0.0351411)
(417.335 -1.30941 -0.0228558)
(415.889 1.5286 -0.680578)
(443.993 -0.00235834 4.11649e-05)
(422.55 -2.07387 6.38272)
(447.345 -1.48059 -0.0258438)
(418.173 -7.20705 -0.1258)
(408.428 -4.94763 -0.0863611)
(421.94 -1.03645 -0.0180913)
(413.138 3.33938 -3.58104)
(445.921 -0.0377952 -0.000659717)
(442.783 -0.952492 -0.0166258)
(453.791 -3.30682 -0.0577208)
(421.354 -0.134242 -0.0023432)
(426.422 -0.00945315 0.00686812)
(448.132 -0.51092 1.90678)
(447.383 0.24158 0.025391)
(412.468 -7.7188 0.134732)
(413.544 1.94642 -2.58299)
(441.025 -4.8005 -0.0837931)
(417.117 -4.70191 0.0820722)
(445.166 -0.0355976 0.132852)
(443.853 -0.276915 -0.00483357)
(447.899 -0.62509 -0.010911)
(436.195 0.741904 -1.93273)
(447.243 -0.0495997 0.000865766)
(420.386 -8.29351 -0.144764)
(447.379 -0.0474721 0.000828629)
(441.65 0.00373152 0.00166138)
(439.61 -0.555504 -0.61695)
(431.337 -4.45921 0.0778359)
(448.723 -2.8251 0.0493123)
(447.648 -0.169042 0.0549251)
(434.02 -3.38198 -0.177242)
(414.249 -0.641808 0.0448796)
(448.063 -0.482857 -0.00842829)
(421.925 -1.65881 -6.19077)
(434.464 7.8857 -2.26119)
(438.449 -0.833738 0.014553)
(413.682 -4.90019 0.0855331)
(429.643 -2.18126 -0.114315)
(417.31 -6.09496 -0.106388)
(414.276 -2.24299 0.0391515)
(439.015 -10.9303 0.19079)
(449.025 -1.03604 -0.0180841)
(449.243 -1.93879 0.0338417)
(430.605 6.39394 0.559398)
(411.233 -4.522 0.0789319)
(451.122 0.0443489 -2.54074)
(434.203 -3.44229 -2.50097)
(450.007 -3.56921 0.0623008)
(430.766 -0.23416 -0.00408728)
(440.443 -0.289761 0.210524)
(448.876 -2.25071 -0.0392863)
(438.389 -2.88886 1.47195)
(421.957 -4.57554 0.0798663)
(441.236 -2.47339 -1.42801)
(452.077 1.6519 2.64359)
(444.981 -2.22123 0.0387718)
(418.962 -2.42303 -0.0422942)
(441.982 -1.13273 -0.853572)
(449.557 -8.07181 0.423026)
(426.612 -12.0762 8.77387)
(451.14 -2.04545 -0.0357035)
(447.349 -0.218779 0.411463)
(448.637 -0.909973 0.0158836)
(388.475 -7.15886 0.124958)
(448.547 -1.85731 -1.85731)
(325.824 -2.82878 0)
(350.362 -0.961654 0)
(351.172 15.6535 0)
(329.033 28.5511 0)
(327.271 0.726744 0)
(384.776 -2.95903 0)
(365.87 -4.71868 0)
(361.231 -0.54269 0)
(372.291 8.54705 0)
(363.142 -1.31591 0)
(367.862 -1.83173 0)
(378.428 8.03366 0)
(404.952 -0.435873 0)
(292.646 -3.48602 0)
(385.382 -3.99911 0)
(394.303 1.42149 0)
(413.744 -8.83878 0)
(444.78 -1.59447 -0.0278316)
(395.827 -0.825171 0)
(413.058 5.57972 0)
(376.703 0.533346 0)
(410.443 5.46754 0)
(379.842 1.25743 0)
(350.637 1.27472 0)
(375.964 -1.68576 0)
(413.065 -3.11933 0)
(354.848 16.8415 0)
(399.994 3.05964 0)
(357.555 1.5818 0)
(321.231 2.00528 0)
(400.346 -6.93472 0)
(377.096 -32.0467 0)
(418.154 -4.17354 0)
(411.781 0.66262 0)
(419.527 0.582172 0)
(352.305 -1.17651 0)
(369.188 12.1257 0)
(388.817 5.36894 0)
(400.512 -0.764791 0)
(260.404 11.1498 0)
(348.851 -1.16961 0)
(401.996 2.00751 0)
(378.307 -18.174 0)
(375.95 7.89486 0)
(361.971 4.66376 0)
(405.09 -2.34056 0)
(350.482 4.97737 0)
(401.976 4.23808 0)
(434.781 -15.5467 0)
(340.914 5.24819 0)
(411.516 -0.694489 0)
(393.756 11.5173 0)
(356.998 7.91513 0)
(399.083 -3.10841 0)
(344.334 1.56839 0)
(381.466 5.54301 0)
(412.58 -1.45659 0)
(279.95 22.6874 0)
(342.694 2.71385 0)
(443.966 -1.01824 -0.0177734)
(377.042 0.812674 0)
(336.55 0.467666 0)
(388.744 -0.92895 0)
(412.866 -0.115568 0)
(414.847 3.15682 0)
(402.258 4.3039 0)
(339.882 25.6967 0)
(398.853 1.30468 0)
(363.663 6.82652 0)
(396.003 -1.26192 0)
(418.285 -0.576314 0)
(394.396 -1.77463 0)
(421.238 3.24158 0)
(389.121 -1.64647 0)
(399.429 4.76308 0)
(399.878 0.105266 0)
(356.427 9.23819 0)
(362.949 5.96809 0)
(407.367 -10.4673 0)
(419.966 -0.771217 0)
(444.077 -0.697372 0)
(402.072 -0.571851 0)
(443.956 0.184872 0)
(360.382 13.9646 0)
(415.242 -1.69231 0)
(409.347 -2.36404 0)
(370.014 13.8532 0)
(395.384 -0.0132768 0)
(385.681 7.28543 0)
(424.39 -3.50489 0)
(382.616 -0.473419 0)
(429.614 2.31175 0)
(403.907 -1.76784 0)
(374.572 -11.2673 0)
(430.401 3.47509 0)
(424.303 3.58451 0)
(338.308 0.826536 0)
(404.869 5.25251 0)
(416.95 11.4395 0)
(393.746 6.99276 0)
(385.722 5.60007 0)
(348.011 -0.266831 0)
(393.897 -2.61648 0)
(405.506 -6.03035 0)
(449.817 -1.20456 0)
(392.369 -0.140104 0)
(387.032 -0.885433 0)
(293.408 0.705524 0)
(344.002 7.88717 0)
(304.444 -5.93655 0)
(402.653 4.14642 0)
(425.668 0.51579 0)
(435.532 5.02748 0)
(409.579 22.5553 0)
(413.431 1.6948 0)
(378.184 0.243738 0)
(404.477 4.49631 0)
(389.625 0.260927 0)
(372.391 -15.8952 0.277452)
(383.436 -8.40425 -0.146697)
(388.759 -2.44407 0.0426615)
(367.839 -0.899319 0.0156977)
(368.14 -7.51271 5.45831)
(385.427 2.65557 -6.91799)
(387.585 -3.21015 0.0560334)
(351.188 -0.546308 -0.0286308)
(343.455 6.44804 11.1683)
(389.514 -21.0245 0.366984)
(383.48 -25.7736 0.449879)
(361.043 -2.20833 -0.0385465)
(391.933 -4.83809 0.0844492)
(368.181 -45.495 9.67026)
(360.945 -13.5876 0.237173)
(383.783 2.14869 2.85141)
(373.726 9.23873 -0.97103)
(372.864 -0.109564 -0.00191245)
(379.139 -6.49289 -0.113334)
(367.538 -8.84914 -0.154462)
(388.434 0.764042 1.63849)
(390.487 -0.374556 -0.0065379)
(376.982 -1.92028 -0.0335186)
(403.672 -7.96161 -0.13897)
(391.283 0.126363 -0.329186)
(361.308 -3.08677 -0.0538798)
(393.406 -10.8908 0.190099)
(367.821 2.0932 -0.976074)
(371.05 -0.274072 0.00478395)
(365.575 -5.0696 0.0884902)
(308.932 7.46557 -4.31025)
(381.625 -2.76268 -0.0482227)
(355.996 -8.20047 -0.14314)
(386.054 1.46475 -0.591797)
(394.429 -4.09827 0.0715355)
(379.843 8.3732 -0.73256)
(393.967 1.50525 -0.131692)
(386.723 -3.58262 0.0625348)
(388.173 -0.655305 0.0114384)
(355.268 0.220519 0.678687)
(374.111 -1.94171 -1.41073)
(363.49 4.72944 -2.73055)
(374.834 -8.78177 -0.153286)
(370.469 3.20749 -0.337121)
(365.647 -3.47543 0.0606638)
(366.073 4.89705 -2.71448)
(378.967 -3.03285 0.0529386)
(345.327 -3.28641 -0.0573644)
(390.984 1.63931 2.17544)
(393.479 2.09916 6.46055)
(388.17 -4.86502 -0.340195)
(375.292 -1.3223 -0.0230808)
(385.276 1.43554 1.16247)
(377.593 -4.59582 0.0802203)
(360.175 -2.77468 0.0484323)
(365.782 -2.19385 0.0382939)
(370.735 -3.07962 -0.0537549)
(380.098 -0.463847 0.00809648)
(364.037 13.8178 -6.15208)
(409.673 0.691989 -3.55997)
(369.108 -4.60324 -0.0803499)
(367.901 -3.05419 -0.0533111)
(394.225 -8.47293 -0.147896)
(360.644 -10.519 -0.18361)
(371.777 -9.18216 0.160275)
(376.412 -1.27318 -0.959409)
(381.682 -1.7582 -0.0306895)
(365.313 -9.06001 -0.158143)
(356.285 -2.67215 -0.0466426)
(387.601 -4.23042 -0.0738422)
(377.527 1.32296 -0.139049)
(342.518 10.3777 -0.907932)
(369.798 -2.79004 0.0487002)
(399.613 -15.0488 -0.262678)
(369.707 -2.00259 8.03194)
(373.015 -7.61817 5.53492)
(356.47 -17.2466 -2.11762)
(389.503 -6.96927 0.121649)
(366.328 -3.02906 -0.0528724)
(382.646 -5.54327 -0.0967581)
(392.793 -0.869629 0.0151794)
(374.263 -3.90402 -4.49107)
(387.207 -16.0274 0.279759)
(381.742 -0.989526 -0.0172722)
(416.922 -11.0817 -0.193432)
(391.233 3.11476 -8.11422)
(396.592 -4.5373 -0.0791988)
(362.364 -2.72409 0.832839)
(378.817 -10.9417 -0.190988)
(393.973 -3.146 0.0549136)
(382.055 -0.00490816 -0.140551)
(333.386 -8.90509 0.155439)
(350.053 -5.73135 0.100041)
(357.787 -2.4954 -0.0435573)
(376.033 -13.5746 0.236945)
(371.825 -3.0488 0.648042)
(368.98 -7.47968 -0.130558)
(375.899 6.60346 2.66797)
(375.185 -2.65764 0.0463893)
(365.588 -3.82562 -0.0667765)
(382.888 -3.34798 0.0584393)
(407.308 -10.1925 -0.17791)
(372.954 -9.28026 -0.161988)
(370.427 -0.441591 -0.00770799)
(401.909 4.35397 7.24622)
(368.559 -1.56684 -0.0273494)
(357.133 5.70548 14.8633)
(373.604 -7.80226 -0.136189)
(397.336 -0.772757 0.561441)
(383.213 -0.992937 -0.0173318)
(364.12 -12.1236 0.211618)
(367.459 -16.2451 -0.851371)
(375.362 -4.04295 0.07057)
(353.846 -14.3494 0.25047)
(393.232 -3.65959 -0.0638785)
(398.202 -0.0173443 -0.000302745)
(360.502 -2.21597 -0.0386799)
(385.026 -5.8327 0.10181)
(362.909 -4.25715 0.0743088)
(397.327 -0.156584 -0.00273318)
(359.213 0.837713 0.0880472)
(367.323 -16.2854 0.284263)
(375.555 -7.73044 3.77039)
(365.873 1.23093 -0.107692)
(359.861 7.00545 -2.97364)
(362.589 -3.73304 0.0651604)
(348.407 -13.288 -0.231942)
(371.8 0.281048 0.864978)
(384.581 -3.98262 -0.278492)
(407.477 -7.27644 0.127011)
(374.607 -16.2699 -0.283992)
(370.312 -2.55948 0.044676)
(392.27 -11.1636 0.194861)
(397.619 -0.0260793 0.000455215)
(391.136 -1.85918 -2.13874)
(399.492 -0.098337 0.113124)
(350.541 -1.45914 0.0254694)
(392.015 -8.45202 -0.442952)
(384.902 -3.99045 0.0696535)
(354.748 -4.11845 -3.10348)
(389.841 -5.19903 0)
(359.659 3.15516 -4.67772)
(398.3 -7.0257 0.738431)
(403.788 3.78336 -4.50884)
(401.004 -1.53574 0.0268064)
(399.32 -3.52935 0.061605)
(364.849 -0.158412 0.00276509)
(382.699 0.0414148 0.102505)
(368.541 -10.7722 0.188029)
(365.348 -12.9984 -0.226888)
(363.523 -4.55149 -0.0794465)
(382.465 2.09021 -5.4702e-10)
(366.34 -7.58078 5.50776)
(397.221 -0.042724 0.00074575)
(411.287 -0.476485 -6.81405)
(391.194 -0.0213992 0.000373525)
(385.458 -23.5276 17.0938)
(401.483 -3.44623 -0.0601541)
(400.68 -8.39213 -9.65404)
(369.507 -5.41688 0.0945521)
(395.887 -30.2116 -3.70952)
(394.071 -4.52302 -0.0789495)
(359.004 -2.20191 0.0384345)
(400.964 -3.76285 -0.0656808)
(383.404 -4.4369 0.0774464)
(362.565 -0.700485 -0.012227)
(396.699 -2.53784 -0.0442982)
(403.889 0.287274 0.0301937)
(382.711 -4.42182 -0.0771832)
(371.09 -1.77746 0.0310256)
(395.843 -4.68116 -3.40106)
(360.749 -2.55232 10.2368)
(392.409 1.42517 4.13901)
(395.637 -1.22552 1.31421)
(383.208 17.4077 9.64925)
(403.42 -0.274352 -0.0583154)
(384.131 -6.95516 0.121403)
(402.469 -0.588214 -0.26189)
(367.709 -1.26186 -1.45161)
(399.428 2.77371 7.22577)
(373.736 -0.277222 -0.00483893)
(385.639 -4.49397 -3.38645)
(383.594 -7.72699 0.948756)
(358.678 -1.1354 -0.0198185)
(361.232 -12.5442 -0.21896)
(379.643 -11.5982 -0.202447)
(370.514 -2.59995 0.0453824)
(372.263 2.40881 7.41355)
(380.135 -21.087 0.368076)
(400.568 -11.7099 -8.82403)
(384.002 -1.80886 -0.222101)
(388.686 -1.24796 0.0217832)
(392.969 -1.37248 1.52429)
(373.178 11.8969 -6.86867)
(361.28 -14.0547 -0.245326)
(377.833 -4.51253 -0.0787664)
(405.574 -0.352204 -0.00614774)
(402.907 -3.33154 0.0581522)
(405.53 -0.405566 0.0354824)
(338.471 -9.60464 -0.16765)
(382.356 -35.0731 -0.612204)
(400.912 -1.62263 -0.0283231)
(353.802 0.792916 0.880623)
(388.788 -10.284 -0.179508)
(380.859 -2.08434 0.0363823)
(372.625 2.41213 -0.601411)
(384.459 -15.7348 0.274652)
(404.582 -11.6839 0.203943)
(399.571 -7.46274 0.130263)
(361.5 -18.4949 -0.32283)
(360.27 8.60757 -13.2545)
(364.275 -1.21408 -0.882083)
(247.047 8.40909 0)
(376.994 -2.71098 -2.04287)
(279.291 13.3178 0)
(291.329 16.3169 0)
(406.891 -6.56248 -4.76792)
(308.182 -1.11424 0)
(391.425 -3.64487 -6.57552)
(319.085 9.17697 0)
(312.217 -0.329671 0)
(305.618 6.78153 0)
(321.718 1.43772 0)
(275.02 21.3178 0)
(343.963 24.1019 0)
(331.781 12.0258 0)
(346.923 0.786443 0)
(331.828 -2.44107 0)
(360.596 8.49707 0)
(354.987 1.43761 0)
(358.483 2.53653 0)
(362.443 -5.14032 0)
(358.351 -1.76194 0)
(350.672 -0.358316 0)
(338.162 8.09255 0)
(344.301 -0.310884 0)
(309.525 6.17562 0)
(346.713 1.18554 0)
(369.638 11.1879 0)
(320.245 -10.4096 0)
(339.717 10.0733 0)
(372.876 -0.786864 0)
(346.62 -3.34022 0)
(303.388 18.0027 0)
(351.574 0.0844374 0)
(411.122 -9.37121 4.57064)
(356.495 -4.47453 0)
(344.081 -0.295993 0)
(371.616 -15.4501 0)
(355.308 9.48091 0)
(342.839 11.5641 0)
(337.882 -2.18665 0)
(340.03 -13.1197 0)
(356.47 5.25323 0)
(362.988 -1.10958 0)
(344.712 -10.8319 0)
(298.357 13.6616 0)
(361.852 -2.84218 0)
(346.254 6.46385 0)
(366.369 1.45764 0)
(368.48 -1.99386 0)
(353.206 -6.93318 0)
(370.392 -2.02251 0)
(303.08 -11.8453 0)
(342.631 -0.899022 0)
(373.145 0.0264128 0)
(356.347 -1.11778 0)
(351.89 2.83095 0)
(370.117 -0.235639 0)
(320.3 10.8113 0)
(363.524 -1.78311 0)
(373.607 -2.69524 0)
(292.823 1.24807 0)
(371.28 0.872176 0)
(362.702 1.58119 0)
(338.012 -7.52583 0)
(349.183 -5.66565 0)
(350.723 2.72631 0)
(363.521 -7.33866 0)
(376.334 -0.31589 0)
(365.883 2.13397 0)
(367.371 2.07935 0)
(362.011 -0.00954519 0)
(368.06 -3.07673 0)
(372.446 -25.7108 0)
(341.503 -0.590323 0)
(343.37 -0.256421 0)
(357.646 3.06116 0)
(329.493 -1.2561 0)
(354.044 18.8818 0)
(369.535 -24.0264 0)
(369.149 2.84794 0)
(397.447 -3.39781 0)
(367.353 18.1594 0)
(354.678 4.05878 0)
(375.953 -15.8126 0)
(373.674 7.7632 0)
(362.888 11.1191 0)
(373.089 -9.60931 0)
(361.866 -11.3465 0)
(383.323 -1.9001 0)
(340.668 -0.644542 0)
(331.314 1.1545 0)
(323.949 4.41181 0)
(383.412 -1.32464 0)
(365.404 -2.0267 0)
(381.237 -0.0105845 0)
(381.084 15.4311 0)
(385.684 -8.0632 0)
(338.775 -3.31593 0)
(374.802 25.2635 0)
(381.285 -0.381991 0)
(314.737 0.820604 0)
(378.683 5.66184 0)
(378.411 0.0229685 0)
(365.828 -4.73301 0)
(371.593 -15.3974 0)
(322.229 10.486 0)
(390.335 12.0953 0)
(381.797 4.5169 0)
(387.981 -6.53152 0)
(330.151 -1.52283 0)
(410.576 -7.85297 0)
(395.717 3.92538 0)
(357.244 6.19517 0)
(322.281 -24.9368 0)
(407.238 -7.13141 0)
(396.785 -6.16856 0)
(358.655 1.40919 0)
(391.036 0.0192542 0)
(384.385 -8.48862 0)
(396.111 0.0786027 0)
(378.381 -8.48415 0)
(397.097 2.5307 0)
(388.308 -0.851782 0)
(369.207 -35.4379 0)
(375.777 -1.20846 0)
(373.133 0.767173 0)
(377.888 4.78142 0)
(333.799 -1.729 0)
(388.507 -15.5311 0)
(379.92 -5.3258 0)
(340.666 10.657 0)
(402.099 -0.548874 -0.00958064)
(347.754 -0.68618 0)
(363.512 14.3092 0)
(395.393 -1.02485 0)
(364.467 3.19975 0)
(359.104 -3.07575 0)
(380.642 -3.57303 0)
(396.006 -3.91621 0)
(342.192 -10.8963 0)
(389.573 -0.27791 0)
(391.633 -3.55256 0)
(389.993 0.30641 0)
(396.929 -7.06006 0)
(333.089 -7.67667 0.133997)
(340.856 -8.66258 9.96516)
(321.181 -10.74 0.187467)
(324.708 -19.1786 0.334764)
(328.247 -1.66028 0.0289802)
(348.817 -7.40445 -8.51785)
(365.081 -11.1705 -0.194981)
(351.426 -7.05634 -0.123169)
(306.025 -14.0113 16.1181)
(352.409 -12.0393 -0.210147)
(354.46 -4.63842 -0.0809639)
(329.611 -0.135977 0.156423)
(355.873 -7.31452 -2.37663)
(343.434 1.79844 -1.99737)
(324.558 -19.4301 0.339154)
(354.428 2.64318e-10 -15.4661)
(347.083 -14.925 0.260516)
(335.073 -2.564 -2.94954)
(343.265 1.74261 0.183155)
(354.262 9.81361 13.5073)
(338.265 -0.00820465 -0.00943837)
(341.478 -2.63831 0.046052)
(345.753 -6.29543 -0.109887)
(329.461 -9.60595 -11.0504)
(339.188 -5.65564 -0.0987195)
(333.177 -0.419541 -0.00732312)
(308.477 -12.7864 0.223188)
(345.061 -0.024975 0.00043594)
(339.667 -7.06052 0.123242)
(330.769 -3.26808 0.0570446)
(334.322 -1.32057 1.51914)
(342.986 -10.4285 0.18203)
(348.106 -1.55423 0.0271293)
(334.728 -10.8035 0.188577)
(342.979 -0.308538 0.00538555)
(321.846 -11.2286 0.195997)
(341.459 -3.18616 -0.0556147)
(347.658 -2.68986 0.0469517)
(353.705 -12.2273 0.213428)
(341.699 -2.25947 0.0394392)
(335.139 -7.15031 0.124809)
(323.922 -1.85558 1.34816)
(336.656 -0.680417 0.0118767)
(351.475 -1.61697 1.1748)
(332.037 5.6179 0)
(337.006 -2.82856 0.0493728)
(350.83 5.24885 0)
(340.983 -12.1681 0.212395)
(345.572 -0.667776 -0.0116561)
(333.053 -7.95317 0.138823)
(339.667 -4.65507 -0.0812546)
(370.494 -6.15587 7.08152)
(357.723 -7.49498 -0.130825)
(361.783 -6.57425 0.114754)
(339.768 -0.838786 0.964913)
(341.975 -9.1131 0.15907)
(333.677 -9.30148 0.162358)
(321.229 -2.03769 2.3441)
(336.678 -2.37002 2.72639)
(344.269 -0.0548367 -0.000957179)
(341.602 -1.22494 0.889971)
(346.052 4.30275e-11 2.51759)
(331.074 -2.13742 2.45882)
(335.554 8.46518 1.79933)
(348.945 -2.97065 -3.41735)
(336.868 -4.10414 0.071638)
(316.431 3.03024 -3.36542)
(332.621 -7.65401 -2.48694)
(338.678 -0.00388721 -6.78516e-05)
(347.522 -7.7034 0.134463)
(347.85 -5.01176 0.0874806)
(350.857 -4.01651 0.0701085)
(325.018 -1.26121 0.0220146)
(333.497 -6.66349 -0.116312)
(334.7 -2.23238 2.56806)
(354.056 -5.53998 -4.02503)
(332.135 -2.75823 0.0481451)
(352.824 -1.50577 -0.0262833)
(360.629 -6.89501 -0.120353)
(349.599 -3.93368 4.52518)
(335.543 -4.99783 -3.63113)
(365.905 -4.03235 0.070385)
(359.661 -4.44142 -0.0775252)
(339.145 -4.44688 -0.0776207)
(336.431 -0.484807 0.557707)
(350.726 -4.86216 0.0848694)
(343.717 -9.57036 -0.167051)
(345.188 -0.331006 -0.249431)
(351.306 -3.19864 3.67961)
(366.355 -0.358157 -0.412012)
(352.627 4.16195 -0.364123)
(343.01 -8.87871 0.154978)
(353.804 22.0771 2.3204)
(361.565 9.91626 -0.86756)
(337.988 -5.92552 -6.81653)
(369.983 -4.37469 -0.0763605)
(350.107 -0.0178583 -0.000311718)
(349.212 -2.08308 1.06138)
(359.354 3.01349 1.27915)
(320.054 -16.9062 0.295099)
(321.614 -8.94061 0.156059)
(341.685 -0.530499 -0.38543)
(346.551 -7.52455 -5.4669)
(361.427 -10.726 0.187223)
(351.075 -16.4111 -0.286456)
(362.331 -13.036 -14.9962)
(333.336 -5.44496 0.0950421)
(344.953 -8.62149 -9.91789)
(351.944 -4.95875 0.0865553)
(350.395 6.06959 9.34635)
(378.706 -6.7104 -7.71943)
(351.9 -1.25207 0.021855)
(328.526 15.3655 -1.61498)
(355.168 -3.22459 0.0562855)
(328.387 -12.3518 0.215602)
(335.708 -3.69421 4.2497)
(349.264 -4.56749 -5.2543)
(344.314 -14.1818 -0.247544)
(333.351 -1.00149 -1.15208)
(353.381 -0.802517 0.014008)
(356.541 -6.08797 0.106266)
(339.75 -0.445032 -0.00776807)
(352.533 -9.78714 -0.170835)
(336.543 -0.261667 -0.301014)
(323.28 -3.03109 3.48687)
(350.248 -4.6129 5.30653)
(343.156 4.89014 5.43105)
(341.179 -1.64809 -0.0287675)
(322.84 -8.67621 0.151444)
(358.416 -6.30481 0.110051)
(344.355 -6.74476 6.28959)
(331.489 -5.58567 -0.0974981)
(342.979 -0.238603 0.956984)
(334.889 -3.38216 2.54864)
(348.454 0.181239 10.3832)
(341.3 0.274761 -0.128123)
(351.068 -1.18653 -0.0207109)
(353.384 -4.56681 -7.90995)
(337.743 -9.06304 10.4258)
(346.491 6.36562 9.8022)
(365.33 17.2974 -1.51333)
(348.875 -5.52001 6.35005)
(359.08 -4.33337 -1.16112)
(338.025 -2.88021 -0.0502742)
(335.731 -10.7783 -0.188136)
(363.88 -11.1125 -0.19397)
(369.553 -6.76463 -0.710991)
(354.559 -13.8802 -0.242279)
(372.402 -9.6284 0.168064)
(332.196 -24.7771 0.432487)
(366.846 15.6253 -6.31303)
(338.271 -0.682853 0.0119192)
(352.039 -2.67849 0.0467532)
(326.012 -24.8658 -0.434035)
(335.024 -8.86155 -0.154679)
(353.398 -1.81207 -0.0316297)
(342.258 -1.31471 0.0229483)
(349.534 -2.31077 -0.0403346)
(352.1 2.89047 0)
(363.736 -5.80782 0.610426)
(362.012 -0.0585199 0.00102147)
(345.586 5.41739 -0.569391)
(350.043 0.612353 -0.0643609)
(355.682 -0.232401 -0.00405657)
(345.923 -1.5199 0.0265299)
(329.547 -1.13881 -0.0198781)
(339.158 1.59937 -0.139927)
(357.44 -23.8555 -0.416399)
(330.993 -1.18006 0.020598)
(353.969 0.363962 -1.57649)
(391.572 -18.9666 0.331064)
(351.362 -42.3148 0.738607)
(354.237 -13.001 0.226934)
(370.743 -21.9623 0.383354)
(339.954 -0.695758 -0.0121445)
(384.361 -18.2106 -20.9489)
(336.208 -7.006 -0.12229)
(337.547 -0.626519 -0.0109359)
(333.017 -7.50985 0.131085)
(355.429 -24.8779 0.434245)
(334.02 -0.829586 -3.9029)
(342.436 -0.000947542 1.65394e-05)
(346.59 -5.09914 0.0890058)
(356.995 -2.96013 -0.0516692)
(310.898 0.838919 0)
(255.535 25.9158 0)
(305.889 6.66278 0)
(311.071 -6.8701 0)
(298.144 -2.15867 0)
(327.264 12.7379 0)
(341.312 -0.380822 0.00664728)
(318.421 4.54917 0)
(365.646 -5.9663 0.104142)
(277.209 1.0414 0)
(340.281 -0.991711 4.66563)
(329.154 0.899082 0)
(328.428 5.94737 0)
(335.355 -3.45685 0)
(310.769 -11.0866 0)
(331.465 -3.97854 0)
(325.727 0.0916762 0)
(328.444 5.74873 0)
(352.902 0.826162 0)
(325.626 2.28365 0)
(328.227 6.54876 0)
(323.992 -0.159486 0)
(329.914 -0.0462806 0)
(305.967 32.6747 0)
(319.025 -1.15212 0)
(323.021 4.06906 0)
(354.946 -3.93031 -0.0686039)
(295.463 -15.9474 0)
(303.201 8.6022 0)
(300.055 2.3237 0)
(330.352 0.715043 0)
(318.126 13.103 0)
(330.255 -0.392377 0)
(368.934 -5.32286 0)
(340.903 0.640574 0)
(334.8 -0.105603 0)
(342.235 13.7545 0)
(333.881 -1.48989 0)
(340.805 2.03051 0)
(332.452 -0.553602 0)
(341.156 3.35539 0)
(371.191 -7.22973 -0.126195)
(316.349 2.25629 0)
(327.439 -0.0929541 0)
(321.307 -2.97558 0)
(349.466 -8.13059 0)
(338.801 2.40515 0)
(319.895 1.13249 0)
(328.577 -0.600723 0)
(332.131 -7.43078 0)
(334.078 2.10595 0)
(343.607 -6.72057 0)
(335.261 1.18283 0)
(339.778 3.66434 0)
(318.517 9.63045 0)
(309.872 -9.29141 0)
(360.258 -24.9174 -0.434934)
(340.569 0.147914 0)
(340.036 -3.35794 0)
(331.156 -4.52567 0)
(339.88 -0.426223 0)
(343.324 8.49789 0)
(280.875 30.4534 0)
(317.895 -0.0859798 0)
(341.366 -0.480343 0)
(335.3 3.35312 0)
(339.785 1.93384 0)
(336.146 1.22928 0)
(311.257 0.766322 0)
(278.089 3.81374 0)
(331.617 2.06287 0)
(340.198 0.943888 0)
(309.134 -7.30979 0)
(310.187 -1.9993 0)
(349.735 -0.181153 0)
(330.466 5.43603 0)
(337.68 -16.3207 0)
(337.06 20.0913 0)
(354.736 19.6987 0)
(322.263 -3.84781 0)
(336.353 -9.41927 0)
(308.171 25.5235 0)
(352.604 -15.1745 0)
(326.059 -5.77997 0)
(345.128 -4.84811 0)
(337.145 0.146683 0)
(344.441 0.75161 0)
(344.087 0.176771 0)
(322.014 0.656637 0)
(293.287 8.87535 0)
(325.605 19.8723 0)
(341.886 -2.53532 0)
(329.553 -0.473166 0)
(322.656 11.8645 0)
(341.093 -3.6336 0)
(346.958 -0.834775 0)
(336.949 -11.9788 0)
(344.707 -1.96184 0)
(337.605 1.84574 0)
(346.193 -0.0161786 0)
(335.465 0.940448 0)
(276.065 -0.0978466 0)
(295.478 13.7871 0)
(340.389 5.08948 0)
(345.685 21.5574 0)
(331.487 7.34164 0)
(350.846 4.75713 0)
(290.08 10.7068 0)
(344.183 -2.65339 0)
(337.834 0.938366 0)
(305.779 0.877642 0)
(339.905 -2.32481 0)
(334.713 -0.570762 0)
(334.341 3.5 0)
(311.237 24.6398 0)
(340.278 -4.08344 0)
(345.61 0.759962 0)
(347.933 1.41692 0)
(349.748 0.19775 0)
(301.911 12.2701 0)
(349.277 0.535541 0)
(335.203 1.4715 0)
(345.972 -1.68419 0)
(353.499 -1.5686 0)
(360.249 6.79429 0)
(344.876 0.77461 0)
(338.763 0.293993 0)
(348.994 -0.0425625 0)
(348.88 -0.351189 0)
(296.763 -20.5361 0)
(344.518 0.254514 0)
(347.327 2.49561 0)
(350.327 0.390514 0)
(332.475 -18.737 0)
(296.158 6.1759 0)
(337.521 -4.08279 0)
(347.613 1.86705 0)
(354.357 4.3391 0)
(353.21 -0.178626 0)
(346.087 2.36588 0)
(367.217 -1.51938 0)
(348.91 -0.398149 0)
(335.888 0.578681 0)
(349.558 6.72385 0)
(353.265 -0.272194 0)
(301.949 17.1882 0)
(316.185 18.4943 0)
(328.81 -9.87226 0)
(337.458 -0.445681 0)
(377.133 0.923763 0)
(334.655 4.08048 0)
(314.118 3.81324 0)
(356.546 2.07001 0)
(292.55 1.5576 0)
(350.772 -0.0572297 0)
(352.754 0.809599 0)
(269.126 2.46081 0)
(296.491 -14.041 0)
(354.683 -0.117914 0)
(357.251 -6.70809 0)
(357.756 0.434525 0)
(333.755 3.2059 0)
(350.735 -1.91275 0)
(330.874 2.02282 0)
(318.492 -7.31282 -8.41244)
(322.691 -6.34571 -0.110765)
(316.721 -1.77999 0.0310698)
(323.011 -12.2147 0.213208)
(320.675 -2.86475 -0.0500044)
(316.207 4.90262 -5.25741)
(335.535 -9.77337 0.170595)
(328.858 -5.85449e-10 7.69197)
(315.164 -12.769 -4.14889)
(323.531 -14.4872 -0.252876)
(327.792 -8.4751 -0.147933)
(316.548 -7.04567 8.10511)
(340.707 7.13994 7.65665)
(330.533 -9.45932e-10 -12.4284)
(309.176 -7.33921 -8.44279)
(326.788 -1.57915 -0.0275641)
(329.196 -3.20819e-10 4.21514)
(326.438 -2.89713 -0.941334)
(327.48 -5.81333 6.68748)
(321.479 -1.97508 -0.0344752)
(312.928 -17.9429 0.313194)
(318.717 -3.59013 0.062666)
(296.212 -7.32241 -8.42347)
(317.15 -1.72442 0.0300999)
(266.349 -3.00765 -0.0524987)
(326.362 -2.98781 -0.0521524)
(318.854 6.72419 -7.21082)
(314.81 -3.5467 -0.0619078)
(327.622 -0.826095 -0.0144195)
(326.868 -0.10821 0.00188882)
(323.795 -5.91105 0.103178)
(326.51 -3.01974 -0.0527098)
(319.14 0.0625672 3.58447)
(330.104 -13.431 -0.234439)
(330.334 -13.0335 0.227501)
(314.723 -0.758861 -0.45597)
(303.485 7.18757 3.05094)
(314.564 -7.03267 0.122756)
(337.006 -1.60506 -0.0280164)
(319.523 -27.1114 -0.473231)
(329.955 -13.4437 -0.469463)
(320.182 -1.85136 -0.0323156)
(315.49 -1.48743 1.71109)
(313.602 -4.40341 0.0768617)
(319.517 -9.99849 0.174524)
(326.931 -1.15363 -0.0402858)
(317.805 -2.0529 -3.86095)
(320.016 -1.27686 -0.0222877)
(343.842 24.1549 -15.6864)
(311.731 0.0436634 2.50147)
(314.671 0.516193 2.92748)
(313.733 -10.1115 -0.176496)
(327.802 -3.79173 0.0661849)
(318.469 -1.86013 -0.0324688)
(331.563 -2.16134 0.702261)
(309.666 -9.54193 10.9767)
(326.078 -1.35198 0.0235989)
(320.828 -0.850446 0.0148446)
(320.266 -4.79558 0.0837072)
(324.04 10.2636 11.0064)
(324.225 0.0295415 -1.69243)
(315.353 1.11198 2.49755)
(303.212 -22.8156 0.398247)
(321.388 -4.30428 3.24351)
(312.99 -4.67849 -0.0816634)
(325.707 -24.9689 0.435833)
(327.624 -7.07524 -0.247073)
(328.776 -4.36995 0.0762777)
(327.988 -15.0091 -0.261985)
(333.032 -1.19513 -0.0208612)
(326.312 -1.00046 -0.017463)
(319.273 -3.91734 -0.0683774)
(322.168 -5.96353 -6.86026)
(319.011 -4.13566 -0.0721882)
(323.421 -0.68472 0.0119518)
(317.609 -2.19119 0.711961)
(332.463 1.14861 -1.23173)
(322.114 -1.38262 1.59052)
(328.302 -2.92701 0.0510911)
(307.692 -1.7399 -0.0303701)
(314.31 -28.5486 0.498317)
(314.17 -8.63093 0.150653)
(329.207 -10.935 0.190871)
(334.593 -7.23072 -0.126213)
(317.198 -3.82982 -4.4057)
(314.04 -13.8553 0.241845)
(350.768 -1.98384 -0.0346281)
(324.009 -7.82757 0.136631)
(322.751 -0.0732798 0.0012791)
(316.639 -7.30773 0.127557)
(264.808 -8.15492 0.142345)
(315.863 0.823859 0)
(355.208 -22.1915 0.387354)
(329.513 -3.66711 0.0640097)
(323.451 -1.7828 0.0311189)
(331.297 -5.06062e-10 6.64901)
(322.721 -27.0269 0.471756)
(317.88 -1.22908 0.0214536)
(315.486 -23.2649 0.40609)
(343.556 -18.0368 0.314833)
(313.618 -1.61738 -0.0282314)
(321.687 -2.81352 3.23658)
(344.261 -8.84812 0.154444)
(325.009 -8.16819 -0.142576)
(345.165 -48.0864 0.839352)
(312.573 -4.7045 0.0821174)
(307.901 -13.2925 -0.232021)
(331.766 -19.8305 -0.346143)
(327.872 -7.77553 -0.135722)
(327.406 -5.52351 6.35407)
(316.372 -4.227 -0.0737825)
(317.253 -4.35552 -0.0760259)
(328.742 13.2708 14.2312)
(328.049 -5.17576 -0.0903433)
(323.559 -0.826007 0.014418)
(327.626 -4.34268 0.0758017)
(316.068 -13.1438 -0.229426)
(310.863 -5.62597 -0.0982017)
(317.175 -7.61158 -0.132861)
(328.897 -1.67751 -1.92976)
(346.184 1.44289 -3.39924)
(350.607 8.72521 -3.70363)
(330.635 -0.229983 -0.00401437)
(329.63 2.21895 -3.05412)
(321.596 0.114739 -6.57342)
(315.763 -4.00091e-11 0.525669)
(327.199 -2.83682 -0.0495169)
(322.275 -1.01472 0.017712)
(313.922 -8.48984 0.148191)
(331.109 -9.55807 0.166837)
(324.704 5.28167 5.66389)
(278.363 -6.10113 -0.106496)
(314.509 -0.698584 -0.0121938)
(317.383 -7.70836 -0.13455)
(327.386 -1.83069 0.0319548)
(312.602 -1.98981 0.0347322)
(320.133 -11.8364 0.206604)
(325.298 -1.38654 -0.0242022)
(321.725 -1.41402 -0.0246818)
(320.899 8.59601 -6.01899)
(320.284 -0.882469 -0.0154036)
(331.671 -3.65219 0.0637492)
(319.589 2.22477 0.194642)
(324.503 0.500136 -0.53633)
(328.574 -6.35793 -0.110978)
(330.793 -11.1717 -3.62989)
(333.337 -10.8012 -12.8723)
(338.219 -2.84209e-11 0.373417)
(383.179 -13.9997 -16.1048)
(323.716 1.59652 -3.58584)
(311.751 -2.75537 -3.16969)
(320.257 -6.70399e-10 8.80828)
(313.468 -4.52399 -0.0789665)
(300.259 -14.5158 0.253374)
(325.472 3.50407 -0.306566)
(311.476 -10.4262 0.18199)
(304.627 -4.40444 0.0768798)
(341.463 -9.12219 -0.159228)
(318.643 -2.39026 0.0417221)
(346.396 -8.84004 0.154303)
(319.563 -1.84387 -0.0321849)
(351.284 -39.4056 -0.687828)
(317.085 -3.48514 -0.0608333)
(341.354 -2.31164 -0.0403498)
(325.228 -3.91053 -0.0682586)
(331.567 -2.90413 -0.0506917)
(346.012 -3.65902 -0.0638684)
(328.996 -0.393876 -0.00687512)
(312.284 -3.44771 -0.06018)
(313.56 -3.5043 0.0611678)
(320.815 -5.66899 0.0989526)
(321.668 -36.5294 -0.637622)
(309.462 -15.106 -0.263676)
(329.224 -7.60987 -0.132831)
(308.911 -16.6938 0.291392)
(348.944 -5.43615 0.0948884)
(324.135 -2.67828 0.0467496)
(331.065 -9.07334 -0.316848)
(317.227 -2.00377 -0.0349759)
(308.608 -22.2601 0.388552)
(322.265 -10.3225 -0.18018)
(334.128 -2.40152 -0.0419186)
(315.223 -1.35965 0.0237327)
(326.12 -13.7419 -0.239865)
(332.95 -1.74922 0.0305327)
(337.671 -5.46217 0.0953426)
(325.463 -1.16537 -0.0203417)
(322.985 -1.18332 0.020655)
(318.329 0.757776 -0.812615)
(314.419 -0.391809 0.00683905)
(333.541 -5.7694 -1.87459)
(234.541 24.0366 0)
(330.507 -14.0589 16.173)
(322.81 -8.38379 0.14634)
(322.302 -4.8633 -0.0848893)
(337.947 -5.23735 0.0914183)
(332.656 -0.107503 -0.00187647)
(310.14 -16.2892 -0.568831)
(261.913 -0.0135766 0)
(334.211 2.28208 -0.199656)
(333.969 -5.33367 -6.13568)
(278.865 -1.08885 0)
(332.622 -4.75294 0.0829629)
(324.478 -0.346522 0.112592)
(294.629 10.1727 0)
(286.855 2.04905 0)
(292.983 7.52989 0)
(276.19 -0.0337024 0)
(297.043 -0.29079 0)
(277.474 -0.0459764 0)
(305.804 2.94685 0)
(310.797 -0.0905941 0)
(319.647 -2.44537 0)
(258.662 11.1541 0)
(312.331 9.60123 0)
(309.318 -0.0481451 0)
(295.725 10.3165 0)
(316.479 -0.969282 0)
(312.049 1.99479 0)
(316.113 6.03045 0)
(281.259 -1.23784 0)
(317.05 8.93361 0)
(277.628 4.47678 0)
(309.651 -5.16865 0)
(305.977 2.56302 0)
(308.033 -0.230248 0)
(327.8 -3.82768 0)
(306.228 -0.174343 0)
(281.411 0.279456 0)
(314.406 0.0915636 0)
(313.749 -0.366099 0)
(319.976 0.491528 0)
(309.839 6.27509 0)
(273.095 -4.11344 0)
(308.727 -1.53777 0)
(307.038 -0.135868 0)
(306.913 5.34644 0)
(314.217 0.862019 0)
(316.237 -0.6695 0)
(317.432 -0.473412 0)
(314.451 0.205807 0)
(306.324 0.961023 0)
(314.042 2.0886 0)
(303.391 0.346676 0)
(299.234 0.615925 0)
(315.511 2.89513 0)
(319.294 6.35216 0)
(316.374 0.0660923 0)
(311.148 1.73753 0)
(322.11 4.03772 0)
(315.225 -6.17099 0)
(308.788 5.60898 0)
(316.374 2.38087 0)
(306.008 -0.344737 0)
(317.104 -2.05947 0)
(311.485 16.6627 0)
(312.405 0.0110787 0)
(284.26 1.09567 0)
(304.961 3.23851 0)
(315.868 3.81136 0)
(313.492 3.39782 0)
(296.151 0.614617 0)
(318.431 0.0124476 0)
(306.422 2.81289 0)
(304.465 1.79413 0)
(305.059 2.6034 0)
(295.968 1.32155 0)
(302.91 -8.00763 0)
(304.783 15.996 0)
(313.63 -3.10641 0)
(286.028 8.32617 0)
(301.144 18.4122 0)
(314.269 -5.13399 0)
(278.348 -32.3593 0)
(307.178 3.37413 0)
(318.529 1.12785 0)
(315.813 -0.165243 0)
(319.345 -21.1595 0)
(331.488 -1.52 -0.0265317)
(321.018 -8.7822 0)
(250.903 15.8157 0)
(305.866 -0.177705 0)
(340.307 9.75682 0)
(313.312 6.95948 0)
(266.753 0.954739 0)
(308.529 -0.327253 0)
(279.226 11.0573 0)
(312.819 -1.76348 0)
(318.63 -0.649203 0)
(324.515 -6.84709 0)
(318.332 -16.0339 0)
(308.306 -4.49611 0)
(343.101 -7.23682 0)
(312.824 -6.07211 0)
(281.695 0.93007 0)
(313.199 -3.77183 0)
(297.749 6.11998 0)
(327.288 7.98104 0)
(316.899 -8.20071 -9.43383)
(229.536 25.9927 0)
(299.199 9.60386 0)
(314.692 6.86652 0)
(320.849 1.24415 0)
(323.536 -2.20278 0)
(298.088 0.548404 0)
(325.697 -3.1652e-10 -4.15868)
(295.512 12.3118 0)
(318.364 0.0949101 0)
(318.521 2.19763 0)
(273.708 1.70903 0)
(327.38 -2.04567 0)
(293.078 10.6864 0)
(330.991 -10.6641 0)
(326.172 -2.76043 0.0481834)
(312.272 6.33033 0)
(282.419 5.3998 0)
(318.928 8.41301 0)
(312.443 2.84458 0)
(283.978 2.62692 0)
(304.939 27.9423 0)
(316.784 -8.47942 0)
(303.609 0.244384 0)
(322.61 1.35843 0)
(277.556 18.2612 0)
(333.957 13.8347 0)
(317.854 3.90546 0)
(319.753 -4.09918 0)
(324.368 0.49771 0)
(324.28 -0.0780701 0)
(308.012 4.19202 0)
(261.6 1.85039 0)
(318.172 17.3439 0)
(303.624 2.50438 0)
(316.051 5.67784 0)
(300.953 13.8105 0)
(331.131 -5.45869 0)
(290.296 15.0214 0)
(324.936 -1.43723 0)
(327.055 -10.7624 8.11008)
(321.909 -1.74628 0)
(310.291 4.40932 0)
(326.082 0.400243 0)
(273.164 4.64754 0)
(287.463 10.5848 0)
(324.729 -1.99376 0)
(319.578 2.23267 0)
(314.377 5.77274 0)
(336.445 -3.30836 -2.49303)
(339.411 9.90531 0)
(323.879 -0.077228 0)
(301.608 4.11869 0)
(300.92 7.86107 0)
(336.943 17.0608 0)
(319.589 -0.0474719 0)
(320.427 0.000141351 0)
(334.117 -1.87512 0)
(320.429 12.9837 0)
(282.144 6.18893 0)
(328.763 -4.65223 0)
(326.401 -4.8304 0)
(320.531 -3.66235 0)
(328.956 -1.87066 0)
(314.074 3.97085 0)
(295.492 35.1752 0)
(287.131 9.42417 0)
(323.71 0.788752 0)
(328.711 0.0299873 0)
(316.166 -1.92682 0)
(317.073 -0.236325 0)
(323.646 6.45718 0)
(369.123 2.9638 0)
(321.684 0.688749 0)
(312.927 -0.58109 0)
(324.977 -10.3884 0)
(333.812 -0.275354 0)
(319.235 1.46434 0)
(340.333 -17.6019 0)
(317.934 0.120522 0)
(316.712 -0.130493 0)
(287.335 10.8092 0)
(330.494 -12.5004 0)
(320.646 -0.227677 0)
(319.524 -2.88834 -0.0504161)
(312.982 6.35162 0)
(329.595 -0.917504 0)
(325.358 -2.33099 0)
(320.358 -1.36669 0)
(309.887 10.0628 0)
(293.78 6.77146 0)
(338.847 2.25917 0)
(321.262 9.02923 0)
(331.954 7.6833 0)
(311.18 14.2819 0)
(325.397 3.90325 0)
(331.372 -3.19144 0)
(328.528 -9.55549 0)
(349.386 17.9171 0)
(291.868 -0.96058 0)
(309.303 2.20352 0)
(297.54 20.1683 0)
(318.19 -1.5159 0)
(325.733 1.55371 0)
(278.205 19.4231 0)
(325.668 -19.667 0.34329)
(322.344 -1.00632 14.391)
(283.886 -6.18204 -0.107908)
(313.469 -8.06743 0.140817)
(305.776 -3.12546 -5.87814)
(307.216 -10.5706 0.18451)
(289.096 -8.12003 0.141736)
(303.25 -0.810401 -0.0141456)
(279.695 -9.1404 0.159546)
(302.741 0.0501869 0.102898)
(315.23 -8.18548 0.142878)
(296.165 4.71026 2.83021)
(303.926 2.33829 0.944731)
(302.714 0.24279 2.30999)
(291.056 -0.365583 -0.749556)
(302.52 18.0962 -1.90199)
(291.444 -1.01189 0.0176625)
(311.331 -4.14751 -0.072395)
(300.904 1.01053 -0.196428)
(308.503 3.36512 -2.18533)
(297.788 0.12508 7.16581)
(300.134 -2.26001 0.778182)
(296.425 -1.03744 -1.7969)
(297.617 -2.95852 -3.52583)
(302.792 -0.0188062 0.0814588)
(296.946 0.270336 -0.55427)
(305.555 -5.5755 -0.0973207)
(290.929 -3.72431 0.0650081)
(297.699 1.36155 0.550101)
(305.161 5.95416 -7.90144)
(291.095 -2.83576 0.0494983)
(303.322 1.1786 1.6222)
(297.822 -0.352263 1.81223)
(307.788 -3.83003 0.0668535)
(305.983 -1.83093 -3.30309)
(293.891 -11.2148 -0.195755)
(293.293 -4.77983 -0.0834323)
(287.77 -11.0378 -4.01743)
(299.576 0.665681 0.268953)
(302.615 -3.57318 -0.438731)
(294.301 -0.498402 -1.99898)
(291.004 -5.98556 -0.418551)
(283.276 -14.8153 1.55715)
(289.406 4.36268 -9.3558)
(295.119 10.3008 2.56828)
(312.741 3.49861 3.7518)
(291.931 -1.01063 -0.0176406)
(314.12 -4.37223 0.0763176)
(298.952 -1.94298 -1.12178)
(321.16 15.1298 -6.11284)
(324.338 32.4333 -13.7671)
(304.448 -1.06124 0.018524)
(293.479 4.924 0.517533)
(294.872 -1.87833 -0.797303)
(310.43 -0.0101295 0.000176811)
(298.401 0.804715 1.1076)
(302.495 -1.94904 0.0340206)
(304.696 -0.696736 0.0121616)
(306.159 -2.36242 -0.0412362)
(306.241 6.44492 0)
(301.384 -1.45943 -0.0254744)
(303.158 -1.09614 -0.0191333)
(301.633 0.523893 -0.69523)
(300.326 -0.643074 0.0112249)
(310.442 -5.85784 -1.90333)
(309.233 -9.14778 -0.159675)
(308.242 -2.33869 1.40523)
(291.65 -0.348875 0.783586)
(293.547 0.000630104 -0.00252721)
(324.463 -6.43858 0.112386)
(302.958 -17.6589 10.1954)
(297.325 7.85033 -1.66864)
(303.672 0.276682 0.36717)
(290.194 -3.74842 5.3533)
(281.233 -0.109645 -0.780162)
(295.654 -2.04239 -1.22719)
(295.303 -0.721779 -0.0125987)
(295.908 -2.71711 3.73978)
(309.997 -13.2558 0.231381)
(302.696 -9.43491 0.164687)
(307.101 -6.11735 0.106779)
(312.001 -8.89894 0.155332)
(290.882 -2.43848 0.0425639)
(296.606 -4.24447 -0.979914)
(305.535 2.71676 0.333576)
(305.01 -7.26404 -0.126794)
(296.576 -0.415176 0.932501)
(308.337 -1.13871 5.85817)
(301.381 -1.41847 -0.0247595)
(301.317 -3.3516 0.0585024)
(304.126 -0.113691 0.00198448)
(308.907 -13.3687 -0.233351)
(308.541 -3.97206 -0.0693326)
(298.269 -0.542617 -0.394234)
(305.999 1.82508 -1.18522)
(294.913 -3.75968 -0.0656255)
(302.517 3.77026 -1.83888)
(296.798 -2.70547 0.0472241)
(314.373 5.20511 5.39005)
(329.471 -2.08811 0.0364481)
(303.691 -0.741431 0.0129417)
(309.668 3.37503 -2.19177)
(293.833 -12.8079 -0.223563)
(296.905 -2.99726 -2.25859)
(302.434 2.79357 -1.1858)
(299.046 -2.38368 1.93027)
(299.268 0.0113417 0.00481427)
(296.833 -6.02878 0.105233)
(305.85 -2.63311 -0.0459611)
(298.5 -2.5894 0.0451981)
(296.046 -0.886255 0.376193)
(302.795 -0.198871 0.0034713)
(287.573 -0.130455 -0.139896)
(287.307 -4.48611 -0.0783054)
(305.657 -0.952826 0.0166316)
(319.654 -4.85469 0.0847389)
(294.206 0.0115151 0.659702)
(301.384 2.03357 1.27072)
(313.513 -1.27727 0.0222948)
(304.272 -6.29861 -3.6365)
(301.807 2.12343 0.901345)
(298.453 0.344501 -1.95376)
(306.847 -2.69019 12.6563)
(271.273 12.6513 -2.45916)
(307.715 -12.3073 -0.214824)
(306.308 -4.82937 1.66288)
(299.969 0.665657 -0.916199)
(292.806 -0.110091 1.25835)
(334.286 -7.92902 0.138402)
(291.813 0.187873 0.578213)
(297.209 0.15028 -0.250107)
(306.544 -7.2894 -5.49296)
(312.505 -3.46171 -0.0604243)
(310.042 0.445739 0.289466)
(281.217 -5.90718 0.10311)
(299.974 -6.43181 -2.73014)
(308.734 -8.57874 -0.149742)
(320.087 -2.13356 0.693236)
(289.576 -6.03166 -0.105283)
(304.513 0.90339 0.175601)
(295.521 -3.33663 0.0582411)
(301.316 -1.03232 -0.0180193)
(292.168 -1.40434 0.654854)
(298.694 -6.46627 -0.112869)
(320.21 -3.65019 0.0637144)
(317.967 -30.4543 -0.531581)
(289.299 0.346213 -0.709842)
(306.839 -8.06365 -0.140751)
(302.271 -0.503586 0.00879012)
(308.43 -2.12801 0.0371445)
(306.326 -9.3002 0.162336)
(316.215 -4.95942 2.86332)
(303.937 -0.0669325 -0.00116831)
(282.231 -12.0412 -0.21018)
(294.994 -0.953624 0.0166456)
(292.758 1.55798 2.81067)
(299.554 -2.75046 0.0480094)
(294.126 -8.57086 6.00138)
(304.484 -0.779332 -0.0136033)
(299.306 -7.1811 -0.125347)
(300.113 17.3158 -23.8332)
(312.518 -0.281492 0.323819)
(293.625 -2.54277 -0.0443842)
(308.294 -0.948739 -0.741237)
(311.506 7.41011 -4.81218)
(293.874 -0.629555 -2.96182)
(306.937 -2.73685 -0.047772)
(303.416 -9.02573 0.157545)
(301.107 30.5197 12.3308)
(297.625 -3.05925 0.0533993)
(296.828 -6.33845 -0.110638)
(310.061 -3.62253 0.0632315)
(307.946 3.32639 15.6495)
(290.957 -9.53434 0.166422)
(293.1 -18.3157 -0.959884)
(298.033 -10.467 -4.44299)
(320.788 -1.48891 -0.0259891)
(297.166 8.87029 11.7713)
(301.826 -3.09867 -0.0540875)
(322.959 -20.7646 0.362447)
(287.966 2.94536 1.70051)
(300.487 -1.16536 0.0203414)
(296.471 -15.872 -0.277047)
(308.956 -7.64349 -0.133418)
(288.717 -7.03148 -0.122735)
(290.75 -9.4721 -0.165336)
(297.713 -4.63462 -0.0808975)
(288.347 0.484109 -4.60599)
(304.063 -0.45156 -0.00788201)
(323.492 -2.88877 -0.0504236)
(303.667 -5.84677 -0.102056)
(297.474 2.21851 -2.94407)
(292.813 -13.6746 0.238691)
(317.05 -9.89778 -0.172766)
(245.702 6.33285 0)
(306.039 1.61674 -0.653206)
(277.983 2.82264 0)
(300.506 -2.39131 1.8683)
(248.163 11.6187 0)
(276.992 -1.23472 0)
(302.735 9.7164 -6.8035)
(299.643 -4.35261 9.3342)
(246.895 14.055 0)
(304.399 -15.8421 10.288)
(275.623 4.9757 0)
(285.171 10.6967 0)
(271.371 5.60239 0)
(269.688 -2.02841 0)
(254.059 4.57422 0)
(251.842 -0.123881 0)
(260.359 -1.11838 0)
(264.237 -15.3401 0)
(283.866 4.54217 0)
(258.388 6.64588 0)
(290.853 -1.16721 0)
(276.562 0.261669 0)
(292.133 1.89174 0)
(291.969 -0.0419393 0)
(256.922 0.123395 0)
(297.892 12.6469 0)
(294.043 -6.30943 0)
(283.931 -0.067616 0)
(289.445 -4.68485 0)
(280.14 -7.11928 0)
(292.987 1.76223 0)
(288.362 -3.89799 0)
(268.433 0.0340856 0)
(292.238 -0.186771 0)
(298.92 0.262956 0)
(273.047 22.5624 0)
(292.411 -0.0671928 0)
(294.157 -0.713731 0)
(280.968 5.44062 0)
(291.56 1.35958 0)
(287.008 -2.40832 0)
(289.178 2.85348 0)
(290.512 -5.13993 0)
(282.362 1.72604 0)
(300.409 7.22756 0)
(291.986 -5.40564 0)
(249.069 20.9228 0)
(286.461 0.02507 0)
(285.881 -0.218344 0)
(300.588 -9.41242 0)
(293.677 -0.362438 0)
(263.008 -4.96868 0)
(282.425 4.98433 0)
(290.999 0.263741 0)
(297.712 -1.74935 0)
(294.364 -0.270339 0)
(285.16 7.56177 0)
(275.56 -0.818383 0)
(292.65 -1.05798 0)
(288.779 -2.45569 0)
(284.156 6.41685 0)
(293.471 -0.312965 0)
(270.961 -1.22385 0)
(283.828 1.53118 0)
(299.694 -29.3813 0)
(302.25 -3.18355 0.055569)
(284.485 -0.252948 0)
(306.606 -1.31087 -0.0228814)
(293.635 8.55895 0)
(289.06 5.24329 0)
(292.817 0.121982 0)
(250.426 1.656 0)
(269.417 7.55782 0)
(294.053 -3.20733 0)
(325.721 -15.0067 -0.261943)
(285.303 -3.50107 0)
(285.766 -2.66938 0)
(265.799 -2.1502 0)
(290.869 -0.293303 0)
(276.042 1.1568 0)
(290.84 -0.288469 0)
(281.375 4.75369 0)
(282.755 -0.26017 0)
(284.497 -0.202265 0)
(280.248 10.9005 0)
(283.236 0.314784 0)
(280.75 -3.9519 0)
(307.828 -4.01341 -0.0700543)
(291.891 0.500632 0)
(283.212 7.01237 0)
(294.122 0.566632 0)
(300.638 -3.76045 0)
(303.98 3.93477 12.11)
(288.104 -0.266847 0)
(296.345 -2.19766 0)
(288.855 -2.6234 0)
(296.557 -1.4436 0)
(289.558 -8.00632 0)
(296.631 -0.301666 0)
(295.421 -1.23161 0)
(282.713 1.75304 0)
(294.241 -0.438116 0)
(304.989 -1.12317 0.019605)
(295.099 9.77085 0)
(272.13 -2.50281 0)
(257.757 -1.30962 0)
(288.084 -0.583555 0)
(295.556 0.0265603 0)
(298.489 -3.66825 0)
(272.111 2.40061 0)
(274.069 0.917833 0)
(293.333 -1.25638 0)
(293.38 1.2624 0)
(295.909 -0.373087 0)
(290.538 -12.848 -0.224263)
(295.349 1.94891 0)
(254.974 2.6493 0)
(263.218 -8.6897 0)
(296.699 -10.6301 0.18555)
(279.77 -0.943604 0)
(297.371 -0.197553 0)
(289.811 -3.51922 0)
(261.76 5.09566 0)
(296.218 -5.30932 0)
(289.861 1.22617 0)
(296.876 4.21962 0)
(296.029 1.8181 0)
(305.973 1.05183 30.1204)
(281.987 -6.60122 0)
(266.135 20.5941 0)
(288.433 0.0293738 0)
(292.224 -0.0909702 0)
(286.624 -5.84181 0)
(258.11 -1.87218 0)
(302.835 -1.42946 0)
(292.63 0.610555 0)
(275.798 14.6583 0)
(311.956 2.92064 1.23974)
(283.938 1.38145 0)
(276.728 -1.27111 0)
(271.879 18.3563 0)
(311.776 -1.22953 0.0214616)
(297.449 -0.962439 -0.0167994)
(290.889 -0.283195 0)
(294.341 -2.18648 0)
(289.467 1.25379 0)
(283.734 15.2505 0)
(296.638 0.21563 0)
(302.251 1.64213 0)
(278.532 -11.5033 0)
(291.883 -0.100681 0)
(303.675 -6.62842 0.1157)
(298.682 2.71334 0)
(291.054 -1.84518 0)
(294.584 -3.92906 0)
(287.015 5.31449 0)
(275.341 -1.5079 0)
(309.389 -0.0448305 0.00078252)
(309.561 3.59205 0)
(274.856 -1.45473 0)
(277.519 7.8668 0)
(303.737 -1.00547 0)
(295.61 0.403101 0)
(293.905 4.44748 0)
(265.644 1.65677 0)
(297.97 0.664949 0)
(293.546 -1.57582 0)
(294.407 0.458056 0)
(262.518 -4.04237 0)
(297.777 -0.884831 0)
(293.131 -1.03041 0)
(278.799 4.52717 0)
(290.744 -19.2561 -0.336117)
(291.78 -0.170612 0)
(265.14 8.91564 0)
(289.897 -1.85604 0)
(291.984 1.39176 0)
(288.849 -0.541761 0)
(284.01 1.13407 0)
(293.851 5.02201 0)
(256.492 -0.871805 0)
(281.5 -3.10568 0)
(298.789 1.46594 0)
(287.628 0.0100139 0)
(297.087 8.61991 0)
(284.441 12.9021 0)
(296.409 -2.14781 0)
(288.197 6.81588 0)
(289.601 1.67634 0)
(291.556 2.95126 0)
(293.906 6.49216 0)
(297.416 4.95937 0)
(286.505 22.663 0)
(297.818 1.71037 -8.04668)
(278.985 0.16311 0)
(298.84 1.03526 0)
(292.982 2.60244 0)
(298.914 -0.9613 0)
(306.294 -1.43147 -0.0249864)
(314.595 -5.97057 0)
(279.083 5.46986 0)
(278.619 -13.2501 0)
(291.663 -1.95489 0)
(299.561 -1.23587 0)
(303.893 0.142413 0)
(296.783 -7.95849 0)
(293.573 1.8802 0)
(305.294 4.15019 0)
(297.299 -8.05263 0)
(291.327 -0.805563 0)
(277.645 -1.473 0)
(300.478 6.53207 0)
(308.137 5.11239 -3.32002)
(241.378 9.83797 0)
(315.644 -0.749071 -3.5241)
(300.236 -1.10773 0)
(299.108 4.33881 0)
(292.649 -4.16094 0)
(314.677 17.5332 0)
(290.919 1.6727 0)
(301.007 -3.75213 0)
(299.659 0.901225 0)
(284.208 -0.481157 0)
(299.804 2.22842 0)
(215.824 36.7705 0)
(276.332 -4.74712 0)
(306.591 0.956791 0)
(308.886 -1.63087 0.0284669)
(300.658 10.1232 0)
(300.008 0.144964 0)
(299.388 -0.547071 0)
(300.136 -3.30738 0)
(260.959 5.31309 0)
(295.234 0.601911 0)
(291.388 3.65802 0)
(301.505 -3.9034 0)
(287.616 -5.54744 0)
(283.739 1.11914 0)
(291.849 3.65845 0)
(302.718 -0.82475 0)
(279.399 -2.04088 0)
(254.794 -0.287479 0)
(292.626 -3.31596 0)
(295.26 0.52191 0)
(292.45 5.94747 0)
(293.934 4.1946 0)
(255.895 2.59891 0)
(294.551 4.83564 0)
(310.551 7.61242 0)
(299.461 -0.466276 0)
(286.242 1.74229 0)
(297.57 0.505702 0)
(286.148 -0.735934 0)
(308.033 12.7299 0)
(279.159 3.2631 0)
(289.199 5.71936 0)
(294.601 7.5861 0)
(303.158 -7.62116 0)
(309.239 14.615 0)
(297.061 8.6096 0)
(300.004 -0.340342 0)
(295.745 1.68632 0)
(301.948 -0.0527163 0)
(276.094 2.72721 0)
(274.085 4.45817 0)
(301.547 -1.80421 0)
(283.334 0.810075 0)
(281.439 4.95013 0)
(299.22 5.22997 0)
(318.304 -47.2743 0.825176)
(288.621 -1.04852 0)
(282.761 -0.743 0)
(283.849 5.12256 0)
(301.846 5.62878 0)
(298.499 -12.3093 0)
(308.124 -2.18007 -0.0380533)
(287.785 18.8737 0)
(297.169 -4.08154 0)
(284.94 -3.64506 0)
(300.74 -4.22435 0)
(279.877 2.99248 0)
(247.861 31.6062 0)
(302.672 0.366671 0)
(318.915 19.9444 0)
(289.063 -4.69844 0)
(301.845 -1.03235 0)
(301.484 -0.415112 0)
(300.781 -1.33832 0)
(304.186 6.03421 0)
(305.307 0.649824 0)
(285.999 3.77174 0)
(270.007 1.77321 0)
(302.973 1.2024 0)
(273.038 4.46169 0)
(258.021 0.0677201 0)
(269.409 2.80249 0)
(314.718 6.89309 0)
(299.934 -5.88164 0)
(297.772 10.3432 0)
(292.553 -0.380158 0)
(300.475 -0.697651 0)
(297.373 -7.66513 0)
(301.638 7.14904 0)
(304.161 -1.59496 -0.0278402)
(274.783 8.79814 0)
(288.51 -4.04282 0)
(286.254 -0.215507 0)
(311.873 26.4958 0)
(288.142 6.3672 0)
(288.409 -11.0161 0)
(227.703 24.5668 0)
(304.463 -0.309735 0)
(321.02 -1.71637e-09 -22.551)
(310.575 4.02676 0)
(285.034 22.5772 0)
(299.276 -0.921135 0)
(299.374 -4.0968 -0.0715098)
(306.044 0.428167 0)
(284.122 15.4795 0)
(295.855 6.66856 0)
(306.016 0.7781 0)
(274.468 3.84215 0)
(224.693 38.0042 0)
(307.303 -7.70858 0.134554)
(284.904 4.83565 0)
(304.506 0.346233 0)
(306.322 2.29339 0)
(307.43 -4.38821 0)
(280.964 6.01943 0)
(302.185 8.54452 0)
(296.905 2.98269 0)
(294.54 2.53347 0)
(270.749 2.36238 0)
(288.388 -4.274 0)
(328.765 1.34866 1.39658)
(311.284 -3.66863 0)
(312.402 -1.59604 0)
(317.674 -1.69114 0)
(291.519 -10.5743 0)
(273.207 26.9055 0)
(295.065 5.49146 0)
(307.655 -3.18208 0)
(279.946 2.65621 0)
(303.876 -0.655279 0)
(311.013 -1.33913 0)
(309.169 0.401135 0)
(289.723 2.56056 0)
(301.847 1.96974 0)
(309.544 -0.552812 -1.03969)
(301.615 7.55006 0)
(305.539 -0.332517 0)
(313.816 -2.66491 0)
(298.316 1.47369 0)
(302.972 -1.75731 0)
(306.024 3.40316 0)
(269.929 8.26983 0)
(294.995 -0.127037 0)
(253.46 29.0515 0)
(323.408 -2.02406 0)
(311.797 0.447972 0)
(289.397 7.78912 0)
(283.093 1.92351 0)
(299.088 -2.07431 0)
(302.882 1.78548 0)
(304.949 -1.36146 0)
(302.013 -1.52746 0)
(287.422 0.381594 0)
(295.582 1.94396 0)
(307.652 0.760362 0)
(256.935 3.37757 0)
(273.807 7.66755 0)
(308.727 1.9064 0)
(299.006 1.56543 0)
(300.394 1.38276 0)
(306.997 0.561751 0)
(302.723 2.13655 0)
(289.032 0.697566 0)
(305.916 -3.74448 0)
(280.151 8.19907 0)
(304.076 -0.297806 0)
(307.656 2.21598 0)
(306.102 4.88252 0)
(311.204 -4.42846 0)
(289.642 -1.78379 0)
(269.398 17.0107 0)
(309.791 -0.165405 0)
(315.413 0.709801 0)
(308.675 0.271585 0)
(308.766 0.112743 0)
(302.537 -0.501748 0)
(296.079 -11.068 0)
(305.772 -5.42685 0)
(305.403 -0.578711 0)
(280.152 14.7726 0)
(304.145 -2.95166 0)
(313.601 -1.94963 0)
(294.445 0.537356 0)
(279.793 4.8667 0)
(264.209 1.47966 0)
(302.289 -1.30009 0)
(252.056 4.82333 0)
(305.101 1.89328 0)
(299.482 6.54247 0)
(309.545 4.47929 0)
(311.035 1.04613 0)
(281.36 18.8979 0)
(312.404 8.45127 0)
(304.316 -7.60159 0)
(310.971 -0.345717 0)
(310.361 0.378188 0)
(298.278 -5.49458 0)
(301.255 3.46178 0)
(302.982 -1.37514 0)
(270.779 0.36241 0)
(311.81 0.614323 0)
(313.02 -0.666329 0)
(309.352 -5.97412 0)
(269.969 25.7974 0)
(310.975 -1.96257 0)
(272.25 -0.0415884 0)
(305.638 -4.29311 0)
(308.654 0.0365987 0)
(303.065 0.339459 0)
(306.215 5.64739 0)
(290.749 3.0269 0)
(301.193 6.96764 0)
(301.358 6.12388 0)
(300.398 4.99337 0)
(312.696 0.257878 0)
(308.017 -0.415571 0)
(303.581 -4.72802 0)
(309.293 -3.59692 0)
(290.523 -3.245 0)
(308.816 -2.94791 0)
)


// ************************************************************************* //
