/*--------------------------------*- C++ -*----------------------------------*\
  =========                 |
  \\      /  F ield         | OpenFOAM: The Open Source CFD Toolbox
   \\    /   O peration     | Website:  https://openfoam.org
    \\  /    A nd           | Version:  7
     \\/     M anipulation  |
\*---------------------------------------------------------------------------*/
FoamFile
{
    version     2.0;
    format      ascii;
    class       vectorField;
    location    "0.7/lagrangian/reactingCloud1";
    object      UTurb;
}
// * * * * * * * * * * * * * * * * * * * * * * * * * * * * * * * * * * * * * //


2444
(
(8.51518 5.04141 0.328078)
(0 0 0)
(0 0 0)
(0 0 0)
(0 0 0)
(0 0 0)
(7.35071 -10.5335 -0.309882)
(8.30274 -0.182442 -1.44452)
(0 0 0)
(0 0 0)
(0 0 0)
(0 0 0)
(0 0 0)
(0 0 0)
(-0.00920438 -0.272906 -0.0123546)
(0 0 0)
(0 0 0)
(0 0 0)
(0 0 0)
(-0.208645 2.90942 3.63768)
(0 0 0)
(0 0 0)
(0 0 0)
(0 0 0)
(0 0 0)
(0 0 0)
(0 0 0)
(0 0 0)
(-3.22422 -0.816039 5.06202)
(0 0 0)
(0 0 0)
(0 0 0)
(0 0 0)
(0 0 0)
(-6.97996 -2.87296 -1.94535)
(0 0 0)
(0 0 0)
(0 0 0)
(0 0 0)
(0 0 0)
(0 0 0)
(1.04426 -1.42243 -0.569459)
(-2.08105 2.84747 -1.23706)
(-2.54439 0.330193 -1.81682)
(1.14386 -1.39278 -0.914047)
(0.213984 -0.22997 0.415608)
(3.02639 0.272472 -0.949021)
(0 0 0)
(-2.40912 -0.46211 1.25482)
(1.67574 -0.355542 -0.545709)
(0 0 0)
(-1.76979 5.17138 1.54837)
(-2.78946 1.313 14.8022)
(0 0 0)
(0.590426 0.66923 -0.343864)
(0 0 0)
(-0.144225 -0.0702721 0.398792)
(0 0 0)
(0 0 0)
(0 0 0)
(-4.63716 -4.01935 0.589497)
(0 0 0)
(0 0 0)
(-1.5118 2.97544 1.0069)
(0 0 0)
(0 0 0)
(0 0 0)
(0 0 0)
(8.56712 1.06809 -4.48704)
(0 0 0)
(0 0 0)
(0 0 0)
(0 0 0)
(0 0 0)
(0 0 0)
(-2.42267 -0.53553 13.6443)
(0 0 0)
(0 0 0)
(3.34462 1.09768 -1.3217)
(0 0 0)
(0 0 0)
(5.09954 -0.821944 -2.09343)
(0 0 0)
(0 0 0)
(0 0 0)
(0 0 0)
(0 0 0)
(0 0 0)
(0 0 0)
(0 0 0)
(0 0 0)
(0 0 0)
(0 0 0)
(0 0 0)
(0 0 0)
(0 0 0)
(0 0 0)
(0 0 0)
(0 0 0)
(0 0 0)
(0 0 0)
(3.51825 1.56662 -5.24092)
(0 0 0)
(0 0 0)
(0 0 0)
(0 0 0)
(0 0 0)
(0 0 0)
(0.672873 -1.61422 -4.0341)
(-4.17307 -3.9077 -0.239003)
(-0.19737 -3.56059 1.25416)
(-4.12406 1.04493 1.41453)
(0 0 0)
(0 0 0)
(0 0 0)
(0.358667 -8.07696 0.86536)
(0 0 0)
(0 0 0)
(-0.073171 0.152451 0.276987)
(0.855703 0.483746 -0.607739)
(0 0 0)
(0 0 0)
(0 0 0)
(12.1486 4.23309 3.83964)
(1.93156 2.2945 -3.83038)
(-0.317791 -5.75729 0.834163)
(-0.17527 2.38546 -1.82411)
(0 0 0)
(2.91564 -1.49651 5.93755)
(0 0 0)
(0 0 0)
(0 0 0)
(-1.74927 -11.0022 2.60647)
(0 0 0)
(-9.30152 0.0796286 5.67272)
(4.47779 -9.59319 2.12535)
(0 0 0)
(0 0 0)
(1.38487 1.12954 -1.51074)
(-2.394 -3.3164 -0.915282)
(0 0 0)
(-9.46339 -18.1896 2.00562)
(0.206412 0.573927 -0.126268)
(-0.653011 -1.10953 -1.52553)
(-0.803081 9.23716 8.91237)
(1.63344 -2.51935 0.902389)
(0 0 0)
(0.780881 5.51238 -3.15361)
(3.15222 -2.98167 -5.00092)
(0 0 0)
(0.718225 1.33749 -1.33385)
(9.36696 -1.87434 2.64632)
(0 0 0)
(-0.897845 -4.71164 -0.0176935)
(-1.70065 -6.33975 1.52486)
(0 0 0)
(-0.00920253 -0.0912852 -0.0228387)
(1.21501 -2.19681 4.30878)
(0.40424 0.925191 -4.73)
(-0.466628 8.41368 -3.05294)
(0 0 0)
(4.05536 -2.81635 0.828239)
(0 0 0)
(-2.50129 4.31159 -3.19716)
(2.00128 1.17282 0.553124)
(1.00778 -1.7441 1.8678)
(0 0 0)
(-1.00494 3.60477 -4.69183)
(0 0 0)
(1.2886 -1.45996 -2.17746)
(0 0 0)
(-4.37292 -2.6671 -1.26466)
(0.0893124 -0.981738 -0.962593)
(3.96667 -1.19197 -0.226034)
(0 0 0)
(-3.97512 2.45006 -2.282)
(0 0 0)
(0 0 0)
(2.46207 3.80613 3.23736)
(6.23478 1.51424 -5.83653)
(-8.07057 -0.216732 -3.42096)
(0.401072 -1.14775 -2.77485)
(0 0 0)
(8.22326 -4.41815 -5.99459)
(-1.49793 -1.03405 -0.808517)
(0.202922 5.03116 -3.48785)
(-1.78737 -0.976644 0.506075)
(-13.5735 -9.43464 0.839237)
(5.88749 1.32325 1.67511)
(-8.60214 -3.97447 -0.405816)
(0.187133 -1.89131 -0.619608)
(0 0 0)
(1.27254 -2.13719 1.68479)
(-1.80741 5.89861 5.14649)
(0 0 0)
(-0.261198 -2.37612 0.518815)
(4.30827 0.43777 -4.97763)
(0.369888 -0.524972 -0.317011)
(-0.346627 0.263945 0.996143)
(-0.635212 -3.32817 -2.86689)
(0 0 0)
(0.0895794 -1.56338 0.508268)
(0 0 0)
(0 0 0)
(-1.04672 0.126664 -0.161237)
(0 0 0)
(0 0 0)
(0 0 0)
(10.4753 -5.3441 5.15927)
(0 0 0)
(-4.44898 2.66372 2.10357)
(4.9687 -1.69029 0.910659)
(1.54929 -2.63352 1.30248)
(-3.02326 5.46049 2.65789)
(-2.36411 7.74686 2.73673)
(-3.0001 18.5474 -1.70408)
(-1.20804 3.18871 1.19024)
(0 0 0)
(0.474087 -1.09969 0.97646)
(0.105031 0.488702 0.332882)
(0 0 0)
(-0.872048 0.712919 -0.83615)
(3.46247 5.84464 -3.08579)
(0.291075 -0.153891 0.31592)
(0 0 0)
(0 0 0)
(9.64663 4.69263 -2.5722)
(-0.741271 1.02768 0.539746)
(0 0 0)
(4.70804 2.12548 -0.0946282)
(-0.0222057 0.0848903 -0.0446832)
(-0.135827 0.263283 0.40514)
(-3.72023 -1.09328 -0.869551)
(-11.9738 5.72288 -0.366636)
(-2.40195 1.97341 -0.638032)
(-2.96828 -2.49125 -2.60278)
(0 0 0)
(0 0 0)
(4.88996 6.09713 -29.841)
(0 0 0)
(2.56889 -3.68895 6.20125)
(2.22607 1.51967 0.689065)
(-0.549523 -0.673997 1.65649)
(0.741376 4.38139 -2.88458)
(-0.00560265 0.0255549 -0.0105841)
(-5.78085 5.73853 2.0142)
(-1.51706 0.0546526 -2.38706)
(0 0 0)
(2.53574 3.17096 1.12463)
(-6.7279 -7.33104 -0.716716)
(-0.23767 -1.3021 -1.04019)
(1.30643 -0.538971 -3.28523)
(-2.34275 -1.43383 -1.83882)
(0.435493 -0.183217 -0.2147)
(-1.27027 -2.3724 1.76874)
(0.882494 8.00026 -1.32635)
(0.51768 2.93964 -4.66369)
(-3.27629 -3.51578 -7.32483)
(0 0 0)
(4.47606 -1.0512 -2.87847)
(-0.705424 0.311937 -0.479391)
(3.01323 1.15969 -12.625)
(-0.0987481 -0.384968 -0.0741502)
(-0.176499 0.373439 1.04069)
(3.53405 4.34666 7.16973)
(3.46829 1.05257 0.177585)
(0 0 0)
(0 0 0)
(7.58079 0.644558 1.94825)
(2.81253 0.232525 -0.0571675)
(0 0 0)
(0.49663 -11.7538 -0.352946)
(-0.370495 -0.558343 0.336251)
(3.31344 -0.971449 1.54631)
(7.70916 -0.235116 2.12729)
(-1.28023 -0.445998 -0.0538062)
(-6.22246 -0.323883 -0.852826)
(-2.21636 -2.78594 -0.458889)
(0 0 0)
(8.17295 -4.70821 -9.67434)
(-2.49088 1.62852 -2.70077)
(3.46726 -4.61471 4.77257)
(0.495377 1.39604 1.09536)
(0.764415 -0.336851 1.21537)
(0.00587251 0.421598 0.965532)
(1.37845 -0.0305542 -1.39571)
(1.16637 0.781797 0.551234)
(14.0636 -4.8447 -2.77329)
(0.230552 2.1548 0.433917)
(-1.05682 7.15493 -4.34703)
(-3.66597 -0.308851 -1.47637)
(0.0989439 0.465014 2.13698)
(1.39843 -1.10153 -0.741843)
(-0.242889 0.156025 0.718694)
(-2.11463 -0.413811 3.4082)
(-11.4717 11.1602 -4.94762)
(-0.234915 -6.99139 0.618903)
(2.18256 -10.7988 13.6102)
(0 0 0)
(10.2844 -4.71284 15.2276)
(9.25715 -3.45297 -1.33246)
(9.20148 8.44607 0.775891)
(-5.41647 6.59311 -2.45726)
(1.82823 0.0634837 1.11826)
(0.511075 1.0379 1.23371)
(0.447082 -7.09833 0.0114223)
(2.75839 0.403369 -0.87962)
(-2.64159 -0.270903 -2.17256)
(-4.22102 7.55434 -2.23724)
(26.4733 -14.6295 1.79916)
(0.168751 -0.000795124 0.0569897)
(-0.248081 -0.201578 1.49627)
(-0.703559 -1.8063 -1.44356)
(2.84903 -1.42787 8.30892)
(4.41552 -0.944705 5.22764)
(-0.395818 -2.61448 2.14966)
(-0.898954 -1.83478 -0.905579)
(-0.279027 -0.233658 0.139539)
(-2.98001 -5.48875 1.82356)
(-0.428346 -1.54336 -0.267319)
(1.44215 -0.339457 0.364411)
(1.47748 -2.74033 0.805239)
(0.767288 6.95586 -1.1532)
(3.78125 -1.1086 1.76462)
(-19.7132 -1.02608 -2.70181)
(0.441819 0.275238 0.361289)
(-3.67171 -7.39595 -7.13116)
(0.934681 7.70116 -2.03278)
(0.097778 -2.47265 1.62429)
(-0.0200267 -0.0720449 -0.0493506)
(22.2859 -7.67715 -4.3947)
(-3.17534 3.4325 -1.04504)
(-2.10522 -1.87503 -0.444001)
(0.647427 2.12332 -4.2955)
(0.426209 -4.0223 -0.846562)
(-2.19613 -5.0109 0.253317)
(1.89519 0.692195 -0.00268069)
(4.2891 -3.32419 2.01532)
(0.425151 4.3655 -1.76639)
(-2.408 -5.02171 -2.8471)
(2.98032 -2.56025 5.96918)
(4.92131 -10.2653 -0.673089)
(21.8148 6.98272 21.4078)
(0.0305854 0.00763197 0.0256233)
(2.10054 13.3351 -3.75226)
(-1.50266 -1.47163 0.849862)
(0.0857553 1.79306 -0.642016)
(3.08606 -7.35438 -0.819044)
(-0.298266 -0.974969 0.0864418)
(-1.41444 -1.56314 -0.832738)
(-2.72348 4.13531 0.759282)
(1.15394 0.778928 2.08892)
(-0.90312 -3.712 -0.116603)
(4.91708 -2.51977 7.15447)
(1.91377 -1.18891 -0.696544)
(1.12058 0.410134 1.12167)
(1.52817 -1.67204 -0.713004)
(-0.0693881 -0.669419 -0.252657)
(0.015736 -1.84974 2.08257)
(0.131607 0.179517 -0.0914154)
(-14.0885 -13.2844 0.581085)
(0.0274573 -0.497706 0.515946)
(-0.014327 0.491436 0.206281)
(2.61969 -1.37609 -1.94895)
(-2.71124 -0.187675 -0.176059)
(1.44166 0.584272 -0.219475)
(0.0378171 -4.48925 0.235146)
(0.69305 0.835538 -1.47174)
(1.76756 -3.27837 0.963339)
(0.177516 1.86302 -0.138064)
(2.68589 -3.96325 2.00104)
(-2.3058 -2.11598 -0.34096)
(0.753458 19.36 -2.31022)
(4.744 5.56399 -2.60319)
(9.08215 -1.38878 0.808866)
(0.467256 1.31391 3.87532)
(0.666812 0.612623 -0.028247)
(-0.915169 2.18812 1.67194)
(-3.00091 -6.57676 0.535912)
(0.244205 1.09572 -0.171126)
(-0.678554 -0.453238 0.0494803)
(1.05898 6.40615 -0.286427)
(-1.73679 1.82262 -0.924584)
(-11.5244 -12.1641 0.327003)
(-6.74662 7.28344 -0.690318)
(0.493854 0.0146836 0.533946)
(0 0 0)
(-1.31467 -1.10386 0.34972)
(-8.50556 -8.47683 0.659031)
(0.0906757 -2.29305 1.50631)
(-6.95705 7.0366 -3.13823)
(-1.90121 5.70875 1.8263)
(-4.1869 -1.21573 -1.93964)
(0 0 0)
(-5.79902 -16.165 -8.77732)
(1.53867 -3.20387 -0.0801091)
(0.160262 -2.1307 -0.510762)
(0.146738 -0.0496173 0.903792)
(0.595408 -2.30059 -1.31288)
(-2.12882 -0.867088 0.262405)
(-0.0771568 -1.96669 0.855874)
(2.5865 -1.15472 -1.41302)
(3.75293 -1.93193 1.38461)
(-1.48602 -0.793154 0.982404)
(-4.91145 -1.58786 -0.853538)
(0.295553 -1.17717 0.904792)
(0.246755 -0.749272 0.393901)
(0.469718 -2.92489 0.978776)
(-0.514505 -0.308922 -0.252837)
(-0.0843555 -0.572383 0.142712)
(-4.69534 -1.57713 -3.64912)
(-0.0240815 -0.0610068 -0.0134339)
(3.62701 -8.4638 0.260886)
(-0.315644 -0.420405 -0.805097)
(0.25763 -0.456663 -1.3466)
(1.89948 -6.23535 1.98223)
(4.37997 -0.39648 -0.809628)
(-0.655063 -1.61439 -1.39854)
(2.87187 -1.56827 -0.443264)
(-0.649542 -2.89823 0.349951)
(-3.01329 -1.72451 3.24786)
(-4.73491 -4.32533 -4.97505)
(-0.664686 -0.972342 -0.92597)
(-0.516644 -1.67332 1.31647)
(-11.443 2.46956 3.63611)
(-3.76234 9.93095 3.70689)
(3.67694 12.4734 -2.30147)
(-0.213205 0.413269 0.635938)
(-0.131778 11.0041 2.16695)
(6.73445 8.70812 2.59226)
(8.77693 2.21088 0.273165)
(6.24346 2.81866 -0.125489)
(4.50971 1.36862 0.230908)
(2.5207 -1.47088 -1.21893)
(-1.39316 2.36957 -0.728678)
(-0.883625 -3.63188 -0.114086)
(0.814392 -0.152614 -0.0597262)
(-2.13772 -1.42788 0.155883)
(-1.14015 0.969124 -1.02096)
(-0.350874 -1.14694 0.101689)
(-3.11199 -8.88552 -6.92815)
(-1.36528 0.899118 0.652393)
(0.232129 2.87513 1.35909)
(0.959536 5.8046 -0.25953)
(0.293335 1.31616 -0.205554)
(9.5707 -1.46348 0.852376)
(-1.19518 -0.416367 -0.0502315)
(0.280135 3.29035 -1.96866)
(1.53451 0.194531 0.734234)
(0.415418 -3.92047 -0.825129)
(0.257127 1.08439 1.1474)
(-0.065484 -0.631755 -0.238441)
(11.5702 -15.0503 7.95479)
(0.143693 0.815958 -1.2945)
(1.58077 10.0354 -2.82378)
(-0.016927 -0.110244 0.130154)
(4.91368 -8.49361 -3.58838)
(6.41742 7.91179 -3.16739)
(0.0809996 1.69363 -0.606412)
(-1.03234 -1.55576 0.936927)
(0.17895 1.83748 -0.743492)
(-0.771534 0.809661 -0.410727)
(1.1121 0.0330656 1.20238)
(0.535745 0.498893 0.668803)
(-3.27121 1.10918 -0.900016)
(-3.7254 -0.50438 -5.86595)
(6.58616 -9.18504 3.5642)
(0.0267064 -0.484096 0.501837)
(-1.21496 1.52953 -0.767586)
(3.94382 2.2695 -0.700836)
(-2.61922 1.67535 -19.145)
(0.671518 0.809578 -1.42601)
(1.55886 -1.70562 -0.727323)
(0.636304 0.584594 -0.0269547)
(-3.06314 2.97995 -1.3211)
(3.70938 7.81809 6.34859)
(-2.43826 2.9011 5.50948)
(-4.75498 -1.38068 -2.20281)
(0.620838 0.872889 2.15181)
(-2.11741 -2.56786 -3.30023)
(-1.18148 -1.3457 1.11785)
(3.30085 2.12494 -4.46933)
(8.50648 -1.74917 -6.57427)
(21.0592 1.79057 5.41219)
(-5.44664 -4.5291 -0.848764)
(-1.03363 6.99795 -4.25165)
(-2.78675 -2.99046 -6.23037)
(1.5824 -0.0998117 0.30833)
(7.244 -0.22093 1.99893)
(-3.51363 1.22677 4.0604)
(-3.51302 -1.85858 2.13264)
(-1.98093 -0.166889 -0.797764)
(2.04469 2.51484 4.14817)
(-1.40936 4.23188 1.35383)
(9.73392 5.80607 1.30305)
(-0.776553 -0.0234189 1.06896)
(2.63073 0.481821 -1.68734)
(7.32386 -4.42544 0.38032)
(4.78418 14.3382 1.32161)
(-1.08432 -0.134956 -0.986622)
(4.71865 0.390112 -0.0959113)
(0.0817085 0.344591 0.364615)
(-3.68802 -3.09665 0.981067)
(-1.28933 0.84672 -2.59743)
(-0.0165008 -0.107468 0.126877)
(-0.782198 0.511395 -0.848107)
(-0.675969 0.298913 -0.459374)
(-0.0753458 -0.0193913 -0.0187421)
(-7.00888 -8.31622 -0.189496)
(3.70888 2.48599 1.75284)
(-4.78891 8.14523 -2.50478)
(-2.5137 2.26282 2.86045)
(4.80891 2.40142 -0.0979186)
(0.27069 -0.831635 -0.813936)
(-0.226303 -0.719958 3.14596)
(4.64892 -2.15154 0.49344)
(-0.619568 -2.22197 -1.59071)
(-0.487822 -0.220393 -0.605629)
(5.16121 -1.00942 5.1171)
(3.86449 -0.69293 2.41293)
(-0.450762 -0.853003 0.0304212)
(0.0895419 -0.677832 3.53096)
(0.750377 -0.0109741 -0.187023)
(-0.0789946 -2.01354 0.876261)
(0.401306 -1.30961 -1.85509)
(-0.351422 -1.67326 6.58803)
(-0.133256 -0.0023587 -0.0617604)
(7.02084 -6.71119 0.402792)
(0.0666831 -1.48081 -0.642109)
(-7.93636 -7.20815 6.01052)
(-1.97438 -4.94838 -1.6673)
(0.291653 -1.0366 -0.196254)
(1.92004 -4.89646 -1.69234)
(-1.5727 -0.0378009 -0.771459)
(0.648083 -0.952638 2.17222)
(6.29279 -3.30732 -2.99918)
(6.31689 -0.134262 -2.8683)
(0.02453 -0.0116847 -0.455551)
(5.99419 -1.97404 9.37882)
(-0.170319 -0.24291 0.124172)
(-0.346664 -7.71998 7.40326)
(1.0882 -3.23425 13.9667)
(0.588522 -4.80124 -2.01272)
(-5.6031 -4.70263 -4.91317)
(-0.42621 -0.137539 0.308155)
(-0.21238 -0.276957 -0.405808)
(1.19239 -0.625185 -1.5765)
(-6.6111 -2.07023 -0.947337)
(-0.0847967 -0.0496073 0.0122927)
(8.04747 -8.29478 -7.02537)
(-0.377237 -0.0474793 -4.00746)
(0.123608 -0.00408465 -0.0290094)
(0.622667 -0.830188 3.51785)
(-0.757986 -4.45989 -2.11838)
(4.65823 -2.82553 -1.37429)
(-0.161545 -0.177741 -0.605877)
(4.70195 -3.38662 -0.610454)
(-3.5883 -0.643375 -0.307215)
(0.239489 -0.48293 0.325505)
(5.55175 -6.40915 -0.656188)
(-0.330772 -8.20349 11.2978)
(-3.62786 -0.833865 4.05822)
(4.98565 -4.90093 8.99335)
(-8.70744 -2.18425 -4.09583)
(0.323956 -6.09588 0.218566)
(6.57858 -2.24333 1.11259)
(-1.82312 -10.932 6.53332)
(1.13244 -1.03619 -0.0542006)
(1.34475 -1.93908 -0.972711)
(-10.477 -6.41837 -7.58005)
(2.69049 -4.52269 1.54237)
(3.4954 -2.54113 1.00494)
(8.10014 -4.25491 -6.02621)
(2.07669 -3.56976 -1.15022)
(7.67898 -0.234196 2.11896)
(-5.36786 -0.358164 -4.62157)
(0.929478 -2.25105 -2.50637)
(0.0273124 -3.24225 0.169828)
(0.45279 -4.57623 -1.49921)
(9.12194 -2.85603 2.64999)
(5.06179 -3.11726 -12.1409)
(2.61619 -2.22157 0.0579987)
(1.57123 -2.4234 0.868021)
(-2.55674 -1.41833 3.22615)
(1.57682 -8.08289 -3.85107)
(-3.32726 -14.927 16.6643)
(3.15186 -2.04576 0.0912791)
(-0.63723 -0.46601 1.82017)
(0.81624 -0.910112 1.6495)
(-23.727 -7.15995 13.4539)
(0.554743 -2.62663 0.073277)
(4.32629 -2.84876 -18.6507)
(-0.281015 -0.527938 0.621717)
(11.0925 15.9166 -3.01202)
(-3.03726 28.6922 0.266385)
(-2.52008 0.803396 0.107893)
(-5.51736 -2.31356 -3.78152)
(15.2806 -4.29329 12.3924)
(-0.0189974 0.0296753 0.106099)
(-2.26236 9.22587 -2.99101)
(-1.87758 -0.703022 -7.02387)
(-4.7122 -1.14994 1.74992)
(5.73805 8.71009 2.42758)
(1.01545 -0.0871463 0.0910021)
(-1.15174 -3.87548 11.8414)
(-8.18773 -3.31795 -0.950679)
(1.57231 2.08902 3.27325)
(4.74215 -8.79546 2.58452)
(-3.22217 -1.59471 -1.34808)
(0.158442 -0.163972 0.266854)
(8.99103 6.01856 -8.2156)
(2.02049 1.22958 0.439192)
(-1.67308 5.67482 -6.19649)
(-1.77983 1.98731 -8.66312)
(0.518731 1.66492 -1.28213)
(0.137457 -0.978633 -0.207651)
(0.388659 -2.79096 7.67713)
(17.1929 17.0268 -5.78193)
(9.518 3.793 0.160367)
(-4.11015 2.14453 -5.68085)
(-3.07283 1.93025 1.23742)
(5.26959 -6.20706 -4.06598)
(-1.97399 -31.3185 -7.72678)
(10.5983 -3.62818 2.43278)
(-4.44183 0.914883 4.51952)
(0.209132 0.638844 -1.45382)
(-9.02764 -0.624903 -0.586224)
(1.05365 12.7646 -1.57609)
(-3.40511 6.12638 -5.21907)
(2.43528 -0.0290778 2.1788)
(7.85442 10.9851 -2.04914)
(-0.922848 -0.81055 0.48253)
(13.3454 2.77083 3.21708)
(-18.402 -17.4174 -5.22736)
(7.27652 8.53426 -3.99287)
(-2.91284 5.25212 6.18346)
(-0.182044 -1.62742 -5.79057)
(0.50744 5.32555 -0.394665)
(2.81956 4.99015 5.4307)
(10.6934 -15.111 -0.821623)
(3.02289 5.36548 4.6605)
(1.14174 -0.0253075 -1.15604)
(8.37783 12.2778 1.75579)
(-2.56946 8.41976 2.97445)
(-8.17654 -2.40288 -1.91115)
(0.633983 1.78665 1.40184)
(12.6121 6.17687 -0.237267)
(0.47634 -0.799111 0.435575)
(-29.6981 22.337 2.94903)
(-12.9438 3.15089 8.94011)
(1.61426 -1.01839 -0.520575)
(1.86692 1.50861 -1.08025)
(-1.77572 0.575107 5.56026)
(0.415697 -0.160788 1.81748)
(-0.253275 0.535881 1.49338)
(0.30297 3.79137 5.05596)
(11.7656 5.0751 -7.14277)
(-0.529004 25.8374 2.36093)
(3.6031 2.07343 -0.640288)
(-1.22383 7.39574 4.14914)
(0.838555 -0.494467 -1.45198)
(0.0384639 0.0128223 -0.1442)
(2.28312 -1.00609 3.63001)
(-2.09713 3.75323 -1.11153)
(-8.69945 -0.892157 -7.1548)
(11.0628 5.52443 -0.22526)
(1.37617 0.857308 1.12534)
(10.3032 9.45731 0.868788)
(0.693736 6.48386 1.30567)
(7.41234 -9.72197 5.05277)
(-1.21395 -0.237557 1.95655)
(3.2968 -0.519222 0.416996)
(5.2708 0.183024 3.22394)
(-0.924802 0.26301 -1.12159)
(2.4371 14.4028 -9.48235)
(-2.0942 -1.10794 1.27132)
(-1.54205 -1.70416 -0.907867)
(8.50291 14.3529 -7.57788)
(2.05226 0.749564 -0.00290286)
(5.869 8.00827 -6.06352)
(7.80263 -2.91043 -1.1231)
(-0.0707136 0.270331 -0.142293)
(5.76255 2.8032 -1.53654)
(-4.7481 -1.08093 -3.13794)
(-7.00691 -10.5255 -11.3724)
(-0.666263 3.85048 2.35473)
(-1.95398 4.04199 -4.10982)
(-1.36701 0.897735 -2.75393)
(-1.58505 5.96598 -2.03247)
(4.609 12.0949 -5.07228)
(12.9713 7.7371 1.73643)
(-6.60517 6.38275 -6.70291)
(-0.0637608 -0.0164097 -0.0158603)
(0.0155557 -1.82854 2.0587)
(0.650986 -5.29407 -1.86342)
(2.71345 -1.16907 0.595303)
(-0.801994 0.655648 -0.768979)
(-0.0251498 -0.0904749 -0.0619751)
(-0.416326 0.217282 -0.201262)
(6.11813 7.91117 2.35502)
(8.92355 -6.42725 -1.15854)
(-3.99071 4.85763 -1.81044)
(0.0526705 0.967911 1.00409)
(0.206435 5.30434 -0.632961)
(-1.17966 23.2177 -3.97188)
(0.100814 2.32422 2.68203)
(0.20981 0.986059 4.53144)
(-4.78944 5.17054 -0.490059)
(1.54854 1.0453 2.80325)
(6.72824 -15.8977 1.94949)
(16.2674 -8.40553 -2.36611)
(4.73078 -2.44445 -0.688097)
(-4.82481 -0.899456 5.62838)
(-3.38814 -9.28623 14.7562)
(-2.14298 -7.41017 -5.251)
(16.9164 -3.21064 -6.15657)
(-35.9967 -0.547058 14.5577)
(-15.657 -12.8961 -2.41783)
(23.103 -21.0277 -19.8365)
(6.83575 -25.7775 5.56129)
(-2.60377 -2.20866 5.99931)
(2.74927 -4.83883 0.569925)
(9.0735 -46.5114 -22.1602)
(2.26827 -13.5897 2.72759)
(-5.72178 -3.57036 -10.5636)
(3.10885 -9.28962 -10.6334)
(1.01902 -0.109581 -0.0746819)
(7.88021 -6.49387 13.1486)
(5.3827 -8.85049 -0.567277)
(-0.637359 -1.80788 9.11739)
(4.62284 -0.374613 -5.89625)
(-4.08515 -1.92057 -2.02401)
(18.6351 -7.96282 -14.6559)
(3.3922 -0.352606 1.64804)
(-1.63142 -3.08724 0.110102)
(29.186 -10.8924 17.3704)
(1.01898 -2.30959 -1.94537)
(1.70565 -0.274114 0.608311)
(-3.78828 -5.07037 16.1022)
(-70.0385 -8.6205 -13.8925)
(6.27615 -2.7631 -5.33661)
(-8.61975 -8.20172 2.0606)
(10.9444 -1.57978 0.36344)
(2.72638 -4.09889 -4.25853)
(19.8425 -8.40519 -1.15723)
(8.16012 -1.511 -2.66763)
(13.3706 -3.58316 -3.16195)
(0.896366 -0.655405 -6.31367)
(-3.64351 -0.713614 -2.23705)
(5.36393 -2.40008 -5.10599)
(5.35613 -5.46109 3.24302)
(-17.7465 -8.78311 -7.42472)
(-1.44715 -3.22516 3.35062)
(0.95256 -3.47596 9.49011)
(0.00450105 -5.59906 29.4782)
(-1.86937 -3.03331 8.33608)
(-18.8612 -3.28691 -12.622)
(-2.01598 -2.72395 1.10403)
(25.2881 -6.79302 -4.99693)
(-3.10486 -4.8769 4.11926)
(-0.486985 -1.3225 -3.2842)
(2.00863 -1.84719 0.539873)
(3.05738 -4.59652 -4.77554)
(-0.389063 -2.77511 -1.67712)
(7.70205 -2.19419 -0.451581)
(0.229594 -3.08009 -0.716681)
(-0.53153 -0.463918 0.330044)
(-3.2052 -15.1255 13.9317)
(15.7246 -3.6266 -10.0342)
(-6.64433 -4.60394 -2.14763)
(-17.1705 -3.05466 9.97291)
(28.2176 -8.47422 -18.3109)
(-0.246399 -10.5206 -3.63327)
(4.08495 -9.18356 -9.54643)
(3.43905 -1.59419 1.00856)
(0.494751 -1.75847 -0.332921)
(-3.31786 -9.06139 7.46715)
(-3.04519 -2.67256 -0.0262787)
(8.49773 -4.23106 -17.0339)
(-0.967691 -1.33025 1.49657)
(-23.1813 -10.4174 14.0123)
(-0.643266 -2.79046 -2.73835)
(22.2095 -15.0511 20.4678)
(-3.65697 -8.27782 -17.9343)
(2.87792 -9.41657 3.08014)
(-22.6573 -17.3761 -0.154008)
(-1.2203 -6.97033 -5.38306)
(-13.7768 -3.02952 11.7289)
(-3.15918 -5.54411 -1.02176)
(-1.758 -0.869762 1.54305)
(-0.608918 -5.95072 -1.12673)
(4.67098 -16.0298 -8.35714)
(-14.5171 -0.989676 -2.26278)
(37.456 -11.0834 -1.81744)
(3.89392 -8.69151 -4.08816)
(7.12635 -4.53799 2.66055)
(-2.43611 -2.84856 -1.19772)
(11.4483 -10.9433 0.656798)
(-2.61024 -3.14648 -0.900487)
(-0.0141777 -0.140637 -0.035186)
(-29.6241 -8.90644 -5.09688)
(-10.4673 -5.73222 9.04319)
(-1.81657 -2.49578 35.0349)
(-2.84477 -13.5766 1.82548)
(-5.29112 -3.11691 -1.01715)
(-0.880257 -7.48082 2.33442)
(0.73417 -7.12207 11.9421)
(10.6268 -2.65805 2.19368)
(-25.2634 -3.82621 4.87253)
(11.9375 -3.34849 13.2964)
(19.8027 -10.194 7.30605)
(6.63103 -9.28168 1.20406)
(-0.360526 -0.441658 -1.70875)
(4.44841 -8.45368 -8.22887)
(-0.0720269 -1.56708 -1.48043)
(-30.6225 -15.9207 2.81229)
(-24.137 -7.80345 -4.19466)
(-0.351882 -0.95518 7.70093)
(-0.902592 -0.993088 -3.38519)
(-19.1531 -12.1254 11.0535)
(-20.547 -16.2674 3.2648)
(-5.4487 -4.04357 1.12312)
(-6.98271 -14.3516 6.56547)
(-5.04197 -3.66015 3.61943)
(0.0302481 -0.0173469 -0.0210367)
(2.21734 -2.21631 -0.562397)
(-10.0944 -5.83358 8.32884)
(1.83558 -4.2578 3.78069)
(-0.0435439 -0.156608 -0.0331084)
(-0.293025 -0.842328 -0.924616)
(-19.5877 -16.2879 -3.05239)
(-2.65556 -8.6009 6.76666)
(0.162214 -1.23563 1.74906)
(-0.589602 -7.61045 0.829082)
(-5.4085 -3.7336 -2.91927)
(-19.1202 -13.29 1.18218)
(0.640816 -0.909491 -0.549208)
(-5.49958 -3.99235 3.94793)
(33.1977 -7.27755 -20.2679)
(-1.42145 -16.2724 -11.8879)
(8.14125 -2.55987 10.0725)
(2.49079 -11.1653 10.7117)
(0.274887 -0.0260832 0.230522)
(15.2261 -2.83386 3.53854)
(-0.0775835 -0.149891 0.122812)
(-7.97276 -1.45937 -4.66662)
(-2.21078 -8.46362 6.78774)
(-3.41319 -3.99106 -1.6781)
(-7.14651 -5.15686 4.82021)
(-1.513 -5.19899 4.80232)
(-4.43621 -5.64235 -1.16279)
(14.0956 -7.0644 41.1085)
(3.46264 -5.88587 2.91102)
(1.99305 -1.53597 -5.81739)
(-0.675905 -3.52989 -18.0647)
(-0.189269 -0.158436 -0.578293)
(-8.31137 -0.110555 1.7285)
(-11.3026 -10.7738 -4.74957)
(5.36798 -13.0004 -14.4749)
(4.05937 -4.55218 2.01691)
(-0.497517 -2.09021 -0.664335)
(0.470861 -9.37036 -2.0355)
(-0.0243825 -0.0427305 0.0290175)
(9.68398 -6.83069 5.80835)
(0.0449307 -0.0214025 -0.834415)
(12.179 -29.0817 4.0733)
(-0.536116 -3.44675 5.71079)
(39.1613 -12.7917 40.0026)
(-8.26551 -5.41771 9.87907)
(17.4822 -30.4385 13.1417)
(-0.506384 -4.52371 -0.0548679)
(-8.72153 -2.20224 4.08242)
(-1.3092 -3.76342 -4.13108)
(-5.97963 -4.43757 1.23256)
(-1.46125 -0.700592 0.0135926)
(-6.00979 -2.53823 -6.88159)
(1.19488 -0.288856 -0.45849)
(-0.381736 -4.4225 -1.50821)
(-8.06387 -1.77773 3.26965)
(29.9807 -5.78623 -19.6418)
(-12.5704 -10.5502 -11.0225)
(-10.9261 -4.3775 3.92123)
(1.2998 -1.79695 -0.482202)
(3.84289 -19.9032 -0.169757)
(0.0407382 -0.280482 0.19312)
(-3.96893 -6.95622 9.29415)
(-1.03187 -0.64388 -1.90504)
(3.64283 -1.9234 0.865642)
(4.23862 -7.73984 -7.28257)
(-0.473944 -0.277264 0.0687059)
(12.9472 -5.62706 6.85403)
(4.63771 -7.78502 11.4784)
(-22.2054 -1.13557 -11.9673)
(-7.05023 -12.5461 -1.37189)
(14.9797 -11.5999 -12.7431)
(-3.39162 -2.60035 -2.46733)
(0.677445 -7.79507 -3.11409)
(1.27514 -21.0903 2.02328)
(0.72067 -14.6624 -3.03146)
(5.32866 -1.82245 -0.125685)
(-3.42174 -1.24815 6.43585)
(-2.64408 -2.05113 1.41741)
(4.30638 -13.7373 -29.3176)
(2.83068 -14.0569 12.1852)
(-8.14603 -4.51321 -21.5685)
(0.230759 -0.352258 0.447185)
(7.88247 -3.33204 6.32297)
(0.00315896 -0.407115 -4.69904)
(-22.6931 -9.6061 1.98022)
(5.13896 -35.0785 -14.196)
(2.55678 -1.62288 -0.465016)
(-7.53475 -1.185 -12.63)
(9.51473 -10.2856 -2.84244)
(-4.1982 -2.08466 2.91524)
(1.86456 -2.48597 10.5341)
(25.9447 -15.7372 -7.65433)
(-1.76914 -11.6856 9.60808)
(-6.8073 -7.46388 -1.6096)
(0.206942 -18.4977 -38.1255)
(-3.54198 -15.8042 1.9083)
(-6.50612 -1.50069 -2.70298)
(-1.87391 8.37996 -3.79221)
(4.20526 -3.39451 -5.56397)
(3.8408 13.0943 -5.30646)
(-11.8736 16.2702 -0.552832)
(0.343718 -8.11167 -15.5069)
(-1.25865 -1.10549 0.658113)
(-15.1906 -7.51814 -6.3554)
(12.6884 9.1598 -0.949448)
(0.286076 -0.29606 0.481821)
(-5.39623 6.80552 -2.04959)
(-2.21757 1.60081 -2.37268)
(-16.7016 21.1462 -2.14036)
(7.29434 24.3578 -8.412)
(-14.1748 12.3083 -3.0745)
(-7.04678 1.00951 0.933595)
(-15.1521 -2.14524 5.09868)
(4.88291 8.66692 7.52817)
(1.10902 1.65419 1.67641)
(1.41623 2.68378 -2.68874)
(13.0635 -4.87274 -1.88034)
(2.92414 -1.54407 5.10016)
(-3.55527 -0.107218 4.894)
(-2.35985 8.38656 2.49598)
(-0.00621887 0.00249186 -0.0146024)
(-6.25154 6.23818 -0.890813)
(2.68462 1.5038 0.118853)
(21.5283 11.5148 16.2272)
(-17.6744 -10.1151 19.0502)
(6.45707 10.3267 -0.154305)
(8.86074 -0.762421 -3.34652)
(-8.94231 -3.02342 -5.81538)
(10.1083 17.8232 1.37198)
(2.77951 0.434572 -1.0025)
(7.37482 -10.4264 -16.2223)
(-2.40811 -4.15722 -8.12327)
(10.0537 -0.0300271 -5.76377)
(8.21066 -15.2286 4.47489)
(1.0519 9.83133 1.97976)
(-1.97075 11.9095 6.68143)
(-8.03842 -1.82999 -5.31245)
(8.65536 -12.8823 -18.4584)
(-2.52536 5.59004 2.46533)
(-0.430856 -0.836521 -1.01111)
(-21.9389 -10.6851 9.68899)
(0.59822 13.498 3.46132)
(-8.69109 -2.83459 1.47926)
(9.36161 6.75817 -0.70051)
(2.68994 1.75024 1.33068)
(5.70404 -1.68157 5.20455)
(-8.09807 -6.58258 -24.6244)
(1.27857 -1.92741 2.46855)
(9.1804 -12.0409 6.25801)
(-0.466751 -0.54657 0.443179)
(5.26501 0.236368 0.133095)
(-0.383566 -0.7206 0.848602)
(1.93548 3.22314 -2.86495)
(0.227842 -0.036063 0.328538)
(10.0843 10.7749 3.38438)
(-0.308688 -1.42268 0.084237)
(1.56783 -2.56103 -0.405795)
(-0.487274 1.03098 2.87311)
(-3.0801 0.946229 0.556216)
(-0.549879 1.99353 0.430615)
(-24.0368 -7.09739 -33.7176)
(-12.8881 -5.2227 -1.49644)
(-6.43267 3.1742 0.56403)
(-4.05803 -6.93374 -0.311152)
(2.25352 -0.0499509 -2.28175)
(1.43838 2.56561 -4.41418)
(-0.847038 2.47861 -0.464476)
(-4.23218 0.41758 -1.82836)
(-6.86343 -2.81126 -0.081201)
(-5.8877 -25.6491 23.055)
(0.64057 -0.247767 2.80066)
(-1.19945 0.126852 -17.0479)
(-0.847631 3.53788 -2.86421)
(-12.9377 -0.89556 -0.840128)
(-4.17527 19.3626 -2.65696)
(-10.8173 -23.7903 -2.54618)
(8.238 3.33356 -0.455882)
(19.3073 -3.133 0.941991)
(17.545 18.5924 -0.947396)
(-1.02715 4.53745 -2.094)
(-6.24309 -15.6559 6.3997)
(0.781624 8.20311 -0.607914)
(-8.08533 11.5945 29.2472)
(-5.40326 -9.24709 6.78096)
(-9.7364 -10.8587 2.68397)
(-1.50794 -1.78287 -0.778352)
(-2.84671 -0.271628 1.72531)
(-14.0147 1.54843 -1.80763)
(-6.39206 4.60461 -5.43237)
(0.659059 -1.07657 -0.170582)
(-2.59963 -1.50567 5.67852)
(-0.777322 0.288365 0.535115)
(24.2903 15.9228 -3.26724)
(-0.203033 -8.02831 3.03926)
(2.33053 -3.03946 0.0843606)
(25.9474 25.6967 -8.72606)
(-0.0313944 0.0138106 -0.266949)
(-1.46561 0.794648 -0.924588)
(18.1024 6.19451 -3.54161)
(-0.686145 0.514577 0.461042)
(0.409696 -4.17296 -4.60064)
(-18.5108 -15.2307 18.4952)
(-53.7338 11.0427 -11.2918)
(10.7448 12.602 -5.89601)
(1.95616 5.0214 5.93545)
(-2.53873 -6.41179 0.862156)
(-0.442282 -1.3472 -0.0182022)
(25.6745 -7.42422 -5.29035)
(3.14097 4.1732 6.53891)
(-12.1851 6.78414 14.2567)
(-17.7709 -24.624 -9.08972)
(16.8785 -6.79112 10.6077)
(0.508937 -6.10549 -0.496729)
(1.96784 1.93054 3.31412)
(-6.25809 0.0197749 3.10473)
(4.8976 -7.90444 -11.326)
(0.206196 0.303636 0.570116)
(3.25433 -7.87877 -6.77226)
(-0.250935 2.58792 1.73487)
(0.868471 -0.36999 -0.233569)
(-14.2507 -34.8791 19.568)
(-3.11979 -0.610509 5.02823)
(-7.99051 1.35353 19.9332)
(1.63547 5.39741 2.03072)
(-0.676853 -1.50817 1.84088)
(-4.99815 -15.1557 -4.91637)
(-3.72067 -4.73951 1.66578)
(1.82662 10.9426 -0.173728)
(-5.35291 -0.548958 -4.40246)
(20.5798 -0.585968 14.7571)
(-7.57689 14.9395 -3.3583)
(0.889604 -0.59043 0.0198182)
(0.908477 3.78964 0.950563)
(2.46808 -2.55179 1.56549)
(8.41675 -2.93173 -1.70327)
(5.31206 -3.3549 -2.50228)
(17.8195 -10.8511 2.81036)
(6.58771 0.373277 0.119291)
(-5.58315 -3.10018 4.3206)
(-1.39292 0.881462 -1.62753)
(-1.11842 -6.58065 -3.12571)
(-2.22039 -7.67784 -5.44068)
(-1.45608 -13.204 -7.25965)
(-20.5808 -10.7416 6.38647)
(-10.5224 -19.1816 27.7222)
(-4.90865 -1.66053 2.65801)
(9.07146 -11.2863 10.2527)
(24.1402 -11.1722 2.56226)
(4.68315 -7.05742 4.54724)
(-38.6547 -21.3567 -21.4592)
(2.79057 -12.0411 -17.7355)
(4.86172 -4.63912 0.129387)
(-8.62312 -0.207263 -4.22992)
(5.13696 -7.69094 -8.68701)
(7.3859 -2.68772 -24.1533)
(-14.5542 -19.4331 0.534401)
(7.5193 -15.4661 -4.16516)
(6.26312 -14.9272 11.0646)
(-13.4645 -3.90818 -1.59618)
(0.484309 -1.75221 -2.06629)
(8.00539 -16.6959 4.43234)
(1.05312 -0.012506 -1.11883)
(5.99362 -2.63872 -5.09638)
(-3.12247 -6.29639 -2.64659)
(-8.30402 -14.6419 11.611)
(-2.36145 -5.6565 7.13488)
(-0.718961 -0.419605 1.57322)
(-38.0155 -12.7884 14.8879)
(-0.0443369 -0.0249788 0.0239041)
(0.605159 -7.0616 -3.82583)
(-8.12324 -3.26858 3.82454)
(-3.34869 -2.01288 10.8896)
(7.23325 -10.4301 -5.23209)
(8.39487 -1.55447 -2.74438)
(-9.97495 -10.8052 22.0847)
(0.292744 -0.308585 -0.366304)
(-23.9072 -11.2303 -4.40776)
(-0.233089 -3.18665 1.9555)
(4.43524 -2.69027 -4.93356)
(8.7544 -12.2291 19.0331)
(5.05045 -2.25981 -4.80758)
(-5.11499 -7.1514 0.530315)
(-19.9599 -2.29362 -4.13053)
(-3.47454 -0.68052 -2.1333)
(2.01181 -1.99868 -1.11711)
(-1.3281 5.61836 4.26943)
(-8.10105 -2.82899 -9.41678)
(16.6982 5.28597 -11.5973)
(3.14966 -12.17 -6.94504)
(3.03625 -0.667877 -0.837926)
(-0.874394 -7.95438 1.7368)
(2.50263 -4.65578 4.06938)
(18.2864 -9.38311 -23.1169)
(5.40992 -7.49612 9.77644)
(24.4774 -6.57525 -4.83673)
(-0.470792 -1.27852 -3.17499)
(-8.02183 -9.11449 11.0566)
(-19.233 -9.3029 3.20862)
(-17.8229 -3.10596 -11.9272)
(-1.00964 -3.6125 -15.6341)
(3.75016 -0.0548451 -0.934686)
(-0.22724 -1.51411 -0.225668)
(-0.720418 -2.51759 0.666454)
(-6.61087 -3.25797 5.19029)
(-3.24102 -8.6543 -1.97919)
(3.01182 -4.52803 -4.70438)
(-14.3118 -4.10476 9.42462)
(-19.0935 -4.52862 11.4247)
(-17.5928 -8.0479 11.2653)
(0.825116 -0.00388781 0.278654)
(-1.39392 -7.70457 -4.77134)
(-3.74505 -5.01252 15.9185)
(17.4178 -4.01712 -11.1147)
(-19.4927 -1.26141 -6.81981)
(0.196845 -6.6645 -3.50648)
(-10.3477 -3.40271 -5.35558)
(4.29147 -6.84779 3.40064)
(-13.2423 -2.75865 1.20392)
(2.74331 -1.506 6.41927)
(7.36222 -6.89606 1.75992)
(-2.71771 -5.99593 0.502913)
(-7.59392 -6.17765 -9.75052)
(20.2495 -4.03297 -30.9896)
(6.28099 -4.44209 1.2605)
(4.5869 -4.44756 -3.86735)
(-0.652769 -0.738969 -1.96658)
(8.80782 -4.8629 23.6345)
(5.03679 -9.57181 -9.31727)
(-0.727317 -0.414465 -8.88662)
(-2.51273 -4.87553 -22.9645)
(26.461 -0.545921 14.3583)
(8.39085 -4.17785 -16.8197)
(-3.25146 -8.88006 7.31772)
(10.1784 -22.1987 -17.7004)
(24.4079 -9.95414 -8.30794)
(-7.18541 -9.03199 -1.48771)
(20.4503 -4.37536 24.2116)
(-0.046589 -0.017861 -0.015118)
(-0.164297 -2.33789 -1.85805)
(5.09822 -3.27373 1.92291)
(-22.0478 -16.9088 -0.149865)
(-11.9143 -8.94197 -27.3127)
(-1.07858 -0.655732 -0.491193)
(2.84256 -9.30085 3.04229)
(11.2226 -10.7276 0.643851)
(1.16844 -16.4136 -3.37915)
(21.8312 -19.8701 -18.7444)
(-13.5925 -5.44579 4.87817)
(-9.70517 -13.1413 11.6874)
(13.8493 -4.95951 -4.70703)
(1.08011 -11.1442 -4.53108)
(33.8108 -10.2283 15.1799)
(-2.77178 -1.25227 -3.44116)
(-25.4002 -15.4501 -1.3868)
(3.68936 -3.22508 1.94795)
(-24.0708 -12.3537 -14.8187)
(-2.55226 -5.63091 0.472297)
(-3.43312 -6.96201 -0.13839)
(2.36639 -14.184 13.3623)
(0.407018 -1.52652 -0.860203)
(-1.58791 -0.802639 1.22065)
(13.6388 -6.0889 -7.45095)
(1.46203 -0.4451 -1.6881)
(-2.62582 -9.78863 2.35441)
(-0.777498 -0.398847 -1.05427)
(-30.5055 -4.62015 5.88357)
(13.5406 -7.03122 -2.63762)
(6.6531 -7.3082 5.91201)
(0.989487 -1.64834 2.66543)
(-11.9234 -8.67754 -5.30858)
(18.5361 -6.30577 3.39729)
(-6.63558 -9.2223 -29.9738)
(-2.83264 -5.58652 -4.87677)
(-0.896406 -0.986281 -3.36199)
(-3.23766 -4.23493 -9.7025)
(6.61445 -10.3848 0.984739)
(0.135656 -0.303165 -0.0502358)
(-1.41713 -1.18671 0.708694)
(2.46753 -9.13362 -0.530452)
(-6.72132 -13.8144 6.31971)
(-2.71001 -11.6878 10.6281)
(31.4206 -17.3635 2.13539)
(9.14725 -8.41389 -1.57983)
(3.05043 -4.48624 -3.25488)
(-9.18235 -2.88065 -11.658)
(2.40483 -10.7799 10.342)
(7.70771 -11.1142 -5.57528)
(13.3327 -6.80189 6.56663)
(-1.79929 -13.8823 0.0972785)
(16.1139 -9.62987 14.9662)
(-15.8536 -24.7809 12.6251)
(26.2819 -16.8524 2.41546)
(-1.78705 -0.682957 1.53136)
(14.3935 -2.6789 3.34503)
(-9.01485 -24.8696 9.70265)
(-2.8354 -8.8629 8.56949)
(9.95221 -1.81234 -18.6144)
(-1.16153 -1.31491 -3.49931)
(3.60767 -2.31112 -0.758465)
(8.47156 2.91149 -5.63967)
(7.14958 -5.83981 4.20016)
(5.2433 -0.0585289 1.77608)
(-1.58524 -5.44723 5.03162)
(0.610682 -0.615726 -0.149334)
(-1.19516 -0.232436 -3.54555)
(-5.24467 -1.52013 -0.812458)
(-10.8997 -1.13899 0.801994)
(0.963759 -1.60548 2.59612)
(12.2274 -23.8591 -12.5837)
(-3.23298 -1.18024 0.285672)
(-2.42229 -1.61796 0.176634)
(34.3269 -18.9695 2.3329)
(18.136 -42.3212 1.3045)
(15.0618 -13.003 -8.95016)
(22.02 -21.9657 18.8558)
(-2.39651 -0.695864 -1.11022)
(29.5218 -27.7576 4.40165)
(-10.9347 -7.00707 5.7835)
(0.856991 -0.626615 -6.03633)
(-5.12558 -7.51099 10.3839)
(2.47188 -24.8817 -25.2871)
(-8.65508 -3.99009 8.10675)
(0.00108894 -0.000947687 -0.000240553)
(8.28505 -5.09991 1.12187)
(2.2193 -2.96058 -2.84016)
(-1.71534 0.90768 -1.2015)
(4.28269 25.9076 -1.15836)
(-8.69569 6.7417 -4.03366)
(-13.8276 -6.77376 7.41088)
(-12.5835 -2.09826 5.19268)
(1.3178 12.8335 2.14429)
(-2.69996 -0.38088 15.2339)
(-6.76643 4.65085 0.443213)
(10.4157 -5.96721 7.15886)
(-0.182854 0.9013 -9.34865)
(-8.85746 -4.76987 6.86362)
(3.14465 1.00049 1.06287)
(1.00363 6.04499 0.568438)
(2.46505 -3.40137 -6.7581)
(-5.76704 -10.9953 -3.51717)
(-1.58888 -3.91572 3.27941)
(0.379397 0.200672 -0.720874)
(1.31728 5.85567 8.58882)
(20.6396 0.883763 -4.34118)
(6.02781 2.38497 2.45129)
(13.2663 6.6314 0.507547)
(-0.0274722 -0.0481452 0.0326945)
(-0.576037 0.0531793 0.0941465)
(10.9449 32.6309 1.36825)
(-0.386413 -1.04892 8.45665)
(-2.72641 4.18408 -5.11824)
(-2.7615 -3.93091 -1.54526)
(2.21634 -16.0118 -1.3559)
(-5.61081 8.64996 -4.02043)
(-0.738508 2.31433 3.931)
(8.96814 0.825592 -2.22474)
(22.4712 13.0593 1.31954)
(-3.58732 -0.301098 -0.378623)
(33.7422 -5.29956 0.643164)
(5.05504 0.690691 -2.07364)
(0.0473089 -0.0225354 -0.878582)
(12.9779 13.8667 4.35552)
(-0.823914 -1.40552 4.76821)
(3.23602 2.04311 3.69326)
(6.85254 -0.433981 11.136)
(5.43248 3.41966 0.650958)
(13.4584 -7.23084 -9.81086)
(-2.58503 2.36262 -0.572094)
(-1.09968 0.0329498 -2.25131)
(-6.48247 -2.8462 -4.74758)
(16.0483 -8.02906 -5.82749)
(2.01411 2.46611 -1.58414)
(-7.1323 1.2629 -1.10135)
(-0.536474 -0.468233 0.333114)
(-6.66674 -7.39606 -3.62045)
(7.47572 2.23602 -2.173)
(4.83277 -6.70798 3.22618)
(1.62111 1.29925 -3.76122)
(5.80503 3.77711 2.87167)
(5.6256 9.70399 0.671424)
(-13.6379 -9.16366 17.7455)
(2.4758 -24.9212 -25.3272)
(0.520955 0.150532 2.34701)
(0.935063 -3.29489 1.15304)
(-0.858032 -4.38755 2.09552)
(0.439205 -0.36436 -0.233137)
(10.0182 8.62887 8.14126)
(-18.7627 30.425 -7.81283)
(0.0727407 0.0190121 0.0027278)
(1.21339 -0.437376 0.0119543)
(-3.62617 3.44139 -3.74478)
(-1.00057 1.97282 3.70221)
(-0.948619 1.34602 -0.221217)
(-8.70266 0.885096 -1.15566)
(-2.33139 3.65934 -0.642145)
(-3.8308 2.19741 -0.899113)
(-0.745686 0.99549 -1.74378)
(-4.86404 -7.22848 2.44327)
(-1.55327 -1.93434 -2.64245)
(9.67213 -0.0935567 4.10758)
(-1.78651 5.59035 -0.0200376)
(1.0348 -16.1778 -11.9514)
(-2.32777 20.2171 0.0401534)
(32.9716 19.8266 -7.2402)
(-20.3922 -3.77072 -2.86226)
(0.465658 -9.26682 -2.01301)
(8.77135 25.4883 36.5139)
(9.31042 -15.1369 -12.5514)
(-17.7636 -5.72125 3.17565)
(4.59314 -4.72978 3.20679)
(-0.139625 0.298876 0.564533)
(0.051661 0.784845 -0.590306)
(1.31437 0.267709 0.0199905)
(1.50104 0.78409 0.997767)
(6.84397 8.74136 -0.163426)
(-3.55173 20.0381 -14.3734)
(-2.69572 -2.48114 2.68625)
(-9.38385 -0.31412 3.79143)
(-1.47986 12.0128 -13.7123)
(-4.71836 -3.6144 -9.23822)
(1.82799 -0.778768 -0.491623)
(-8.8103 -11.9253 -6.45455)
(3.50097 -1.81871 -1.12701)
(15.0473 1.98716 5.52649)
(-0.0690317 0.0303675 -0.586983)
(-3.48998 1.1126 0.149417)
(-0.117685 -0.281298 -0.372881)
(-8.24797 13.7779 0.53212)
(-5.18793 5.18376 -6.89634)
(10.5566 21.7419 -11.4674)
(-2.99064 7.52921 11.8614)
(3.1602 4.76673 -1.5013)
(-9.58237 10.6602 -3.64802)
(-3.23329 -2.6098 -0.143586)
(-9.97173 0.96582 -5.06946)
(-2.44419 0.906728 1.6826)
(-7.92005 -2.2863 -3.89143)
(-0.359057 -0.379731 -1.15753)
(0.111062 3.69241 -2.70141)
(24.5059 24.4965 0.227931)
(11.2014 -3.90166 -2.26678)
(-2.16945 0.850684 -0.433951)
(0.32568 1.51306 1.13693)
(0.818269 0.267952 -1.0876)
(-15.4702 12.3766 -0.278638)
(0.289009 0.632174 0.518447)
(-2.44674 1.68413 -2.91602)
(0.253093 -1.51039 2.18)
(2.29757 -1.5249 0.0511843)
(12.5832 6.9501 3.33394)
(-0.804152 0.959998 0.761659)
(-0.316697 0.511767 -0.319543)
(2.11633 0.130604 1.31618)
(0.13223 -0.202762 -0.126245)
(2.91952 -20.6435 10.5824)
(-7.70017 0.284239 2.2896)
(-0.0248284 2.67214 -1.76437)
(-2.11972 0.400728 1.41563)
(-19.7979 -18.668 0.816572)
(1.17364 6.07457 4.03484)
(-6.77578 -3.86535 -3.64066)
(-5.57372 1.90611 0.703641)
(3.16122 4.4687 -5.31835)
(-0.194406 -0.17179 0.162015)
(1.20017 2.58313 0.669817)
(18.4123 -1.34092 3.28481)
(-0.00682325 -0.211713 -0.132326)
(6.81411 0.777225 -5.02471)
(4.8103 6.95237 -0.305913)
(0.208165 -0.151027 0.449722)
(-10.1014 17.2394 -8.01412)
(-0.156073 18.5875 3.3629)
(-1.64206 -9.66168 -4.58915)
(1.13915 -0.206402 4.15492)
(31.2834 1.15751 12.4155)
(-9.08524 4.32727 0.743868)
(-0.715798 3.89115 0.566466)
(0.649805 2.08561 -1.6061)
(0.964193 1.41983 2.66591)
(-2.19813 0.107599 0.521942)
(0.714315 1.00377 -4.30028)
(-5.00414 2.24715 -1.53331)
(-45.7797 -13.7797 14.1078)
(-0.1723 0.0288402 0.15732)
(18.85 -6.45304 4.32691)
(0.977662 0.50401 -0.543932)
(-1.73351 3.45295 -0.768552)
(-5.86931 -1.79639 -1.4186)
(1.88134 2.22856 -3.2164)
(-2.45198 -11.1466 -17.2505)
(-2.41216 -6.34667 -1.8468)
(1.78108 -1.78026 -0.451747)
(-1.34719 -12.2165 -6.71675)
(4.46199 -2.86519 1.68294)
(-2.07891 -7.18861 -5.094)
(8.91907 -9.77486 -12.0605)
(0.34638 -7.69197 -3.33538)
(-5.52574 -13.4261 -4.07269)
(6.95862 -14.4895 -0.362292)
(7.85001 -8.47639 -0.833118)
(-2.99454 -10.7394 -7.6883)
(16.1296 -10.4692 0.467118)
(2.07443 -12.4284 2.4945)
(-13.5818 -11.1868 -2.09736)
(0.392639 -1.57939 1.35947)
(11.7707 -4.21514 -4.00055)
(6.3587 -3.04622 -7.32693)
(10.4211 -8.86099 25.2618)
(-2.32876 -1.97539 5.36567)
(-4.59262 -17.9456 3.30924)
(5.07711 -3.59068 1.0189)
(-20.0743 -11.1612 -3.71633)
(-3.66849 -1.72468 -1.81758)
(-49.2098 -3.00811 -3.3389)
(6.23771 -2.98826 -7.18752)
(0.741593 -9.85955 -2.36348)
(-12.221 -3.54724 -1.44877)
(-0.430283 -0.826221 0.0444455)
(12.0053 -0.108227 27.8242)
(2.99689 -5.91195 0.186626)
(-1.596 -3.0202 0.107711)
(5.66804 -3.58502 7.193)
(7.82498 -13.4331 -32.7117)
(2.80636 -13.0355 -1.85438)
(0.778698 -0.885313 3.39992)
(-15.5152 -7.80829 2.71802)
(-7.39224 -7.03374 1.76716)
(11.1212 -1.60531 0.369311)
(4.37239 -27.1155 4.18633)
(1.82958 -13.4519 -8.76717)
(-3.08045 -1.85164 10.0173)
(-5.12987 -2.26722 2.61305)
(-16.173 -4.40408 6.51766)
(-9.23164 -10 20.439)
(-0.339717 -1.15434 16.7928)
(4.28875 -4.3728 2.59675)
(2.15686 -1.27706 6.60719)
(23.9181 -28.8014 9.03608)
(-1.54184 -2.50185 6.87553)
(-0.217435 -2.97264 1.82417)
(-7.6487 -10.113 3.84008)
(1.094 -3.79231 16.8031)
(1.84107 -1.86042 -2.42387)
(6.14068 -2.27256 -2.06045)
(-20.3478 -14.5443 -7.90205)
(-1.71918 -1.35219 -3.75549)
(0.748143 -0.850575 3.26652)
(0.483025 -4.79631 3.12519)
(-1.80151 -15.0493 -6.27145)
(10.9143 -1.69269 -6.85705)
(1.79135 -2.73391 -3.29283)
(-14.8934 -22.819 15.8651)
(0.8047 -5.38955 -21.9108)
(-2.97899 -4.67921 3.95228)
(-2.88844 -24.9727 -2.18932)
(-0.519459 -7.07956 -5.55211)
(2.34934 -4.37061 3.82013)
(3.60471 -15.0114 8.40531)
(12.6869 -1.19532 -1.84571)
(-1.05183 -1.00061 3.393)
(2.60601 -3.91793 -4.07052)
(5.78975 -9.08993 -4.23897)
(-6.68805 -4.13629 3.46125)
(0.0875197 -0.684824 -0.480345)
(-0.323009 -2.30396 -1.39238)
(6.96674 -1.68418 -2.67323)
(-0.0588479 -2.10746 5.89344)
(5.00058 -2.92746 0.175449)
(-7.28338 -1.74017 -6.10986)
(-15.166 -28.5529 14.4686)
(-10.8783 -8.63225 4.77068)
(1.12508 -10.9367 8.67879)
(10.4152 -7.23182 -6.83154)
(-1.34799 -5.83761 -3.74162)
(-1.64773 -13.8574 10.0638)
(20.6487 -1.98414 -0.689649)
(1.43758 -7.82876 8.42482)
(1.15259 -0.073291 -0.496342)
(3.25105 -7.30884 -7.59763)
(-66.2659 -8.15616 -13.1442)
(1.55766 0.825227 -2.20339)
(24.6917 -22.1949 1.27935)
(1.1392 -3.66767 6.28678)
(1.00571 -1.78307 2.88661)
(4.79857 -6.64901 8.67165)
(0.508682 -27.031 8.70436)
(-8.03815 -1.22926 -1.01208)
(-8.43444 -23.2684 9.07796)
(16.8638 -18.0395 -17.4418)
(-3.00615 -1.61762 -1.00724)
(0.0442044 -4.28851 -2.02432)
(21.6992 -8.84946 -7.38595)
(-2.99127 -8.16944 6.73213)
(22.0834 -48.0938 -26.1757)
(-2.68116 -4.70522 -0.867156)
(-20.1385 -13.2945 -15.988)
(0.830328 -19.8335 -9.41432)
(-0.96288 -7.77671 -22.5363)
(-3.07181 -8.41922 13.3785)
(-5.32662 -4.22764 -3.88007)
(-10.695 -4.35618 1.3183)
(0.814639 -19.4588 -9.23643)
(2.99113 -5.17655 5.54369)
(8.31336 -0.826133 -6.80748)
(3.83356 -4.34334 -6.4779)
(-14.8862 -13.1458 20.0807)
(-2.77471 -5.62683 -0.11185)
(3.41062 -7.61274 -3.58074)
(-1.72479 -2.55696 5.55386)
(18.5415 -3.69279 -28.3757)
(32.033 -9.47872 -1.5543)
(4.55805 -0.230018 -0.522911)
(12.5628 -3.7751 -0.715872)
(5.80491 -6.57442 -1.92643)
(-2.4598 -0.525669 1.95321)
(3.2457 -2.83726 1.7137)
(-0.239384 -1.01487 -0.510337)
(-11.3136 -8.49114 -25.9356)
(-0.22389 -9.55953 -3.30137)
(-0.197449 -7.7444 6.78119)
(-35.9093 -6.10206 -9.64639)
(-1.82822 -0.698691 1.56664)
(0.974236 -7.70953 -25.6909)
(-3.19766 -1.83097 -3.28355)
(-1.44852 -1.99011 27.9365)
(-1.53435 -11.8382 0.0829546)
(-0.208127 -1.38675 -0.206687)
(0.37708 -1.41424 -0.796932)
(-5.06121 -10.4938 3.89142)
(-1.72393 -0.882604 -1.36823)
(2.51208 -3.65275 2.87404)
(1.96174 -2.23327 13.9248)
(0.625646 -0.733339 -0.228712)
(0.6555 -6.3589 10.6625)
(4.62213 -11.7466 1.62755)
(18.4621 -16.8037 -15.8517)
(11.7286 -0.373417 6.5809)
(51.6675 -21.3391 -4.98449)
(-4.47247 -3.92519 -0.0385955)
(-5.82031 -4.19988 3.9257)
(-8.03344 -8.80828 -1.89952)
(-8.29732 -4.52468 -13.82)
(-18.3373 -14.518 2.9137)
(-4.00789 -3.51746 -0.0345863)
(-6.7627 -10.4278 10.8632)
(-15.5636 -4.40511 3.22742)
(9.64546 -9.12358 -15.3023)
(2.19839 -2.39062 3.73669)
(14.7946 -8.84139 13.7408)
(3.54995 -1.84415 -1.14278)
(22.5771 -39.4116 42.5779)
(-4.09714 -3.48567 -1.50146)
(21.5252 -2.31199 -10.3703)
(1.28804 -3.91113 2.05612)
(2.67101 -2.90457 4.54003)
(14.0746 -3.65958 43.0111)
(0.258062 -0.393936 0.500095)
(-4.75005 -3.44824 3.40987)
(-5.0771 -3.50483 -2.7404)
(-1.45814 -5.66985 -17.7141)
(-2.8829 -36.5349 -9.97803)
(-18.1691 -15.1083 -2.83133)
(8.27441 -7.61103 -1.42908)
(-7.25898 -16.6964 27.572)
(16.9056 -5.43698 10.4559)
(-1.3082 -2.67869 2.20415)
(3.01551 -9.07887 8.49176)
(-0.119743 -2.00407 0.440256)
(-14.2431 -22.2635 11.3426)
(2.30314 -10.3241 9.90468)
(12.9051 -2.40188 2.99914)
(-1.03024 -1.35985 -1.87966)
(-0.0609899 -13.744 -8.89128)
(7.70588 -1.74948 -5.862)
(5.38979 -5.463 11.8059)
(-4.47377 -1.16555 12.4569)
(-1.04545 -1.1835 -3.1496)
(-0.808277 -1.11111 1.25003)
(-2.8295 -0.391869 2.11822)
(16.3664 -6.06631 9.00227)
(-17.1822 24.028 -0.284267)
(2.41976 -21.4294 0.38571)
(-2.68254 -8.38507 8.10748)
(-1.41552 -4.86404 4.49293)
(18.0363 -5.23815 6.36322)
(0.21084 -0.107519 -0.202263)
(-15.6525 -16.2991 6.24154)
(0.0903528 -0.089572 0.0442112)
(2.33768 -2.2908 -2.82348)
(1.49287 -8.12986 8.74884)
(-6.16473 -1.12842 -3.60834)
(0.123028 -4.75366 -5.69899)
(1.32566 -0.364355 0.277805)
(-6.52979 10.1864 -11.5046)
(-7.91059 2.04209 -0.154599)
(-2.98236 7.52773 -0.188948)
(-6.421 -0.0854102 1.33536)
(0.504977 -0.291542 -1.56991)
(-6.9541 -0.0925013 1.44623)
(-0.93095 2.97047 -3.48209)
(-5.83113e-05 -0.0690475 -0.0366246)
(6.86584 -2.4352 2.61892)
(-15.4705 11.0711 2.81335)
(3.33457 9.62606 -6.94457)
(0.667556 -0.0220596 -0.156669)
(-14.4517 10.3421 2.62808)
(2.32108 -0.964947 -1.4743)
(0.414352 2.01797 1.96937)
(11.2044 6.05253 7.50007)
(0.365754 -1.29998 -0.246118)
(8.06639 8.95967 -1.94046)
(0.885664 4.40156 2.23601)
(-4.45386 -5.15536 -5.73762)
(-0.811439 2.58914 -3.03508)
(0.20412 -0.202356 0.0998792)
(15.2104 -3.80451 3.13986)
(-7.78599 -0.149335 -16.975)
(-1.06524 0.220855 -1.64284)
(0.160113 0.112175 0.300317)
(-0.672168 -0.344814 -0.911444)
(4.3086 0.495571 1.93769)
(2.20162 6.30357 -0.537401)
(-27.0987 -4.10416 5.22649)
(0.905618 -1.50863 2.4395)
(-0.318623 -0.107265 -1.13817)
(-5.64052 5.37596 -2.47181)
(0.772192 0.889269 0.132591)
(0.0365256 -0.662084 0.686349)
(1.88986 -0.457152 0.186194)
(-1.64242 0.218205 -2.42472)
(1.85712 0.983875 -2.62698)
(-0.810812 2.11201 -0.319414)
(-13.1716 0.347193 1.54883)
(-1.19356 0.626358 -7.0931)
(-0.430289 2.91109 0.327737)
(5.28454 6.37867 1.71292)
(-0.477053 0.0663729 -1.73605)
(0.429906 1.77027 -0.0430635)
(8.68643 4.06735 -3.10332)
(2.40676 -6.13768 -2.12134)
(4.66515 5.63104 1.51215)
(3.31988 2.41403 2.16214)
(-0.125167 -0.317091 -0.0698245)
(3.62703 -2.02606 -0.404235)
(-0.0689347 16.6976 4.58096)
(-0.82299 0.0458645 -2.51216)
(-4.24443 1.0541 2.50054)
(-6.92118 3.2759 -1.22283)
(5.73833 3.8463 2.71197)
(-3.39327 3.42077 -11.4015)
(-3.97017 0.623272 -0.905731)
(-0.00570271 0.0208982 0.031488)
(-3.42525 2.84907 8.75417)
(0.372989 1.81653 1.77278)
(-0.388757 2.63011 0.296104)
(-8.10793 1.34434 11.6538)
(8.38343 -8.02235 1.58862)
(12.0491 15.9736 0.846035)
(3.91331 -3.06981 -1.70221)
(-3.37913 8.28668 3.7384)
(-8.96569 18.4498 -11.7464)
(-4.01608 -5.108 -1.05267)
(-41.9896 -32.3494 -18.2397)
(2.36313 3.39948 6.01716)
(2.87421 1.16485 -0.437562)
(-1.38275 -0.132363 -0.782221)
(10.8256 -21.1239 -11.141)
(1.87561 -1.52023 -2.18585)
(4.70637 -8.74515 -6.54354)
(-4.61605 15.7432 0.641091)
(23.8263 -0.250273 19.4301)
(25.7158 9.79799 -8.32149)
(1.17859 7.00042 -4.69988)
(-1.06414 0.847023 0.361167)
(-0.667857 -0.289649 0.15099)
(-26.4451 11.0863 -10.3646)
(1.93727 -1.72304 -0.631151)
(2.40958 -0.609827 -1.70126)
(4.63094 -6.83361 1.35512)
(-1.46101 -16.0123 3.74052)
(-12.1919 -4.48826 18.0305)
(23.7969 -7.21695 1.3542)
(-5.16151 -6.03264 -4.83901)
(0.0128639 0.852532 0.160349)
(-7.6662 -3.75766 18.6675)
(2.76673 6.10374 2.99029)
(6.48427 7.99047 -3.30618)
(-9.31698 -12.5 12.3657)
(-25.4579 25.9218 0.0606087)
(-2.38669 9.61754 1.12202)
(-0.475757 6.91247 -3.23004)
(2.13537 1.28167 0.506443)
(2.23674 -2.19188 -2.70156)
(-3.58237 0.562391 -0.817261)
(3.48489 -4.15868 -0.274978)
(-2.84506 12.3109 7.50588)
(0.200406 0.140405 0.375895)
(-3.08928 2.2214 -7.64951)
(-6.2824 1.62178 -0.122778)
(5.53119 -2.02477 1.11128)
(-7.45713 10.6956 1.5573)
(9.00335 -10.64 3.14085)
(-6.53688 -2.76085 -7.48513)
(-2.27177 6.3828 11.7586)
(-0.366255 5.32147 -2.4866)
(7.61677 8.46026 -1.8323)
(1.55847 2.89168 -5.4141)
(-0.121772 2.55431 8.3422)
(5.67626 27.9456 6.50793)
(9.51923 -8.44272 -10.7157)
(-0.322876 0.268682 0.186632)
(-0.435598 1.37141 2.34274)
(-5.91373 18.1845 1.90116)
(10.4416 13.8425 0.733164)
(-0.576144 3.95802 -1.51995)
(-3.78675 -4.08313 4.3372)
(0.370039 0.504748 -0.257033)
(0.692407 -0.0567411 -1.4541)
(-4.25251 4.24562 -14.4193)
(1.97019 1.7458 -1.89695)
(-5.09463 17.3755 0.707559)
(0.322328 2.52596 -2.49525)
(-7.86089 5.71227 1.65717)
(2.8265 13.8062 -2.36)
(6.05836 -5.45747 3.32032)
(-9.1816 15.0236 2.00083)
(-0.253566 -1.42902 3.76267)
(-5.68785 -13.476 -7.27806)
(-2.23345 -1.71154 6.3374)
(1.12882 4.45544 -0.138388)
(2.35312 0.439867 2.75099)
(-11.8588 4.57298 3.05866)
(1.24037 10.5154 2.00146)
(-0.635995 -1.97198 0.41086)
(-0.0184743 2.29487 -4.13406)
(9.72662 5.80042 4.11756)
(3.69405 -4.14251 1.8354)
(19.6498 9.96643 3.29996)
(-1.21439 -0.0425885 0.9606)
(2.50782 4.11792 -10.4565)
(-5.49191 7.89685 -3.21497)
(27.9213 17.1067 2.90593)
(-0.00531744 0.0194864 0.0293607)
(-0.448502 0.0624006 -1.63215)
(7.8558 -1.84912 1.98505)
(3.58993 13.0515 -3.57019)
(3.19249 6.08507 -5.39313)
(3.13496 -4.61054 -3.34507)
(0.170855 -4.79571 -0.319428)
(-2.52877 -3.59963 -1.41503)
(3.26972 -1.82646 -0.364412)
(-6.14066 4.04166 -5.78491)
(23.0007 35.0515 -1.67058)
(13.5494 9.30177 3.28693)
(-1.21041 0.850936 -0.86877)
(0.243045 0.0315249 -0.0624972)
(-2.27799 -1.85133 -8.96235)
(-0.19348 -0.161961 -0.59116)
(-4.72794 6.47997 -11.6206)
(41.551 2.99793 -0.0585389)
(0.292447 0.765811 0.787634)
(-3.35274 -0.50675 -1.95323)
(-2.4611 -10.3398 -3.28631)
(9.61193 -0.204297 -4.36447)
(0.132177 1.54313 1.7252)
(11.6727 -17.5727 3.92887)
(0.0518447 0.199139 -0.0453761)
(1.22892 -0.0565258 -1.09777)
(-9.15368 10.7885 2.01886)
(14.4585 -12.424 -6.04425)
(10.6544 -0.172927 11.0583)
(-13.1368 -2.88878 11.184)
(-3.19672 6.43081 12.5315)
(-0.776513 -0.879683 -0.54148)
(-2.49991 -2.26051 -1.63317)
(-1.36778 -1.27773 -0.0372819)
(18.7804 10.007 -2.80311)
(-18.3415 6.8366 7.77486)
(7.47816 2.28078 -1.70451)
(1.20183 9.1185 5.64708)
(14.1674 7.76828 0.760769)
(8.40198 14.2969 -4.41732)
(2.14482 3.99411 -3.98323)
(0.286899 -3.15365 -3.09214)
(23.0204 -9.52434 0.504684)
(22.3837 17.9987 11.0428)
(-1.20198 -1.00654 0.601099)
(-9.04682 2.29222 3.10301)
(-2.83665 20.1675 3.45568)
(0.676562 -1.42865 0.1102)
(-3.56746 1.62933 0.204101)
(-1.37773 19.3065 4.12227)
(19.401 -19.67 15.5378)
(25.8161 -14.4261 -8.49483)
(-12.7828 -6.18298 2.13254)
(5.13926 -8.06866 -3.76271)
(6.16544 -6.6574 -0.654335)
(-1.16586 -10.5722 -5.81267)
(-15.5603 -8.12127 4.82854)
(-4.34777 -0.810524 5.07189)
(-19.8077 -9.14179 -2.45612)
(7.05362 -0.114485 7.32104)
(7.46998 -8.18673 -10.101)
(3.34205 -5.49515 -0.352215)
(3.92742 -2.52193 1.48132)
(4.58403 -2.32271 0.36803)
(-1.39235 -0.833957 -1.37264)
(5.06354 -18.1959 -5.67646)
(-1.68554 -1.01204 -0.828304)
(2.35684 -4.14814 0.488575)
(-2.2786 -1.02945 -2.82887)
(-2.17821 -4.01244 5.72184)
(-5.1638 -7.16691 5.09357)
(2.13178 -2.39023 -3.14152)
(-1.22636 -2.07489 1.85494)
(-6.78899 -4.60264 9.7731)
(9.27368 -0.0836015 21.4932)
(-0.416885 -0.616682 1.26202)
(0.192106 -5.57635 7.23507)
(-1.55505 -3.72488 4.69841)
(0.365066 -1.46848 1.264)
(1.65137 -9.89367 1.98576)
(-9.77124 -2.83619 -1.15836)
(0.498486 -2.00516 1.72595)
(4.19338 -1.84615 -3.56563)
(8.26097 -3.83062 -0.0764476)
(-2.05018 -3.77661 5.38553)
(-16.0259 -11.2165 4.93533)
(0.40968 -4.78056 -2.59001)
(-5.15911 -11.7462 -2.41094)
(-0.471675 -0.71796 -0.259521)
(4.67491 -3.60001 -8.17061)
(0.908942 -2.06018 -1.73529)
(-4.31722 -6.00018 -19.5014)
(-12.8607 -14.8969 18.7362)
(-18.5667 -10.323 -3.43723)
(2.54928 -10.6161 5.94429)
(2.60048 -5.12995 0.16194)
(-0.664049 -1.01078 -0.365367)
(5.67856 -4.3729 -9.92475)
(-0.164107 -2.24356 1.37677)
(21.0916 -16.318 7.45942)
(15.0991 -35.2343 1.08605)
(5.427 -1.0614 5.38062)
(-3.54125 -4.95112 0.367152)
(-1.25754 -2.04054 5.60776)
(0.85313 -0.010131 -0.906362)
(-4.10763 -1.36906 -6.48405)
(-6.19959 -1.94933 0.195614)
(3.16793 -0.696843 -0.874266)
(-0.67167 -2.36278 -4.14626)
(4.50573 6.44998 -4.42262)
(-4.56239 -1.45965 4.91271)
(-1.39386 -1.09631 -3.04484)
(0.950006 -0.870522 0.801502)
(0.138922 -0.643172 -0.965789)
(8.73214 -6.1593 5.23745)
(6.33271 -9.14917 -8.3421)
(1.20376 -2.7284 -2.29814)
(-0.601413 -0.857742 0.438463)
(0.552774 -0.00260458 0.18668)
(15.2021 -6.43956 -0.8866)
(-2.35848 -20.3908 -1.78764)
(0.825625 -8.02571 6.3688)
(-0.759208 -0.459746 -1.96221)
(-8.23559 -6.53518 3.61171)
(-12.1232 -0.787829 -9.76504)
(-4.16581 -2.38272 1.79591)
(-1.49886 -0.721889 -7.15953)
(0.136535 -4.62262 -2.43215)
(-1.58705 -13.2578 -5.52489)
(-6.33049 -9.43634 -3.60028)
(6.18413 -6.11828 -7.1591)
(1.9459 -8.9003 -0.403807)
(-13.9949 -2.43885 -9.36543)
(1.09369 -4.35612 3.34819)
(9.98752 -2.73716 7.0996)
(-6.39419 -7.26515 8.81317)
(4.22241 -1.02075 -1.6202)
(8.5948 -5.96782 -5.6375)
(-9.27679 -1.41869 -1.16804)
(-0.521395 -3.35211 5.55398)
(-0.875622 -0.113708 -4.47966)
(12.4993 -13.3707 -12.9277)
(7.78917 -3.97267 -3.21781)
(0.856666 -0.670711 2.20961)
(-5.54624 -2.17616 -3.23766)
(2.17276 -3.76026 4.02695)
(8.75996 -4.19479 -4.40867)
(-8.22865 -2.70588 -4.25883)
(7.53817 -7.49304 -11.3552)
(21.7339 -2.08843 -0.725895)
(1.11175 -0.741544 1.24514)
(-0.141723 -4.02426 -2.25068)
(-4.00987 -12.8099 8.09216)
(-6.69968 -3.75297 4.52179)
(0.942634 -3.03483 5.20202)
(4.81669 -3.06722 1.79826)
(-0.0321388 -0.0123212 -0.0104289)
(2.70139 -6.0297 -2.83614)
(-0.380219 -2.63351 0.362728)
(2.60681 -2.58979 -1.44749)
(-0.170838 -0.962792 2.53507)
(-1.58032 -0.198901 -16.7881)
(-6.70453 -0.191284 -1.54926)
(-12.2003 -4.48679 -1.11469)
(1.42873 -0.952971 1.60015)
(11.2978 -4.85543 3.8566)
(-0.812017 -0.659803 4.89757)
(-4.38851 -2.39794 1.24256)
(1.31663 -1.27746 -0.585763)
(-1.951 -7.27301 1.74934)
(2.6389 -2.30682 1.39332)
(5.09455 -1.9839 -5.74008)
(14.2161 -12.9391 -12.2061)
(-34.1855 -12.8881 -4.14701)
(0.876256 -12.3091 -2.53415)
(-2.3038 -5.10764 -11.0547)
(0.301956 -1.13248 -0.638163)
(-0.885671 -1.26315 0.645703)
(26.2141 -7.93023 11.7693)
(-1.20278 -0.607969 0.9246)
(-0.238183 -0.291784 -1.1289)
(9.2076 -9.12732 14.2393)
(6.1179 -3.46224 8.30587)
(-0.874211 -0.531482 -0.39812)
(-18.2744 -5.90808 -3.17583)
(4.45045 -6.98726 0.662569)
(2.72371 -8.58004 4.024)
(7.87466 -2.24336 -0.4617)
(-13.7825 -6.03257 -14.4492)
(-0.479277 -0.920298 0.0495062)
(0.0863673 -3.33714 -4.00077)
(0.904798 -1.03248 0.561933)
(-5.98483 -1.54952 17.9378)
(-9.22564 -6.46725 -4.01581)
(10.2761 -3.65075 24.1661)
(17.4485 -30.4589 32.9059)
(-3.03141 -0.789771 8.4407)
(-0.857966 -8.06488 5.38367)
(1.43558 -0.503663 -1.18258)
(4.59894 -2.12833 3.37858)
(-4.48622 -9.30162 3.44932)
(3.80007 -5.72664 3.68979)
(-0.00751058 -0.0669427 -0.00782871)
(-10.1561 -12.043 5.49267)
(-5.74567 -0.953769 -0.265581)
(-2.19679 -3.21359 -3.06033)
(0.905936 -2.75087 1.44617)
(-0.913993 -10.4631 -7.64393)
(-1.54203 -0.77945 1.18539)
(-9.86875 -7.18219 -4.39378)
(-2.32458 -29.4594 -8.04564)
(-0.0116432 -0.429065 -0.174499)
(-3.68402 -2.54316 -1.98847)
(-0.833969 -1.20397 1.54855)
(-0.682452 -8.83554 -2.09053)
(-3.55918 -3.02799 -1.30431)
(2.83811 -2.73727 -5.50473)
(-2.09308 -9.02711 8.20869)
(-2.7826 -32.9165 -14.7406)
(-3.132 -3.05971 8.89351)
(-2.0281 -6.33942 6.12955)
(2.61603 -3.62308 -8.46508)
(7.33581 -15.9991 -12.757)
(-13.7191 -9.53579 0.848234)
(-6.64826 -18.3408 7.1555)
(1.8261 -11.371 3.80514)
(8.1774 -1.48914 -15.2949)
(-6.40809 -14.7392 24.3401)
(-4.26917 -3.09915 3.06467)
(13.2507 -20.7677 -19.2654)
(-4.71321 -3.40101 3.17899)
(-0.883021 -1.16554 -1.61106)
(1.57705 -15.8744 -16.1331)
(-3.06522 -7.64465 -0.532991)
(-3.68857 -7.03255 -2.24956)
(-7.06121 -9.47354 9.37182)
(1.81764 -4.63532 -1.60208)
(-7.22733 -4.63136 3.82263)
(0.447929 -0.451629 -0.109535)
(10.7811 -2.88921 -2.54957)
(-0.453034 -5.84766 0.637043)
(-6.0441 -3.68637 -1.74797)
(-13.1341 -13.6767 5.23731)
(8.1382 -9.89929 0.966217)
(-18.3341 6.25543 0.211425)
(1.7794 -1.74371 -2.14918)
(15.9462 2.7523 -5.89608)
(2.0634 -3.03462 -2.2017)
(-3.40314 11.6065 0.472639)
(4.89904 -1.33705 1.84755)
(7.87902 -11.8615 2.65198)
(2.17518 -10.2991 0.287323)
(-4.45121 14.0409 0.117485)
(10.8491 -18.8896 8.15549)
(2.55827 4.87621 -4.32173)
(-2.24597 10.6231 -3.77627)
(-18.3077 5.55241 -1.86384)
(-2.75742 -2.11226 -5.39883)
(-1.04493 4.52152 2.75675)
(0.260988 -0.13558 -0.0840157)
(-0.0835835 -1.18937 -0.945255)
(-20.9753 -15.4065 -0.459893)
(-1.4927 4.4564 -1.60509)
(-3.66388 6.57201 4.76523)
(4.73428 -1.25057 -3.27071)
(2.03281 0.16971 0.442055)
(2.60352 1.83417 -0.884138)
(0.00896747 -0.0594195 0.0415882)
(0.075965 0.0639041 -0.000935461)
(15.6077 12.5502 7.69991)
(1.70658 -6.31693 -0.366868)
(-0.0389034 -0.139918 -0.02958)
(7.2639 -4.76145 4.03031)
(-9.23894 -7.16825 -10.9558)
(0.940509 1.74235 -1.06785)
(-4.5838 -3.89969 -1.6798)
(-0.800588 -0.0463957 -0.585985)
(-0.520015 -0.190368 0.472301)
(6.58137 0.248999 -0.778816)
(-16.1055 22.5223 -0.266454)
(-0.00949905 -0.0846662 -0.00990141)
(2.09829 -0.736171 -1.7285)
(1.68157 5.37087 2.55803)
(-1.27665 1.34803 1.43748)
(-0.361478 -2.45276 0.611543)
(-2.19756 2.82751 3.43494)
(-1.98269 -5.15637 0.309719)
(-8.98036 1.70137 -1.86597)
(14.1413 7.17252 2.37488)
(0.234632 -5.42787 0.436753)
(-2.40779 20.912 0.0415336)
(-7.06633 0.025052 13.0735)
(-0.104753 -0.265376 -0.0584367)
(10.9406 -9.44515 -6.50123)
(0.29772 -0.36374 -0.538264)
(-4.80005 -5.06648 0.1362)
(-1.20686 4.92822 2.36258)
(5.68203 0.214973 -0.672391)
(4.50919 -1.7565 4.61025)
(4.79225 -0.3035 7.78783)
(1.11293 7.50765 -1.05171)
(5.92701 -0.908908 2.81099)
(0.622755 -1.07786 -2.331)
(-3.96082 -2.47153 -7.31248)
(-2.04353 6.36641 1.9018)
(0.266757 -0.325911 -0.482285)
(-5.16919 -1.30526 2.41962)
(-6.22908 1.49553 -2.57686)
(5.73349 -29.3903 -14.0029)
(6.07299 -3.18403 0.98354)
(-0.375612 -0.308915 2.17304)
(0.787027 -1.31107 2.12005)
(12.3731 8.49421 3.00157)
(-0.358188 5.20426 -2.43184)
(0.145199 0.101726 0.272344)
(-1.21179 1.64626 0.571068)
(-1.00381 7.46908 0.874676)
(-0.225483 -3.20855 -2.55001)
(12.8473 -15.009 -5.15636)
(-3.11123 -3.54367 2.94369)
(-1.10292 -2.71809 2.27639)
(-4.91145 -2.24309 -5.94107)
(-0.370635 -0.323489 0.230139)
(1.1107 1.06923 1.70482)
(-0.11519 -0.319317 0.264489)
(-5.05869 4.69934 -19.1668)
(-0.116802 -0.323784 0.268189)
(0.116397 -0.260125 -0.0431039)
(-0.971643 10.8315 -3.25004)
(-11.8255 0.311713 1.39055)
(-3.37446 -4.01576 7.57286)
(1.85505 -4.01402 -2.65407)
(-3.14961 0.494453 -0.718534)
(1.97708 6.9411 0.599702)
(1.0423 0.544457 0.69283)
(6.12511 -3.77035 0.829396)
(7.58996 -12.7332 0.496464)
(-7.31533 -0.267955 4.48361)
(2.7062 -2.21785 3.34173)
(-6.43365 -2.63049 -0.332458)
(2.6734 -1.46193 -0.882727)
(-5.05378 -8.01954 9.56562)
(2.67693 -0.320849 -0.944522)
(2.29697 -1.25609 -0.758434)
(-6.62662 1.71063 -0.129506)
(0.29935 -0.456963 0.580106)
(-2.81026 -1.12334 -0.139321)
(2.67982 9.74276 -2.66508)
(-5.60192 -2.58255 5.24702)
(-5.33883 -1.39917 0.863909)
(-4.61345 -0.609571 0.830609)
(-0.00375225 0.0263597 -0.00582707)
(3.07796 -3.67306 -0.242868)
(6.94344 2.3039 -6.69979)
(-0.464836 0.830861 1.00081)
(0.908176 -1.2847 2.94069)
(-1.18075 1.24676 1.32949)
(1.77943 -0.391618 0.0710819)
(-5.63178 -12.85 0.649609)
(0.247154 1.93685 -1.91329)
(0.341391 2.59019 1.6041)
(1.07687 -8.78527 -3.68286)
(-15.2958 -10.6318 0.945724)
(-0.204203 -1.01713 -1.05367)
(1.70334 -0.204157 -0.601001)
(-6.53536 -3.51938 5.06423)
(0.517432 5.01104 -1.59944)
(-0.0471234 -5.31499 -8.72288)
(-0.665472 1.18948 1.43278)
(0.947868 4.21353 6.18021)
(0.388599 1.80813 1.23161)
(7.82327 -30.1387 -3.44489)
(-13.4352 -6.6144 13.5773)
(-10.5405 20.5149 -10.1294)
(0.0341673 -0.0162754 -0.634526)
(6.88871 -0.146416 -3.12794)
(3.75879 -5.90134 0.559597)
(5.84359 -1.90876 5.96913)
(6.58581 -1.43051 0.486172)
(-2.82948 0.597755 3.2958)
(-1.67937 14.5856 0.0289687)
(-0.997324 -3.17287 13.8643)
(0.0184942 1.32773 3.04072)
(3.24832 -1.3477 2.96341)
(-20.6824 18.3341 -2.9891)
(5.66143 -1.22972 0.417933)
(0.537741 -0.962586 1.0357)
(-0.379844 -0.312396 2.19752)
(-2.38711 -2.19131 1.02085)
(-3.70382 1.23405 -5.13076)
(7.36832 15.1754 -8.00406)
(-0.255743 0.212817 0.147827)
(7.24191 1.62766 2.06047)
(1.60098 -11.5662 -0.97944)
(-0.145901 -0.122133 -0.445785)
(0.333129 -6.62943 -1.44009)
(1.88353 2.70955 4.79597)
(-2.03209 -1.86541 0.869024)
(-0.0650652 -3.94379 1.1695)
(-1.32013 5.28057 1.78658)
(-9.28039 -1.54748 3.82964)
(0.547147 -0.0448374 -1.14905)
(15.9158 3.57425 -3.50522)
(-1.13871 -1.51663 -2.90444)
(6.18069 7.80583 -10.5288)
(6.48625 -1.00783 -4.72526)
(0.0544258 0.392676 -0.711378)
(-1.0489 4.43726 3.37191)
(-12.9388 1.61319 -4.18736)
(0.07304 0.664797 1.06628)
(-0.951128 -1.59004 -0.817048)
(2.11155 0.441311 1.24175)
(-4.29781 -4.09672 -1.80602)
(0.62582 -0.888208 -0.536356)
(0.137264 -1.04558 1.48004)
(-1.12049 4.48198 1.51639)
(-10.4563 -19.2591 6.39854)
(-0.507868 -0.185921 0.461269)
(1.81259 8.85368 -1.51343)
(1.88013 -1.87926 -0.47687)
(-5.7941 1.39109 -2.39692)
(-4.17694 -0.551896 0.752021)
(-1.38928 1.10582 0.471518)
(9.03232 4.98883 2.39313)
(0.808478 -0.906627 0.401695)
(-4.21138 -3.12533 0.868077)
(6.47309 1.45487 1.84173)
(0.0450874 0.00547292 -0.0293511)
(1.01672 8.61941 1.64058)
(-7.55805 12.8988 -5.9963)
(-1.44736 -2.14567 4.66053)
(2.77018 6.793 -4.51593)
(0.358012 1.66581 1.13467)
(-5.8382 2.95561 -0.825305)
(1.84862 6.49011 0.560737)
(1.37526 4.96188 -2.03496)
(4.59762 22.6352 5.27125)
(-2.66363 -8.22645 1.31996)
(0.277192 0.136117 0.215659)
(6.09262 1.03091 -4.94527)
(-5.15349 2.60898 -0.728512)
(-0.226263 -0.959243 -0.482364)
(-1.76165 -1.43169 -6.93087)
(19.6914 -5.97185 1.12057)
(-12.1363 5.46333 -24.9486)
(-6.05144 -13.2622 1.08068)
(-6.04489 -1.94622 0.4463)
(0.162128 -1.23497 1.74814)
(4.51512 0.143837 -3.19663)
(-2.05721 -7.95359 1.70729)
(-0.602535 1.88822 3.20723)
(6.40209 4.15278 4.61958)
(6.81284 -8.05133 2.37668)
(-0.295397 -0.801851 6.46475)
(-4.6066 -1.48315 0.34011)
(7.59106 6.53832 6.16884)
(-4.15985 -6.09583 8.42741)
(-19.084 9.80147 -1.12443)
(2.67118 -3.60283 2.02618)
(0.523399 -1.10523 0.0852526)
(9.74461 4.33763 -0.441211)
(-6.81085 -4.15402 -1.96971)
(15.3401 17.538 2.64259)
(0.276126 1.67695 0.948443)
(1.23486 -3.74964 1.97123)
(-0.103823 0.904386 -0.511357)
(0.667101 -0.487771 -4.69882)
(6.50489 2.23559 -4.33042)
(-36.0943 36.752 0.0859312)
(-8.22301 -4.75208 6.78474)
(6.81087 0.960528 -5.29915)
(-0.418397 -1.63112 -0.314176)
(6.53001 10.1343 2.98493)
(0.310086 0.152269 0.241251)
(-0.951503 -0.544986 -1.41577)
(2.31498 -3.29414 1.79457)
(-1.73766 5.27512 -3.61835)
(0.00215435 0.615783 0.0127132)
(2.43002 3.66536 -1.15442)
(1.67807 -3.89242 3.45626)
(-11.2933 -5.53227 6.05262)
(0.24053 1.11747 0.839674)
(-2.34138 3.67502 -0.644896)
(1.88555 -0.81888 1.33359)
(-4.99105 -2.04066 -0.257912)
(0.957419 -0.309958 1.0954)
(-4.78019 -3.29987 -2.58014)
(0.00188341 0.538339 0.0111143)
(1.65184 5.95978 -2.44421)
(4.35023 4.2044 -10.3999)
(-4.27706 2.55706 -2.22306)
(-6.66504 4.84328 1.40507)
(23.4277 7.61769 11.2095)
(-1.62794 -0.456985 -0.979947)
(-5.62645 1.75744 -5.31976)
(-4.2024 0.508532 -0.64734)
(0.516743 -0.733398 -0.442872)
(9.26909 12.7464 -0.905726)
(0.944059 3.2449 0.424164)
(-2.48362 5.73316 1.58164)
(1.21181 7.6015 -2.85587)
(4.93018 -7.60439 5.70603)
(23.1471 14.6188 4.62616)
(-3.4766 8.62265 7.09939)
(0.615268 -0.325292 0.667785)
(-6.14539 1.6868 5.27674)
(4.0872 -0.0366251 -2.96166)
(-14.5538 2.73373 -2.87564)
(-13.4999 4.45734 -0.574584)
(-0.107202 -1.79418 0.394148)
(-0.33887 0.800564 -0.664386)
(-2.14027 4.94057 1.36298)
(3.75227 5.24456 -1.33126)
(12.3585 -47.2815 11.4347)
(-0.723426 -1.04438 1.34329)
(-0.333427 -0.75667 -2.7713)
(-15.5517 5.13482 -0.661915)
(2.44025 5.64329 1.18452)
(0.786381 -12.2941 -9.08228)
(-0.457932 -2.1804 8.58475)
(-2.75576 18.8801 -15.2005)
(-3.7396 -4.07055 4.93485)
(-5.97588 -3.64476 -1.72824)
(-1.65279 -4.21576 -1.293)
(0.860953 2.95925 0.386824)
(-3.03861 31.6029 -1.60311)
(0.0519351 0.374706 -0.678824)
(19.5105 19.9559 21.8284)
(6.07149 -4.72026 -3.64358)
(-0.709346 -1.02405 1.31715)
(-1.45277 -0.407813 -0.874504)
(5.03123 -1.32901 -3.47586)
(4.32483 6.04482 -1.53439)
(1.47597 0.651623 -0.590455)
(-9.94836 3.77926 -9.67245)
(1.16634 1.70958 6.81927)
(-1.01969 1.20423 2.67938)
(-22.2127 4.46367 4.55954)
(-0.00136053 0.0095578 -0.00211285)
(-35.4116 2.80493 -1.65529)
(15.6132 6.90357 4.48205)
(-3.14409 -5.87447 -5.01394)
(11.4871 10.3272 6.89376)
(0.0029749 -0.383393 -4.42523)
(-1.20451 -0.6899 -1.79223)
(-1.99999 -7.65666 6.14057)
(-2.16915 7.15434 15.8973)
(-1.20854 -1.5952 -2.20497)
(-3.69712 8.75063 -0.513045)
(-2.76979 -4.05181 -3.85857)
(0.0346136 -0.238314 0.164086)
(7.23796 26.4985 6.1791)
(0.478258 6.34546 3.08002)
(1.77334 -11.0424 3.6952)
(-24.1141 24.5535 0.0574093)
(-0.316577 -0.307044 -0.273683)
(9.44401 -22.551 3.15858)
(9.06065 4.03318 -0.410243)
(-4.84927 22.5562 -8.2299)
(-0.216217 -0.916654 -0.460947)
(-6.25122 -4.09742 7.47155)
(0.71358 0.42994 -0.432263)
(0.04189 15.4404 -6.24498)
(-2.36311 6.66776 3.04095)
(0.437653 0.779531 0.390934)
(8.56411 3.76328 -3.4185)
(-27.1677 37.992 -0.44947)
(-2.15574 -7.70975 -9.92735)
(-0.488836 4.79801 -2.31511)
(2.58713 0.350599 -0.917338)
(0.847344 2.29694 -1.83638)
(2.38138 -4.38365 -0.158835)
(-19.8297 6.02246 -7.28095)
(-0.372868 8.54952 1.14064)
(1.37278 2.97558 -1.65058)
(1.16252 2.51985 -1.39778)
(-12.3243 2.31493 -2.4351)
(-5.93872 -4.28533 4.00557)
(21.4478 -1.94148 -3.96457)
(11.6844 -3.66727 -8.31569)
(7.00901 -1.59127 -5.33188)
(14.1883 -1.68553 2.60891)
(17.6202 -10.647 0.914995)
(21.7908 26.9021 -0.128868)
(-1.83778 5.48665 -1.97616)
(1.06994 -3.17997 13.7323)
(-14.4731 2.6441 5.38612)
(-1.70005 -0.649708 1.45681)
(4.70106 -1.33509 1.09514)
(2.99464 0.405822 -1.06183)
(-0.35387 2.53513 -2.88956)
(-3.76812 1.97581 2.04172)
(-0.908841 -1.17752 5.09644)
(-4.83537 7.55445 1.6513)
(-0.128835 -0.326384 -0.0718709)
(7.49983 -2.66006 2.86076)
(-1.24841 1.47433 3.28037)
(0.492739 -1.75131 -0.331566)
(23.0698 3.35423 5.52092)
(-10.2645 8.21209 -5.425)
(-1.39079 -0.133133 -0.786769)
(2.2907 29.0501 -0.219786)
(16.9755 -2.01665 3.12142)
(4.35183 0.453543 -4.11404)
(0.584857 7.7598 3.76653)
(0.690789 1.87256 -1.49709)
(3.24921 -2.08149 -0.683104)
(1.05148 1.79229 1.03809)
(-1.03683 -1.35209 -1.98113)
(17.3538 -1.57089 -3.20781)
(8.34558 0.32031 0.967042)
(0.800313 1.9339 5.9768)
(-0.445758 0.764762 -0.665176)
(-42.6933 3.3817 -1.99567)
(-24.2343 7.66722 -2.59991)
(0.38506 1.9101 -1.64388)
(-9.33731 1.57044 -1.99124)
(-8.24738 1.38712 -1.7588)
(-0.460098 0.571165 -0.106916)
(1.49667 2.14295 0.885725)
(0.375878 0.6695 0.335753)
(-3.20123 -3.74321 -1.57389)
(-3.23036 8.15371 -0.20466)
(-2.02179 -0.284543 6.94848)
(0.449255 2.22854 -1.91794)
(-1.6397 4.89527 -1.76316)
(3.69993 -4.41529 -0.291945)
(-0.825759 -1.80413 -0.762902)
(-8.2312 16.9502 -0.486595)
(-0.0842708 -0.16281 0.133398)
(6.84768 0.722192 7.61661)
(-1.32328 0.274355 -2.04081)
(-0.127617 0.124523 -0.25037)
(-3.50004 -0.484734 2.6202)
(-7.49742 -11.0536 -3.86704)
(-4.26276 -5.42174 -1.11732)
(0.557034 -0.561635 -0.136215)
(-2.06147 14.7271 20.1645)
(11.8504 -2.96408 2.44626)
(4.96805 -1.93524 5.0794)
(-0.953393 0.535724 -0.183123)
(3.18189 4.80677 12.5117)
(-0.196203 1.4056 -1.60211)
(-7.02046 -1.28505 -4.10922)
(0.740407 4.8058 1.20676)
(1.33515 1.91169 0.790139)
(4.57203 6.54012 -1.94814)
(9.58928 4.49011 -3.42587)
(0.0158391 1.04971 0.197435)
(9.05297 18.8295 4.81071)
(6.87443 8.47125 -3.50511)
(2.539 -7.58683 -8.68433)
(0.578267 -0.333854 -1.79776)
(10.1626 0.390048 1.17759)
(10.63 -5.51985 -2.07066)
(-7.35353 3.48054 -1.29921)
(-0.986929 -1.3567 1.52632)
(-12.2169 0.322029 1.43657)
(1.42194 0.627769 -0.56884)
(2.57606 -0.651961 -1.8188)
(-2.383 -5.97249 -2.01237)
(-12.369 25.755 10.6943)
(0.368335 -1.94843 0.0723204)
(-0.0571825 -0.110476 0.0905177)
(-4.28296 -4.27508 0.469656)
(-0.0133957 0.0572209 0.0624143)
(0.815157 0.35641 10.2718)
(2.55486 5.66647 3.30979)
(-4.17757 3.02528 -6.82981)
(2.4368 6.97692 -0.594807)
(-0.625597 6.14034 -2.9628)
(-5.5742 5.0154 -10.6001)
(-0.0119418 0.259283 -0.30813)
(-0.766818 -0.393368 -1.03979)
(-1.9514 -4.70642 -11.6801)
(2.43163 -3.57433 8.15027)
(-2.28678 -3.25517 -1.27962)
(-0.431097 -2.92515 0.729324)
)


// ************************************************************************* //
