94.4356
328.476
315.393
323.041
1.5016
328.214
323.607
5.09804
302.591
326.838
328.16
192.227
306.559
101.031
24.9649
319.574
328.326
199.661
285.636
153.79
329.24
329.103
311.535
259.988
328.434
259.988
328.621
328.621
263.536
218.565
327.499
300.703
266.979
78.8209
318.634
325.304
328.031
329.731
276.589
326.161
330.011
279.531
329.997
284.998
327.656
330.431
312.252
247.41
328.005
199.794
294.284
324.966
330.951
330.184
256.898
316.778
331.037
331.958
327.173
331.958
270.472
332.614
218.072
332.13
220.892
332.13
324.091
334.254
574.219
601.416
596.953
592.921
593.058
594.961
591.867
594.244
590.83
591.859
590.416
570.903
589.456
587.892
586.428
586.104
585.603
584.561
585.234
580.781
582.957
583.774
582.3
581.231
580.748
574.883
576.523
581.763
570.539
573.949
575.857
578.503
573.653
579.78
573.973
574.485
578.606
576.457
576.429
577.81
576.705
577.15
576.005
576.459
576.006
576.666
577.655
577.132
577.029
576.178
576.401
576.782
576.78
576.959
576.721
576.779
576.669
576.655
576.655
576.874
576.899
576.701
576.738
576.754
576.754
576.792
576.79
576.784
576.776
576.771
607.199
602.428
600.062
600.548
603.63
604.04
598.784
598.206
604.936
599.316
596.853
601.428
599.211
601.254
596.116
600.063
605.323
600.443
603.418
600.792
597.796
607.335
602.844
602.22
604.701
602.451
602.011
605.155
600.838
606.193
599.13
604.419
602.187
603.651
603.651
602.065
605.321
599.717
608.25
606.021
604.068
601.591
605.839
600.639
599.472
599.397
606.223
598.503
601.898
597.3
599.832
598.177
598.177
595.748
600.391
595.012
594.998
597.419
570.934
367.758
410.984
398.874
507.532
438.533
583.601
592.768
433.439
434.965
451.67
486.37
496.231
474.213
482.769
514.454
594.081
508.489
515.822
553.36
518.483
548.942
539.757
594.081
532.015
551.55
541.167
540.335
566.448
564.809
555.713
599.099
565.014
564.53
566.242
571.196
580.051
570.668
564.793
578.084
571.321
581.31
586.882
596.617
588.293
582.367
589.627
583.131
585.804
597.858
595.228
588.523
593.804
588.832
593.44
597.01
595.903
598.692
600.521
598.302
595.296
599.538
601.775
231.54
231.54
328.164
244.059
334.72
338.959
335.853
337.085
334.924
298.428
347.258
349.098
333.175
266.647
333.175
353.366
273.464
355.763
343.487
343.487
292.737
365
355.535
371.43
362.134
375.781
377.34
344.258
301.43
396.101
397.776
246.144
404.801
415.821
73.8907
24.6052
20.6399
36.9086
95.5468
37.5941
64.3518
85.3731
17.1365
105.71
30.9489
111.19
219.335
188.343
137.127
164.393
241.602
316.552
265.512
32.12
269.172
188.343
192.06
219.335
309.372
219.335
316.552
288.575
192.06
269.172
74.4124
315.763
223.199
223.199
253.156
94.5987
199.476
316.874
316.874
313.985
119.705
203.177
230.912
149.916
256.957
178.257
260.722
234.759
178.257
279.648
206.877
25.4983
316.361
260.722
44.1771
310.225
128.384
238.602
78.3261
102.023
156.334
238.602
286.148
185.193
242.439
185.193
321.907
304.148
159.551
188.677
7.64077
246.266
218.003
271.721
192.177
322.369
322.369
294.973
321.953
225.473
225.473
253.873
49.212
282.049
229.23
172.535
142.972
323.46
317.725
233.001
117.374
172.535
318.608
236.789
265.069
2.55596
318.608
288.396
122.572
5.29091
323.783
322.558
122.572
315.507
240.588
240.588
291.376
182.5
244.399
15.9798
244.399
9.23598
185.885
154.856
244.399
308.577
308.577
275.792
248.213
311.886
321.934
313.333
313.333
282.526
319.384
104.424
192.766
325.085
319.384
228.722
133.183
16.2161
320.135
228.722
196.269
320.813
323.279
167.189
199.812
135.9
306.096
199.812
267.067
236.406
203.4
176.869
294.578
323.646
291.766
270.717
325.58
210.705
240.278
240.278
270.717
294.578
183.56
325.681
322.483
318.817
2.5886
299.757
281.189
221.98
320.361
34.382
320.361
17.307
321.026
34.382
315.471
306.367
128.624
326.192
229.682
316.603
263.416
324.371
293.53
322.179
325.45
128.624
201.185
326.395
326.496
201.185
310.014
325.629
326.395
326.255
311.624
106.568
320.198
320.198
320.901
245.353
245.353
326.092
216.176
178.389
281.303
325.379
284.572
315.684
305.589
305.589
316.812
316.812
84.5218
307.535
307.535
325.951
309.336
323.146
323.146
325.412
13.1938
310.998
296.269
268.465
325.643
268.465
323.996
325.643
296.269
272.113
326.911
324.713
279.116
326.063
94.1253
207.159
247.672
322.362
282.446
247.672
326.434
323.401
326.604
324.281
312.457
104.846
297.023
107.133
266.943
266.943
297.023
299.489
148.416
327.349
299.489
315.168
274.157
323.414
317.455
323.912
318.46
246.511
307.881
284.152
246.511
250.447
205.753
321.045
290.153
292.934
327.213
217.385
1.30244
1.29824
2.56511
1.81577
3.70825
11.2869
76.7877
105.744
76.7877
67.7894
36.0341
14.4018
96.1358
98.3824
117.812
134.226
134.226
79.699
96.1358
134.226
134.226
128.413
134.226
46.6827
19.479
152.572
78.2368
132.355
114.015
143.049
143.049
150.237
81.1848
143.049
55.2775
19.1638
140.638
127.788
137.345
119.932
131.334
11.9008
152.572
152.572
150.237
155.132
150.237
145.009
157.635
9.67901
25.5781
77.392
155.132
115.909
100.087
135.004
141.415
77.392
157.635
21.2559
118.766
162.912
32.5984
162.912
102.321
133.034
126.264
115.909
138.801
37.1791
41.961
23.0426
32.487
162.912
168.398
159.154
174.086
165.514
170.991
146.767
142.723
174.086
165.514
174.086
22.9949
174.086
87.5957
159.154
18.9797
58.057
113.147
121.719
179.963
169.405
174.759
140.236
144.001
182.461
7.65723
113.147
168.829
155.208
15.0283
186.013
127.919
22.8704
198.544
192.217
192.217
165.514
147.869
185.838
198.544
178.94
134.518
178.94
194.497
200.663
134.518
20.591
141.497
204.962
72.3082
200.663
155.894
141.497
184.123
184.123
52.0924
211.434
77.7036
28.9074
62.2689
90.2727
108.501
14.5357
38.6035
217.919
217.919
45.2348
203.055
74.899
67.3905
90.2727
230.798
214.632
199.951
230.798
29.0726
129.428
205.245
152.576
231.663
156.411
231.663
108.501
237.125
231.663
65.2297
172.805
226.064
160.306
243.332
197.254
249.39
215.739
243.332
39.704
197.254
181.523
249.39
243.584
255.273
6.69027
185.912
255.273
168.26
67.3905
260.949
254.9
127.994
105.173
211.559
172.307
216.25
194.716
194.716
265.376
131.113
271.512
271.512
40.2744
235.898
11.6494
58.6173
235.898
29.2417
240.7
276.343
102.815
157.19
157.19
240.7
160.959
25.2808
49.669
115.476
160.959
225.475
137.589
207.926
160.959
34.5055
230.005
230.005
115.476
230.005
249.957
164.773
34.5055
279.157
266.818
249.957
249.957
212.314
288.892
216.685
193.017
288.892
216.685
292.418
238.898
238.898
292.418
262.927
290.427
221.03
262.927
151.389
205.507
293.626
293.626
118.278
205.507
298.529
180.329
251.78
301.156
255.929
301.156
301.156
289.562
299.288
255.929
255.929
255.929
188.178
278.517
124.158
259.989
82.9776
295.608
217.807
282.078
192.1
143.622
9.95358
169.698
5.31343
285.483
130.377
55.2381
288.729
44.2331
254.096
303.293
275.235
110.03
254.096
312.69
257.97
314.097
257.97
36.0796
207.712
112.793
153.963
233.783
90.9785
157.439
211.593
315.386
261.777
18.9369
27.2363
36.1723
25.5943
31.1405
46.1048
52.0795
26.8025
50.6339
51.6071
50.4497
53.1602
47.535
44.402
33.6021
52.4489
48.5889
42.1248
50.0767
52.9434
50.0767
28.8446
20.3852
52.6903
51.0807
52.9649
53.8732
51.9159
53.8732
51.9159
53.6075
52.7252
38.9124
52.316
19.2973
54.779
55.7782
24.9499
54.779
53.6229
36.4108
55.7782
55.7782
15.9858
56.3404
37.2954
56.3404
55.4842
54.1314
55.8995
54.6891
56.3404
32.3664
55.8995
55.3121
53.0074
54.1314
44.3087
56.9548
41.0877
34.9219
57.6268
57.6268
57.3082
58.3615
51.9706
56.542
41.5035
46.4771
55.9677
58.0116
58.0333
58.0116
48.0568
25.5085
57.2447
27.6097
50.5171
46.9635
59.163
14.8263
58.0116
59.163
58.8455
55.6147
58.3462
60.0349
58.0116
60.0349
60.0349
58.0116
55.6147
53.9869
45.861
58.3462
42.4029
24.042
60.7228
18.5586
59.2701
14.8398
19.5866
60.9799
30.4204
46.4427
55.5981
59.2701
43.4063
64.2837
34.052
64.2837
63.1009
62.709
64.2837
57.4525
64.2837
64.2837
62.4773
56.4924
62.4773
64.2837
43.9656
65.553
31.7337
65.406
55.1473
66.9111
65.406
55.1473
67.8954
56.1358
57.2029
67.8954
68.359
66.7905
68.2625
54.3087
32.4853
42.6396
69.4122
68.2625
71.5141
59.5986
56.5153
69.8951
65.3006
67.908
55.3837
55.3837
65.3006
41.9762
63.4155
63.4155
71.5141
71.5141
71.4461
71.0864
74.9652
23.6981
30.6912
76.2147
72.7553
17.9699
49.401
76.7765
76.7765
41.2942
41.2942
74.4619
78.0504
78.6341
23.6981
78.0504
74.4619
56.2133
63.492
66.1966
78.6341
80.5355
78.0504
78.4884
57.2402
60.0815
74.7366
82.2588
82.4841
74.7366
82.4841
80.3497
62.4662
26.5359
76.411
59.2691
78.1232
84.4903
21.0475
83.8271
84.4903
44.2718
63.6531
84.4903
59.2691
82.2588
82.2588
78.1232
86.5697
68.9184
76.411
86.5697
35.424
86.5697
86.5697
32.0112
32.2961
83.556
44.2718
86.5697
17.2851
86.28
78.1232
88.7403
60.2908
88.7403
77.0333
91.0203
55.4832
73.1996
45.3938
90.2468
45.3938
85.6426
68.6053
95.9742
76.3284
63.5149
95.1057
95.9742
95.9742
69.9504
82.3646
95.9742
97.7513
97.7513
92.2273
94.6975
98.6746
97.7513
37.5959
84.3193
92.2273
97.7513
89.9836
100.553
101.536
84.3193
101.536
72.822
79.757
94.6975
89.9836
74.3491
104.562
79.757
103.514
104.562
18.5924
104.562
88.5166
104.562
107.751
37.9774
48.4361
94.7805
104.037
88.5166
81.5876
104.037
97.346
107.751
75.9328
17.67
102.897
75.9328
49.0718
111.102
109.908
109.908
38.7182
77.5699
110.387
110.387
114.608
77.5699
105.883
102.787
18.6901
113.762
95.4871
34.5875
118.261
120.599
105.646
122.054
120.599
122.054
120.599
122.054
50.9795
120.869
125.98
115.494
100.507
120.869
118.886
66.6692
118.886
93.923
66.6692
1.29805
9.96006
6.66805
1.71941
11.7921
1.44539
1.3637
1.39142
13.3305
1.32317
8.45432
13.3239
5.25166
11.7921
9.71747
13.352
13.2962
1.29808