311.144
507.108
497.412
503.169
228.862
506.941
503.561
231.389
487.573
505.92
506.838
397.602
490.527
317.216
249.424
500.43
506.929
404.014
474.295
364.154
507.444
507.377
494.203
453.923
506.883
453.923
506.989
506.989
456.713
420.032
506.147
485.677
459.406
298.105
499.369
504.441
506.477
507.643
466.835
505.011
507.784
469.083
507.767
473.225
505.964
507.961
494.172
443.498
506.177
404.29
480.125
503.738
508.186
507.68
450.89
497.359
508.094
508.597
505.087
508.597
461.044
508.827
419.323
508.326
421.557
508.326
501.959
509.509
586.166
594.589
592.342
591.106
591.147
591.769
590.809
591.649
590.518
590.961
590.425
585.994
590.189
590.22
589.795
589.224
589.055
588.861
588.942
588.148
588.301
588.531
588.112
587.813
587.673
586.379
586.505
587.975
586.109
586.056
586.961
587.044
585.927
587.411
586
586.049
587.077
586.462
586.455
586.85
586.535
586.663
586.967
586.469
586.363
586.526
586.81
586.66
586.631
586.504
586.464
586.561
586.56
586.612
586.544
586.561
586.53
586.842
586.537
586.59
586.597
586.54
586.744
586.666
586.666
586.565
586.565
586.566
586.56
586.606
597.207
594.895
593.5
593.63
595.222
595.341
592.856
592.67
595.078
592.995
592.251
593.684
592.906
593.565
592.033
593.13
595.19
593.231
594.222
593.323
592.472
596.347
593.931
593.732
594.582
593.796
593.655
594.719
593.323
595.213
592.845
594.447
593.712
594.171
594.171
593.68
594.793
593.008
597.812
595.199
594.365
593.554
595.152
593.281
592.945
592.93
595.543
592.677
593.698
592.339
593.071
592.596
592.596
591.903
593.331
591.695
591.693
592.41
587.268
507.5
533.805
527.872
570.126
547.148
590.608
593.056
545.297
542.849
551.176
562.8
566.21
558.31
560.741
571.289
593.408
568.292
570.256
581.616
570.832
579.986
577.473
593.408
574.77
580.535
577.303
576.974
585.177
584.128
581.251
594.781
583.813
583.647
584.076
585.59
588.367
585.366
583.642
587.851
585.461
588.288
589.834
594.099
590.208
588.388
590.565
588.58
589.298
594.441
592.922
590.052
591.847
590.119
591.512
592.923
592.405
593.399
594.374
592.867
591.86
593.366
595.531
429.696
429.696
504.115
438.509
508.835
511.423
509.34
509.882
507.332
478.929
514.775
515.497
503.043
452.621
503.043
517.141
456.642
518.008
507.83
507.83
467.706
520.108
513.236
523.684
516.146
525.442
525.101
498.029
468.156
532.824
532.148
430.288
535.699
539.479
294.736
252.561
248.906
263.693
315.301
264.18
287.199
305.304
245.846
323.388
258.023
327.778
422.9
396.11
351.467
374.848
441.834
499.804
461.308
258.584
464.155
396.11
399.199
422.9
494.705
422.9
499.804
479.232
399.199
464.155
294.752
499.161
426.072
426.072
451.103
312.554
405.39
499.868
499.868
497.789
334.715
408.492
432.39
361.437
454.118
386.568
457.088
435.535
386.568
472.216
411.6
252.578
499.392
457.088
268.357
495.058
341.937
438.67
297.772
318.545
366.894
438.67
477.125
392.499
441.792
392.499
503.173
490.609
369.648
395.487
237.664
444.896
420.969
465.663
398.491
503.489
503.489
483.668
503.221
427.254
427.254
451.037
271.719
473.578
430.407
380.857
354.426
504.268
500.293
433.563
331.43
380.857
500.902
436.72
459.983
231.983
500.902
478.382
335.889
235.6
504.523
503.664
335.927
498.629
439.875
439.875
480.622
389.521
443.021
243.632
443.021
238.594
392.467
364.816
443.021
493.521
493.521
468.423
446.154
495.887
503.172
496.919
496.919
473.646
501.316
320.08
398.455
505.408
501.316
429.649
345.242
243.284
501.835
429.649
401.497
502.304
504.074
375.706
404.571
347.649
491.537
404.571
461.346
436.07
407.677
384.257
482.829
504.32
480.707
464.227
505.71
413.98
439.281
439.281
464.227
482.829
390.152
505.742
503.455
500.819
233.129
486.702
472.378
423.626
501.911
257.195
501.911
242.916
502.38
257.195
498.347
491.585
340.916
506.036
430.143
499.158
458.107
504.749
481.787
503.186
505.508
340.909
405.553
506.153
506.222
405.553
494.251
505.624
506.153
506.046
495.422
321.072
501.711
501.711
502.205
443.185
443.185
505.916
418.459
385.419
472.155
505.419
474.677
498.356
490.791
490.791
499.166
499.166
301.352
492.227
492.227
505.785
493.551
503.763
503.763
505.375
238.692
494.767
483.578
461.808
505.524
461.808
504.343
505.524
483.578
464.68
506.393
504.825
470.139
505.789
310.069
410.537
444.776
503.098
472.711
444.776
506.016
503.817
506.118
504.415
495.591
319.84
483.809
321.925
460.236
460.236
483.809
485.66
358.86
506.543
485.66
497.561
465.895
503.656
499.216
503.997
499.938
443.504
491.907
473.62
443.504
446.69
409.216
501.771
478.203
480.313
506.294
419.118
219.724
219.574
221.612
222.63
228.783
232.615
304.481
334.024
304.481
295.221
261.833
237.309
324.245
326.59
345.714
363.131
363.131
306.999
324.243
363.131
363.131
357.158
363.131
273.156
243.98
378.369
306.104
360.427
340.926
370.479
370.479
376.059
308.306
370.479
282.071
244.075
367.546
354.003
363.375
345.857
356.926
234.969
378.369
378.369
376.059
380.066
376.059
370.907
382.517
232.604
251.165
303.758
380.066
340.769
325.949
359.927
366.714
303.758
382.517
246.111
343.095
386.792
258.868
386.792
327.804
356.531
351.057
340.769
363.129
263.606
268.426
248.471
258.692
386.792
391.193
380.957
395.71
388.435
392.787
369.396
366.163
395.71
388.435
395.71
248.529
395.71
315.282
380.957
244.122
284.697
338.508
345.484
400.336
390.505
394.697
362.282
365.26
401.78
230.321
339.103
388.552
376.075
239.646
405.055
350.459
248.688
414.714
409.854
409.854
388.631
368.307
403.282
414.714
396.393
355.706
396.393
411.072
415.787
355.706
246.376
361.227
419.615
298.069
415.787
374.594
361.227
400.381
400.381
278.548
424.531
302.485
255.315
288.323
314.389
330.935
239.612
265.144
429.439
429.439
271.717
416.448
300.202
292.559
314.389
439.119
425.226
413.599
439.119
255.551
349.646
416.534
370.016
439.192
373.071
439.192
330.935
443.833
439.192
290.786
387.856
433.84
376.185
448.428
408.723
453.039
424.559
448.428
266.233
408.723
394.754
452.875
448.036
457.153
230.328
398.246
457.153
382.567
292.722
461.237
456.321
346.652
326.447
419.93
385.823
423.624
405.283
405.283
463.914
349.186
468.764
468.764
266.802
440.033
237.133
284.094
440.033
255.978
443.725
472.182
326.305
371.986
371.986
443.725
375.043
252.259
275.284
335.336
375.043
430.906
354.462
415.851
375.043
261.332
434.478
434.478
334.839
434.478
450.838
378.143
261.332
473.827
464.273
451.575
450.838
419.346
481.003
422.82
402.493
481.003
422.82
483.476
441.454
441.454
483.476
460.757
481.892
426.263
460.757
365.735
412.567
484.182
484.182
337.121
412.567
487.771
390.834
451.433
489.619
454.616
489.619
489.619
480.995
488.204
454.616
454.616
454.616
397.27
472.405
342.486
457.719
305.304
485.293
422.526
475.011
400.492
357.714
236.892
380.73
230.459
477.487
347.14
280.314
479.834
270.441
452.369
490.608
469.275
328.717
452.369
497.42
455.411
498.3
455.411
263.033
413.34
331.902
366.187
435.5
311.682
369.058
416.534
499.091
458.391
237.048
249.271
264.045
246.754
255.466
277.199
285.857
250.546
283.662
285.16
283.865
287.842
278.945
275.958
260.673
286.468
281.103
273.054
284.06
287.241
283.085
254.616
242.847
286.794
284.334
287.694
288.989
286.045
289.885
286.042
288.585
287.797
267.843
286.957
241.271
290.849
292.749
249.796
290.878
289.648
264.973
292.748
292.749
237.044
293.748
267.017
293.81
292.323
290.528
293.148
291.64
293.745
260.343
293.148
292.29
289.114
290.731
276.934
294.696
272.346
263.835
295.693
295.693
295.231
296.673
287.563
294.362
272.897
279.829
293.242
296.069
296.206
296.069
281.925
250.995
295.237
253.811
285.401
280.529
297.713
236.39
296.069
297.716
297.058
292.538
296.145
299.003
296.503
298.741
298.741
296.069
292.514
290.088
278.667
296.145
273.985
249.023
299.293
241.376
297.145
236.565
242.748
299.835
261.018
279.403
291.849
297.145
275.111
303.338
262.453
303.278
302.109
301.554
303.66
293.72
303.278
303.384
300.412
292.785
300.666
303.281
275.718
304.532
259.164
303.818
290.315
305.817
303.818
290.32
306.644
291.243
292.161
306.559
307.17
305.588
306.431
288.016
259.785
272.869
307.929
306.431
309.877
295.741
289.77
308.561
302.001
305.352
288.867
288.879
302.027
272.685
298.998
298.988
310.019
310.019
309.3
308.089
313.072
248.043
256.795
313.943
309.516
240.686
280.005
314.669
314.669
269.761
270.011
310.994
315.574
316.538
248.049
315.574
312.025
287.827
297.447
299.857
316.327
318.027
316.496
315.408
288.228
292.546
310.034
318.821
319.791
310.028
319.791
317.074
295.221
251.183
311.494
289.944
313.01
321.606
244.44
320.764
321.606
272.11
295.514
321.608
289.942
318.785
318.809
313.01
323.492
301.846
311.722
323.62
261.838
323.492
323.492
257.815
258.023
319.484
272.449
323.625
239.511
322.483
313.16
325.441
290.826
325.451
310.571
327.471
285.255
305.547
273.085
326.519
273.122
319.561
299.908
331.775
307.316
293.592
330.004
331.775
331.984
300.947
315.129
331.821
332.975
332.975
326.523
328.578
334.062
332.975
263.741
316.753
326.581
332.975
323.192
335.313
336.452
316.754
336.452
303.303
311.039
324.045
323.192
304.545
338.942
311.958
337.746
338.942
241.317
338.942
320.166
338.942
341.543
264.045
275.66
327.094
337.385
320.574
312.722
337.385
329.15
341.543
305.819
240.414
335.226
305.831
276.201
344.255
343.253
342.934
264.728
307.142
342.498
342.498
347.087
308.076
337.618
333.491
241.488
345.209
325.727
260.042
350.038
351.57
335.778
353.117
351.57
353.117
351.57
353.117
277.87
350.96
356.322
345.343
329.747
350.96
348.109
294.258
348.109
322.419
294.258
219.192
222.952
221.712
219.378
232.356
219.447
219.474
219.536
234.675
219.577
227.968
234.798
224.142
232.356
230.301
234.455
233.475
219.055