333.031
332.589
333.407
600.686
595.01
595.393
593.731
594.962
593.527
591.94
587.893
591.117
590.339
589.41
589.362
588.524
586.974
586.429
585.02
584.347
584.965
584.132
584.221
578.014
581.074
576.829
581.232
582.536
579.598
573.81
577.429
573.628
576.155
578.909
573.908
573.788
572.254
574.226
577.257
576.79
576.419
574.985
575.812
575.618
575.858
577.477
577.13
577.478
576.007
577.501
576.336
576.24
577.17
576.929
576.442
576.524
577.075
576.999
576.705
576.859
576.694
576.687
576.751
576.748
576.783
576.746
576.784
576.758
576.785
576.785
576.789
603.285
600.549
601.906
606.964
596.728
600.352
596.854
595.318
602.27
604.545
603.933
602.44
601.532
606.417
602.24
606.964
601.653
607.335
607.978
606.417
603.72
601.852
604.181
606.974
602.773
603.49
603.601
608.25
603.654
598.829
602.878
600.912
602.178
600.303
600.772
599.286
598.364
601.592
603.206
601.341
601.797
602.673
604.889
601.032
597.671
603.413
599.833
607.152
598.776
600.391
604.771
602.947
601.493
600.52
602.697
600.52
394.164
406.297
412.293
483.105
421.191
434.585
444.266
452.94
476.061
476.189
471.702
480.82
547.034
547.034
545.791
545.791
547.992
551.254
567.551
563.407
560.963
575.985
564.873
569.056
576.466
571.392
577.356
585.34
575.253
579.63
582.997
588.644
582.886
583.869
587.093
583.021
594.892
589.5
587.747
590.64
595.904
593.778
598.343
595.51
596.886
592.486
595.81
597.569
595.81
600.925
334.956
335.731
329.345
337.903
333.386
336.586
344.354
303.227
340.233
349.479
355.292
338.124
357.57
360.364
372.608
373.01
365.558
377.223
381.734
381.154
386.374
377.731
387.819
291.86
378.044
378.044
397.925
388.233
404.808
418.22
392.571
419.481
416.183