509.052
508.79
509.208
593.943
591.706
591.824
591.336
591.769
591.333
590.839
590.22
590.607
590.395
590.118
590.645
589.882
589.554
589.795
588.912
588.822
588.872
588.636
588.655
587.346
587.776
586.983
587.813
588.189
587.347
586.029
586.731
585.958
586.429
587.159
585.97
585.955
586.227
586.003
586.69
586.559
586.931
586.249
586.313
586.3
586.961
586.757
586.658
586.759
586.967
586.767
586.447
586.957
586.672
586.603
586.547
586.509
586.647
586.625
586.54
586.584
586.573
586.544
586.708
586.552
586.562
586.555
586.563
586.557
586.566
586.566
586.565
595.996
593.63
593.986
596.221
592.226
593.328
592.251
591.828
593.91
594.967
594.535
593.882
593.578
595.517
593.767
596.221
593.579
596.347
597.749
595.517
594.234
593.609
594.367
595.7
593.89
594.114
594.149
597.812
594.168
592.76
593.928
593.344
593.709
593.173
593.305
592.887
592.628
593.554
594.054
593.486
593.638
593.91
594.889
593.426
592.443
594.277
593.071
597.536
592.776
593.331
595.643
594.6
593.903
593.615
594.996
593.615
522.234
525.703
536.532
559.652
541.22
545.628
548.995
551.529
558.928
558.826
557.401
560.025
579.102
579.102
578.617
578.617
579.094
579.979
584.891
583.483
582.645
587.28
583.665
584.851
586.89
585.424
587.082
589.786
586.466
587.707
588.74
591.184
588.577
588.824
589.699
588.549
592.342
590.339
589.829
590.614
592.405
591.537
593.06
591.996
592.424
591.075
592.011
592.601
592.011
594.497
509.802
510.126
504.697
510.996
506.62
508.082
513.564
481.562
509.706
515.609
517.894
505.359
518.766
519.753
524.385
524.429
517.644
525.872
527.612
527.526
529.297
523.417
529.787
462.166
520.756
520.756
533.154
525.768
535.699
540.421
524.766
540.737
539.716