225.273
327.62
181.361
326.555
302.592
328.866
327.988
276.191
328.814
237.147
241.078
328.742
329.037
325.07
329.055
327.596
329.132
248.827
329.246
329.029
328.036
328.239
329.07
329.207
329.207
315.495
323.803
210.985
329.587
263.536
324.838
170.007
300.704
327.771
27.2521
329.148
328.032
328.281
329.316
329.732
328.992
326.936
330.31
329.988
330.279
330.431
330.525
329.69
292.162
292.162
314.652
331.029
331.157
331.431
326.071
326.071
331.671
330.201
212.228
320.517
332.634
304.798
306.28
324.091
324.091
334.638
600.132
601.416
599.468
599.382
598.356
592.921
592.87
595.642
585.744
591.528
591.007
591.512
590.834
589.444
589.439
587.892
586.901
586.713
583.472
584.346
583.801
583.801
584.877
574.483
578.24
582.575
581.231
577.76
579.597
579.629
578.458
570.758
579.608
576.007
578.503
580.043
573.787
575.906
575.924
575.957
575.011
575.62
575.238
575.204
577.716
576.225
577.918
577.261
577.608
577.226
576.335
576.335
576.334
576.461
576.515
576.508
576.832
576.685
576.617
576.741
576.749
576.715
576.84
576.748
576.782
576.831
576.77
576.79
576.777
576.785
576.786
608.434
607.672
604.085
604.937
604.879
604.508
602.938
602.117
597.102
598.784
608.899
600.98
595.932
602.333
604.879
600.724
603.154
597.531
605.725
597.236
607.649
600.792
602.794
600.574
597.641
600.339
603.72
608.087
606.974
606.723
603.32
607.151
602.117
604.332
605.359
598.812
605.375
606.236
606.141
600.646
607.997
604.35
600.646
599.226
605.093
606.561
607.612
598.211
603.844
605.283
601.442
601.898
603.83
603.83
595.234
601.099
604.77
598.177
603.821
603.821
604.875
185.846
577.835
418.773
421.751
393.623
420.027
421.482
421.482
429.524
443.339
459.621
477.971
534.843
498.293
514.972
534.441
521.454
516.906
527.411
553.36
532.214
547.032
558.678
541.576
540.415
553.909
559.302
578.306
573.762
575.983
578.469
573.04
584.246
583.67
578.986
575.04
576.926
582.442
585.84
581.307
587.342
585.773
585.363
590.099
592.643
596.375
587.431
596.375
589.852
595.205
596.825
594.326
600.016
593.318
595.092
598.971
597.61
311.907
335.222
177.245
336.936
289.8
340.346
251.835
298.429
334.924
300.775
328.678
330.869
344.319
358.02
340.749
343.488
359.938
337.581
372.975
374.29
377.217
369.586
263.48
373.663
387.473
387.473
397.777
292.735
413.69
36.909
24.6054
29.9296
118.53
47.163
93.2145
4.81891
2.00788
7.6488
137.126
24.7944
137.126
188.381
4.18335
92.1961
241.611
299.981
140.324
16.195
192.07
195.752
245.534
16.3887
288.408
314.83
140.324
195.752
223.336
119.725
272.683
249.424
223.336
253.281
312.611
291.414
291.414
276.234
16.1122
294.279
319.448
253.281
74.413
257.099
231.021
10.2984
279.686
299.549
260.872
128.388
299.549
260.872
181.674
104.537
310.12
128.388
264.593
317.223
301.945
301.945
311.696
214.172
268.254
217.887
107.082
313.138
318.945
271.848
321.737
295.102
275.362
308.164
322.903
112.208
275.362
225.37
140.021
322.521
316.738
297.753
309.925
309.925
172.575
199.272
232.926
311.538
318.622
261.309
313.01
145.887
119.967
97.6735
306.754
316.674
73.1379
125.2
308.61
217.486
317.675
275.711
296.865
221.223
279.136
76.7303
324.925
299.392
279.136
221.223
318.58
279.136
160.926
164.029
325.13
259.636
133.196
303.985
164.029
303.985
322.903
285.685
9.04203
228.785
285.685
232.607
232.607
320.811
288.783
325.236
306.05
207
111.356
173.586
291.747
291.747
240.312
316.905
240.312
186.989
147.134
176.864
274.336
16.9902
248.061
325.725
277.829
91.8525
248.061
325.243
183.562
299.764
281.221
152.99
325.243
190.464
281.221
251.934
314.22
304.331
221.956
159.034
323.709
225.794
315.466
325.042
263.409
8.85557
259.619
229.666
321.622
233.563
233.563
326.495
293.54
139.405
310.026
293.54
319.429
175.029
326.249
326.249
139.405
323.558
320.205
274.408
111.126
277.906
314.456
249.285
25.9466
284.566
324.602
257.093
257.093
287.707
185.265
322.663
257.093
40.4748
323.147
318.776
322.663
192.358
192.358
309.334
13.1279
153.998
231.794
327.11
268.472
320.404
296.271
327.009
268.472
312.524
298.82
275.673
315.216
324.711
203.385
324.711
131.219
303.451
166.627
169.919
169.919
210.975
327.307
318.46
307.473
288.714
288.714
323.858
325.854
1.70625
326.763
326.918
259.395
312.46
324.672
324.672
327.067
327.683
325.036
299.49
315.169
299.49
190.809
322.876
327.873
325.686
322.876
327.746
277.608
277.608
277.608
238.562
323.415
198.189
328.118
324.375
327.453
1.45207
326.993
321.046
254.344
325.929
170.918
328.073
88.2712
322.429
127.244
1.29811
1.29809
1.37146
1.94575
1.29857
10.8871
52.8476
6.02252
70.032
96.1361
81.1858
90.0252
35.6967
54.0493
70.032
41.4214
117.808
134.231
52.8476
114.009
105.417
28.602
132.361
105.417
133.416
95.8572
116.921
136.434
143.074
105.417
152.608
147.748
110.479
105.417
145.563
76.0486
127.782
147.748
127.782
123.046
23.2262
110.479
140.65
91.9149
65.6818
145.021
123.046
157.666
162.928
145.563
47.9194
150.266
152.608
152.608
23.096
87.5937
147.748
32.2951
9.67903
149.558
123.046
95.8572
162.928
160.234
162.928
42.2552
157.666
37.1791
165.502
74.7589
162.928
159.139
102.316
154.264
112.082
168.389
154.505
174.045
133.052
170.955
174.045
146.785
136.602
179.886
124.771
169.374
188.312
114.746
109.51
129.608
127.918
176.581
99.1994
180.194
185.902
168.836
185.902
159.625
114.746
101.402
16.76
192.082
134.51
188.312
188.312
101.402
198.403
185.795
194.389
134.51
60.4815
168.685
178.959
191.496
120.355
151.826
211.366
211.366
184.147
211.366
62.2684
14.4037
231.92
86.6621
217.939
164.173
224.511
219.47
187.562
88.4325
224.511
108.51
10.3959
182.784
205.251
187.562
172.73
172.73
20.3574
237.441
237.441
192.355
226.195
237.441
226.195
215.711
10.0976
33.6848
135.93
243.703
139.29
177.084
197.153
231.776
139.29
249.772
29.1236
121.991
237.229
29.2083
249.772
181.478
142.724
160.332
139.29
6.69029
181.478
142.724
67.391
18.0869
29.2083
255.613
255.613
185.902
255.063
255.063
225.917
168.32
206.73
261.191
261.191
261.191
34.101
261.191
98.3341
211.49
22.3365
69.7122
116.353
235.792
271.455
265.296
240.594
176.475
180.594
270.024
13.4706
119.131
203.689
225.556
22.2418
280.478
184.729
22.1403
278.731
280.478
245.298
102.81
184.729
230.137
284.541
234.65
188.874
234.65
282.722
282.722
188.874
15.018
168.548
282.722
110.145
286.478
147.853
197.157
258.762
239.089
50.8453
274.973
127.257
19.405
95.4078
221.156
127.257
42.1611
34.9333
278.921
298.092
79.5192
247.726
79.5192
130.408
79.5192
296.411
256.019
289.667
300.891
35.2583
127.257
233.797
188.15
303.483
213.568
292.859
124.183
305.861
301.967
66.722
217.627
282.202
192.099
295.846
241.966
282.202
241.966
308.019
43.7627
267.769
221.668
309.961
308.643
311.702
6.46507
253.86
303.574
203.909
88.8293
313.253
291.877
153.923
147.038
233.691
207.822
261.559
261.559
237.664
307.724
157.385
315.853
315.853
72.294
297.457
72.294
57.1036
23.1471
52.9435
29.1643
41.5009
24.9064
46.3897
38.7776
17.0108
49.2699
47.9045
52.2023
46.669
52.9435
33.5433
52.9435
33.4785
48.2569
53.1603
55.261
50.0768
49.6823
53.4196
31.2185
39.0671
44.4021
48.9145
56.3405
53.4196
50.8163
52.965
53.8733
43.4496
36.4109
49.2483
53.39
50.8163
53.8248
36.5763
52.7253
50.8163
53.8248
54.3212
44.9437
44.9437
53.1574
54.4996
55.261
55.7783
57.6269
55.261
27.0814
52.0181
55.3122
45.6277
33.6893
55.7783
50.4142
51.5887
54.7757
56.3405
54.9745
56.3405
19.247
56.6452
29.3549
56.9549
29.5535
37.2955
56.9549
51.9707
22.0675
56.5422
27.2476
49.3623
57.3083
57.6269
54.1981
53.2625
58.3616
52.5899
54.8771
51.163
57.4893
29.9823
53.987
59.6851
39.8624
59.1631
32.6269
38.6535
54.8771
39.0366
59.1631
56.4112
44.7966
57.4893
58.3463
60.035
58.0117
57.4893
58.3463
60.9801
61.7719
62.0009
60.9801
25.957
62.0009
60.723
58.1887
61.6244
61.6244
57.4527
63.8755
55.5983
51.512
62.0009
40.3201
63.101
62.4774
40.819
64.2839
64.2839
59.1773
34.4099
19.9346
63.101
62.8996
65.127
65.5531
64.1097
66.9113
62.4774
65.127
65.0221
52.3708
66.9113
29.0141
68.3592
69.8954
26.8648
68.3592
67.9082
20.3389
71.5144
69.8954
71.5144
23.1215
71.5144
35.7384
71.5144
71.5144
66.7641
69.4665
68.2882
73.2079
40.6452
72.6862
72.6862
71.4463
74.4239
41.2943
74.9653
44.8713
36.7943
74.4239
74.9653
74.4239
76.7766
66.2726
76.2148
50.307
66.2726
69.8585
74.4621
76.2148
74.4621
55.1723
28.2865
76.6662
37.3349
63.4921
58.8813
78.6341
22.5755
78.6341
78.6341
76.1998
78.4885
77.9683
82.484
78.4885
80.5354
80.5354
79.9281
76.1998
74.7368
57.2403
77.9683
52.0767
31.7116
83.8271
31.3914
77.9683
22.6828
34.6548
82.484
47.8553
52.9343
72.2751
79.7745
48.5548
63.6534
35.7832
86.5698
86.5698
86.5698
26.8836
88.7408
75.4009
88.7408
86.2802
81.7198
64.849
81.7198
88.7408
60.2911
90.2476
45.3939
90.2476
81.7198
93.4281
87.6693
87.6693
89.8869
73.1997
68.6055
93.4281
93.4281
95.1072
89.8869
69.9505
23.1301
46.565
51.3729
89.8869
95.5926
71.3551
93.0703
71.3551
98.6765
87.7569
92.2276
78.0033
64.6711
84.3194
71.3551
78.0033
78.0033
101.537
101.537
97.3011
92.3258
104.562
34.0244
42.5612
88.5175
100.036
27.7981
67.1233
107.75
88.5175
48.4364
49.0721
97.3475
111.099
111.099
38.7184
109.905
100.019
55.3328
100.019
56.1688
114.602
114.602
105.884
114.602
71.1052
108.984
95.4888
80.9855
116.894
108.984
118.254
112.191
23.645
97.9679
39.4038
112.191
64.4391
120.594
122.047
23.6734
120.594
125.974
39.7293
108.583
125.974
73.9156
120.867
124.422
120.867
125.974
91.744
100.508
125.974
31.56
125.974
130.035
28.436
51.6116
103.1
51.6116
130.035
14.9945
118.885
111.589
130.035
75.3474
130.035
1.2996
6.34422
7.26664
2.67553
13.2895
11.5197
2.48163
1.61647
1.61629
11.4761