425.74
506.532
388.13
505.741
487.573
507.291
506.742
467.032
507.263
435.56
438.769
507.205
507.364
504.558
507.368
506.388
507.403
445.036
507.444
507.359
506.651
506.77
507.32
507.388
507.388
497.101
503.413
413.663
507.595
456.713
504.124
378.549
485.677
506.317
252.101
507.279
506.477
506.628
507.369
507.643
507.043
505.513
507.892
507.71
507.894
507.961
508.002
507.425
478.566
478.566
495.88
508.199
508.274
508.38
504.431
504.431
508.44
507.392
414.609
499.828
508.875
487.557
488.544
501.959
501.959
509.695
595.447
594.589
593.301
593.561
592.968
591.106
591.093
592.758
591.079
590.715
590.572
590.76
591.072
590.148
590.171
590.22
589.579
589.369
589.019
588.822
588.541
588.541
588.844
586.768
587.399
588.194
587.688
586.903
587.347
587.36
587.036
586.23
587.36
586.382
587.044
587.485
585.955
586.333
586.334
586.341
586.16
586.261
586.212
586.893
586.825
586.411
586.884
586.696
586.797
586.687
586.447
586.447
586.944
586.479
586.492
586.556
586.576
586.534
586.568
586.551
586.553
586.543
586.58
586.552
586.562
586.577
586.567
586.565
586.56
586.563
586.564
597.631
597.367
596.238
596.499
595.582
596.36
594.524
594.303
592.351
592.856
597.858
593.565
592.001
594.1
595.582
593.365
594.329
592.416
595.833
592.332
596.457
593.323
593.978
593.254
592.429
593.182
594.234
596.633
595.7
595.616
594.064
595.763
593.687
594.416
594.792
592.754
594.802
595.243
595.228
593.271
596.628
594.439
593.271
592.873
594.737
595.638
597.661
592.589
594.305
595
593.54
593.698
594.587
594.587
591.759
593.533
595.643
592.609
595.347
595.347
596.885
388.234
589.079
535.094
541.317
518.719
541.027
540.311
540.311
544.221
546.544
553.75
559.103
576.524
565.89
570.232
576.029
571.85
570.457
573.704
581.616
574.853
579.102
582.471
577.441
577.012
580.673
582.267
588.458
586.695
587.28
587.583
585.909
589.331
589.333
587.598
586.447
586.953
588.522
589.744
588.156
590.147
589.348
589.194
590.625
591.543
593.246
589.74
593.246
590.39
592.049
592.652
591.619
594.274
591.31
591.822
593.216
592.549
492.081
509.963
385.268
510.627
473.941
511.857
443.565
478.929
507.332
480.228
500.895
501.948
511.568
518.867
506.576
507.83
519.668
499.244
524.534
524.77
525.872
519.579
444.022
521.564
529.183
529.183
532.148
459.372
538.367
263.691
252.561
257.422
335.587
272.667
313.454
232.69
226.321
236.494
351.298
252.538
350.732
396.11
232.853
310.66
441.834
487.882
353.378
245.08
399.199
402.293
444.957
245.303
479.232
498.378
353.378
402.293
426.072
335.381
466.926
448.048
426.072
451.133
496.86
481.437
481.437
469.615
244.961
483.519
501.544
451.103
295.068
454.118
432.39
239.985
472.216
487.313
457.088
341.989
487.313
457.088
389.527
320.706
495.058
341.937
460.007
500.08
489.023
489.023
496.153
417.838
462.868
420.969
322.729
497.15
501.264
465.663
503.221
483.668
468.386
493.426
504.033
327.03
468.386
427.254
351.877
503.774
499.62
485.613
494.666
494.666
380.857
404.557
433.563
495.799
500.902
457.046
496.833
356.976
333.666
313.588
492.175
499.404
292.916
338.213
493.521
420.096
500.106
468.423
484.748
423.265
471.081
294.863
505.287
486.629
471.081
423.265
500.741
471.081
370.192
372.931
505.408
455.398
345.242
490.022
372.931
490.022
503.803
476.11
238.011
429.649
476.11
432.857
432.857
502.304
478.466
505.442
491.537
410.814
325.494
381.368
480.707
480.707
439.281
499.484
439.281
393.158
357.625
384.257
467.032
242.907
445.673
505.742
469.752
308.312
445.673
505.408
390.152
486.702
472.378
362.847
505.408
396.202
472.378
448.838
497.454
490.079
423.626
368.236
504.306
426.879
498.347
505.245
458.098
236.296
455.06
430.143
502.803
433.412
433.412
506.222
481.787
350.6
494.251
481.787
501.165
382.449
506.046
506.046
350.6
504.134
501.711
466.797
320.333
469.526
497.467
446.405
249.696
474.677
504.84
452.735
452.735
477.084
391.481
503.428
452.735
262.307
503.763
500.569
503.428
397.698
397.698
493.551
238.692
363.695
431.66
506.536
461.808
501.726
483.578
506.469
461.808
495.884
485.493
467.459
497.839
504.825
407.282
504.825
343.358
488.949
374.966
377.891
377.891
413.815
506.596
500.172
491.929
477.515
477.515
504.129
505.571
231.456
506.213
506.303
454.242
495.591
504.678
504.678
506.387
506.777
504.919
485.66
497.561
485.66
396.286
503.284
506.864
505.344
503.284
506.786
468.578
468.578
468.578
437.003
503.656
402.698
506.978
504.31
506.532
231.204
506.162
501.771
449.822
505.338
378.932
506.867
305.463
502.743
340.667
219.109
219.371
219.847
219.965
219.888
232.629
279.614
226.101
297.216
324.243
308.306
317.386
261.415
280.82
297.257
267.735
345.714
363.131
279.661
340.926
332.065
253.972
360.427
332.065
360.131
322.389
343.208
363.807
370.479
332.515
378.369
374.358
336.301
332.065
372.18
303.003
354.003
374.358
354.003
348.711
248.277
336.301
367.302
316.909
292.39
370.907
348.422
382.517
386.792
372.18
274.544
376.059
378.369
378.369
248.409
313.863
374.361
258.336
232.604
374.624
348.422
322.389
386.792
384.191
386.792
268.775
383.528
263.599
388.435
301.907
386.792
382.371
327.803
378.445
335.771
391.193
377.269
395.71
356.531
392.787
395.71
369.396
359.371
400.336
347.939
390.505
406.397
337.914
333.691
353.762
350.459
397.24
323.451
398.961
405.055
388.552
405.055
379.515
337.914
325.23
241.941
409.854
355.706
406.397
406.397
325.231
414.714
403.282
411.072
355.713
286.807
386.576
396.393
407.648
342.397
371.418
424.531
424.531
400.381
424.531
288.323
239.599
439.192
311.467
429.439
381.121
434.311
429.958
401.243
312.906
434.311
332.106
234.842
397.545
416.534
401.243
387.856
387.856
246.442
443.833
443.833
404.978
433.84
443.833
433.84
424.559
234.82
260.28
354.826
448.428
357.525
391.287
408.723
438.042
357.525
452.875
255.66
341.8
442.155
255.873
452.875
394.754
360.292
376.185
357.525
230.328
395.323
360.292
292.559
244.208
255.873
457.153
457.153
398.246
456.321
456.321
432.42
382.567
416.208
461.237
461.237
461.237
260.799
461.237
311.735
419.93
249.018
294.488
337.308
440.033
468.764
463.914
443.725
389.114
392.434
467.422
239.468
338.851
412.337
430.906
249.04
475.361
395.775
249.056
473.827
475.361
447.328
324.605
395.775
434.478
478.301
437.995
399.13
437.995
476.719
476.719
399.13
241.769
381.278
476.719
330.496
479.407
362.838
405.857
457.558
441.454
276.696
470.485
344.394
246.465
316.91
426.263
344.394
268.646
261.874
473.353
487.771
302.518
448.177
302.518
346.95
302.52
486.282
454.616
483.606
489.619
262.246
345.378
436.384
397.27
491.286
419.225
483.222
341.901
492.787
489.954
290.789
422.526
475.011
400.492
485.293
442.924
476.723
442.924
494.138
278.319
463.677
425.805
495.351
494.298
496.441
232.502
452.369
490.608
410.137
309.98
497.42
482.046
366.187
360.51
435.5
413.34
458.391
458.391
438.681
493.462
369.058
499.091
499.091
295.184
486.07
295.184
281.95
242.482
287.184
251.708
271.197
248.271
277.876
267.292
235.98
281.583
279.867
286.749
278.671
287.293
260.185
287.199
259.253
280.371
287.751
291.849
283.087
282.721
288.137
257.97
268.426
275.687
282.679
293.74
288.796
284.733
287.615
288.989
272.964
264.989
282.935
288.562
284.837
289.426
265.52
287.797
284.733
289.426
290.364
277.085
277.109
288.995
290.535
291.832
292.781
295.707
291.911
252.914
287.277
292.238
278.792
261.125
292.75
285.141
286.421
291.282
293.74
291.775
293.815
241.72
294.232
256.078
294.685
256.415
267.013
294.685
287.562
246.147
294.284
253.387
283.887
295.231
295.698
290.72
289.266
296.673
288.488
291.652
285.821
295.146
257.216
290.088
298.244
270.379
297.716
262.441
268.942
292.088
269.429
298.532
293.451
277.419
295.159
296.145
298.834
296.069
295.377
296.148
299.833
300.268
300.93
299.833
251.642
300.93
299.155
295.372
300.407
300.406
293.719
302.771
291.849
285.551
300.942
270.847
302.094
300.411
271.484
303.281
303.278
296.383
262.798
243.505
302.097
301.398
304.017
304.532
302.596
305.816
300.412
303.96
302.791
286.348
305.817
255.611
307.17
308.561
252.573
307.227
305.352
243.902
310.018
309.5
310.018
247.671
310.019
263.865
310.885
310.018
303.241
306.694
302.626
311.514
269.308
310.84
310.838
309.65
312.408
269.761
313.072
274.477
264.579
312.371
313.072
312.372
314.669
301.337
313.95
280.676
301.337
305.851
310.994
313.945
310.994
286.593
253.652
313.8
265.123
297.974
291.6
316.326
246.334
316.326
316.335
312.505
315.425
314.069
319.795
315.408
318.027
318.027
317.247
312.505
310.027
288.237
314.069
282.056
257.533
320.764
257.281
314.094
246.453
261.225
319.8
276.749
282.826
307.156
315.672
277.33
295.977
262.147
323.493
323.492
323.492
251.543
325.437
309.148
325.441
322.404
316.177
296.856
316.209
325.527
290.996
326.519
273.085
326.643
316.202
329.576
322.644
322.644
324.713
306.14
299.787
329.576
330.171
330.736
324.55
300.926
246.883
274.089
280.039
325.417
330.445
302.098
328.319
302.118
334.062
321.342
326.523
309.603
294.563
316.753
302.098
309.613
309.604
336.452
336.452
330.709
325.106
338.942
259.532
269.338
320.166
332.926
252.313
296.743
341.543
320.17
275.665
276.201
329.15
344.255
345.954
264.702
342.934
331.284
283.079
331.284
283.763
347.087
347.087
337.667
347.087
299.796
340.098
325.727
309.868
348.572
340.098
350.038
342.675
247.416
329.051
265.376
342.675
293.097
351.57
353.117
247.518
351.57
356.322
265.7
338.141
356.322
302.081
350.96
354.688
350.96
356.322
320.644
329.747
356.955
256.641
356.322
359.661
253.104
278.444
331.865
278.444
359.661
236.724
348.109
340.586
359.661
303.685
359.661
219.021
223.54
225.826
220.265
234.727
232.475
220.337
219.659
219.7
232.592