174.35
269.284
184.942
302.596
326.844
328.708
276.196
327.111
324.623
279.476
241.081
108.037
327.826
310.004
321.218
329.245
328.992
311.54
291.243
291.243
326.915
324.344
218.569
316.629
327.776
329.675
329.152
318.639
229.796
82.2527
279.535
321.143
282.339
326.561
309.514
330.318
329.228
287.527
312.257
289.913
292.166
329.695
328.706
330.956
330.98
298.181
259.845
262.671
301.655
327.747
320.521
331.591
323.182
323.182
324.096
333.393
279.538
15.191
600.042
600.042
600.686
593.456
597.198
597.198
595.996
595.642
592.83
592.53
590.915
591.046
589.42
589.502
587.807
587.275
586.302
584.562
573.927
582.033
580.782
579.475
580.19
580.795
582.027
576.095
577.76
578.922
576.131
578.07
577.13
573.868
575.476
577.79
577.978
579.191
576.458
576.43
574.722
574.984
576.053
575.44
576.44
577.7
576.854
576.83
576.509
576.801
576.179
577.441
576.874
576.398
577.1
576.712
576.509
576.686
576.848
576.617
576.936
576.874
576.733
576.862
576.799
576.742
576.839
576.766
576.784
576.759
576.781
576.783
602.914
602.914
602.117
603.344
601.465
603.747
598.229
601.857
601.254
595.857
606.144
601.141
606.144
597.619
603.77
601.898
602.239
603.126
597.546
605.337
601.644
607.151
604.953
603.32
599.448
605.155
599.485
607.266
602.187
602.177
606.236
600.771
603.605
600.646
606.021
602.539
598.436
606.823
600.023
603.844
598.003
601.04
600.286
601.031
600.563
603.153
604.627
602.174
598.177
603.857
601.887
593.967
599.654
542.756
405.012
428.758
437.406
452.938
453.197
451.876
456.218
459.625
592.769
471.568
522.243
528.633
499.61
500.354
521.456
521.935
547.523
563.47
532.049
540.283
551.092
567.551
560.639
563.348
574.799
569.055
568.289
570.911
580.355
585.557
584.246
582.573
577.355
576.927
584.246
578.7
580.296
590.129
585.774
588.25
584.057
599.099
589.499
586.672
588.832
588.669
589.64
598.692
595.093
598.343
600.521
598.302
601.775
598.971
595.511
594.108
335.727
285.73
336.591
337.903
291.876
188.833
343.261
338.35
345.778
349.102
328.682
328.682
263.443
349.619
335.595
353.37
355.768
269.992
338.122
354.703
340.753
349.294
365.222
367.575
333.862
367.988
367.988
378.616
380.189
351.019
387.777
389.557
372.818
397.26
358.747
401.479
404.939
167.823
411.131
414.371
93.2196
59.2261
24.6057
37.2373
121.542
108.432
13.8329
215.509
241.665
309.342
92.2007
92.2007
192.029
89.8594
219.371
53.4665
249.411
140.33
249.411
140.33
171.32
146.733
249.411
227.077
174.788
227.077
313.903
253.242
276.308
203.125
74.4152
257.041
230.921
283.04
234.76
99.5137
299.618
156.359
10.6184
310.19
238.595
210.52
321.211
286.241
286.241
316.265
304.203
185.205
268.18
320.745
162.802
62.99
242.422
321.727
271.778
275.301
271.778
162.802
250.045
250.045
322.607
308.163
253.831
253.831
225.423
322.985
322.985
229.187
300.21
169.289
26.5083
229.187
317.743
302.544
261.32
20.5033
321.595
323.654
304.718
323.954
265.004
304.718
265.004
179.163
213.777
73.1395
185.888
20.8568
294.181
294.181
248.218
324.496
189.303
221.222
299.384
324.962
299.384
279.142
299.384
319.396
313.306
324.862
282.469
192.755
301.756
285.687
196.25
303.973
164.029
196.25
288.785
315.805
323.316
109.025
4.76947
113.719
173.585
267.125
111.358
45.4224
291.752
267.125
294.578
291.752
210.661
150.05
325.614
325.823
123.493
8.86088
183.568
244.194
325.263
251.934
297.256
150.05
218.138
153.001
186.998
281.246
325.594
320.337
304.354
323.328
315.475
225.777
315.475
284.522
324.049
162.137
131.24
308.3
133.912
102.185
326.397
233.551
324.364
237.475
168.476
326.47
310.049
310.049
3.03073
133.912
204.899
274.379
323.154
323.154
171.723
325.782
171.723
313.125
212.395
175.025
314.471
314.471
216.208
178.379
321.577
326.697
303.477
284.544
325.793
321.577
305.573
322.153
305.573
317.843
322.68
260.967
260.967
154.002
293.56
264.767
310.983
319.624
157.079
160.211
324.001
272.148
312.513
239.735
123.324
324.37
239.735
326.071
316.391
279.146
279.146
282.473
98.2724
326.435
307.483
325.594
307.483
214.826
307.483
309.278
326.764
310.939
325.851
259.39
309.278
259.39
324.279
291.649
326.317
294.418
324.673
326.317
326.532
230.585
322.301
230.585
234.573
316.371
326.928
234.573
327.878
326.26
326.519
284.153
250.452
320.253
164.218
290.156
325.215
209.6
254.348
213.478
321.773
261.97
314.122
325.934
261.97
327.426
295.572
261.97
255.309
206.819
260.973
211.556
266.377
260.258
247.715
271.495
240.698
240.698
270.213
276.309
280.809
276.309
203.548
97.604
184.678
262.306
280.809
284.988
184.678
266.803
234.506
283.165
271.105
271.105
288.848
234.506
168.627
271.105
288.848
283.165
258.752
292.392
193.006
275.211
275.211
124.164
243.275
243.275
197.174
295.633
29.3707
155
282.828
130.383
151.404
225.31
251.769
301.258
271.017
296.67
301.258
301.258
237.934
289.655
162.308
237.934
292.775
217.787
295.7
263.906
282.086
143.616
295.7
267.77
104.774
285.48
173.436
169.715
169.715
298.434
267.77
246.105
199.963
199.963
250.11
29.5325
225.858
199.963
225.858
225.858
203.866
312.833
207.758
207.758
180.886
311.713
233.815
153.946
184.606
278.72
313.18
237.754
315.428
297.423
297.423