/*--------------------------------*- C++ -*----------------------------------*\
  =========                 |
  \\      /  F ield         | OpenFOAM: The Open Source CFD Toolbox
   \\    /   O peration     | Website:  https://openfoam.org
    \\  /    A nd           | Version:  7
     \\/     M anipulation  |
\*---------------------------------------------------------------------------*/
FoamFile
{
    version     2.0;
    format      ascii;
    class       Cloud<passiveParticle>;
    location    "0.125/lagrangian/reactingCloud1";
    object      positions;
}
// * * * * * * * * * * * * * * * * * * * * * * * * * * * * * * * * * * * * * //

1058
(
(0.142539 0.337208 0.42811 0.0921426) 46155 91632 2
(0.313853 0.00570092 0.34257 0.337877) 46102 91611 2
(0.426228 0.289302 0.235891 0.048579) 46152 91711 1
(0.265691 0.37171 0.064486 0.298113) 46193 91705 1
(0.307033 0.347122 0.0522096 0.293635) 46189 91700 1
(0.844256 0.0783369 0.0718367 0.00557002) 46192 91791 1
(0.261889 0.38481 0.146436 0.206865) 46234 91787 1
(0.0737292 0.475949 0.27473 0.175592) 46193 91793 1
(0.673858 0.0104976 0.152596 0.163048) 46233 91786 2
(0.739237 0.130589 0.101009 0.0291649) 46238 91796 1
(0.540846 0.0709508 0.22956 0.158644) 46283 91888 2
(0.77402 0.0487106 0.109498 0.0677717) 46280 91967 2
(0.241709 0.379941 0.37044 0.00790914) 46329 91978 1
(0.431727 0.0319583 0.254269 0.282045) 46413 92145 2
(0.251083 0.374913 0.218535 0.15547) 46364 92048 1
(0.414075 0.154761 0.281846 0.149318) 46368 92143 2
(0.0259187 0.0354995 0.487129 0.451453) 46414 92150 2
(0.401851 0.295541 0.00425646 0.298351) 46457 92234 2
(0.196345 0.402111 0.354859 0.0466846) 46460 92242 1
(0.0967086 0.0154472 0.436222 0.451622) 46504 92328 2
(0.389594 0.274049 0.0433951 0.292962) 46504 92327 2
(0.103573 0.0564378 0.443199 0.396791) 46454 92315 2
(0.31537 0.302255 0.0669332 0.315442) 46542 92403 2
(0.828532 0.0867875 0.0125177 0.072163) 46544 92407 1
(0.0748048 0.468175 0.15451 0.302509) 46638 92595 1
(0.169621 0.43255 0.16935 0.228479) 46587 92493 1
(0.242565 0.0112807 0.377947 0.368208) 46640 92687 2
(0.433733 0.0779288 0.213884 0.274454) 46628 92575 2
(0.204995 0.397546 0.0228532 0.374606) 46629 92578 1
(0.234244 0.383239 0.178963 0.203555) 46674 92670 1
(0.794476 0.10279 0.0459799 0.056754) 46723 92768 1
(0.23391 0.348912 0.357803 0.0593754) 46720 92847 2
(0.494064 0.267327 0.0690111 0.169598) 46764 92935 1
(0.179743 0.0646003 0.406882 0.348775) 46767 92941 2
(0.356254 0.345713 0.219586 0.0784465) 46806 92931 1
(0.598919 0.0920782 0.200378 0.108625) 46804 92930 2
(0.206166 0.415334 0.378376 0.000123481) 46812 93031 2
(0.763965 0.0291725 0.115669 0.0911941) 46851 93109 2
(0.171545 0.426382 0.333398 0.0686744) 47034 93387 1
(0.528244 0.235991 0.123573 0.112192) 47035 93392 1
(0.834165 0.0483661 0.0345777 0.0828917) 47078 93476 2
(0.0198046 0.514675 0.287913 0.177607) 47204 93727 1
(0.452329 0.274237 0.241171 0.0322621) 47206 93732 1
(0.461384 0.0829502 0.186474 0.269191) 47247 93814 2
(0.544206 0.089679 0.223822 0.142292) 47252 93911 2
(0.536387 0.237277 0.0725826 0.153753) 47298 94003 1
(0.396753 0.309848 0.101622 0.191776) 47297 94001 1
(0.328854 0.072852 0.335441 0.262853) 47341 94004 2
(0.187499 0.41619 0.116147 0.280164) 47336 93991 1
(0.140772 0.039595 0.428406 0.391227) 47298 94003 2
(0.346137 0.344601 0.266388 0.0428747) 47382 94083 1
(0.40239 0.299148 0.256312 0.0421497) 47385 94090 1
(0.0832188 0.213077 0.256042 0.447663) 47427 94173 2
(0.402777 0.296785 0.0284772 0.271961) 47422 94163 2
(0.974948 0.0123189 0.00494808 0.00778509) 47427 94176 1
(0.381682 0.23932 0.0873615 0.291637) 47468 94255 2
(0.343762 0.340653 0.169579 0.146007) 47468 94343 1
(0.0164168 0.487592 0.337916 0.158075) 3441 6724 1
(0.189159 0.39504 0.0280747 0.387726) 3401 6646 1
(0.477419 0.076654 0.261698 0.184229) 3428 6663 2
(0.541595 0.229054 0.0286026 0.200749) 3406 6618 1
(0.59841 0.194359 0.0913788 0.115853) 3391 6627 1
(0.380548 0.269422 0.0323803 0.31765) 3382 6570 2
(0.0353465 0.481879 0.0343959 0.448379) 3362 6532 1
(0.0624049 0.0791705 0.390078 0.468347) 2980 96675 1
(0.778846 0.0346861 0.0757255 0.110742) 3321 6452 2
(0.113039 0.0809965 0.443866 0.362098) 3321 6454 2
(0.302289 0.190441 0.364725 0.142545) 3293 6436 2
(0.296117 0.271281 0.35992 0.072682) 3282 6414 2
(0.54404 0.217808 0.183106 0.0550468) 3271 6354 1
(0.55061 0.224153 0.130363 0.0948735) 3250 6314 1
(0.14399 0.157072 0.428663 0.270274) 3244 6304 2
(0.541129 0.228688 0.0433968 0.186786) 3223 6263 1
(0.303111 0.292876 0.056334 0.347679) 3140 96667 1
(0.507885 0.230298 0.252153 0.00966427) 3192 6200 1
(0.187751 0.404791 0.0254137 0.382045) 3177 6174 1
(0.449419 0.0109526 0.264034 0.275595) 3161 6139 2
(0.399979 0.296864 0.265399 0.037758) 3134 6126 1
(0.190606 0.396424 0.182014 0.230957) 3129 6077 1
(0.242974 0.127404 0.250734 0.378887) 3113 6047 2
(0.773307 0.00565354 0.107677 0.113362) 3096 6014 2
(0.525527 0.237047 0.0761325 0.161294) 3070 5963 1
(0.299658 0.0173795 0.354516 0.328447) 3057 5976 2
(0.0656678 0.450471 0.400674 0.0831864) 3048 5919 1
(0.352706 0.314285 0.0748995 0.25811) 3036 5896 1
(0.432059 0.253509 0.121846 0.192586) 3018 5861 1
(0.199863 0.2351 0.164595 0.400442) 2990 5807 2
(0.220832 0.389145 0.0628404 0.327182) 2965 5760 1
(0.207969 0.395908 0.29777 0.0983529) 2946 5723 1
(0.203581 0.23153 0.405445 0.159444) 2923 5714 2
(0.0330357 0.458607 0.0605971 0.447761) 2911 5691 1
(0.455795 0.270913 0.0214086 0.251883) 2911 5652 1
(0.798848 0.0128173 0.0868431 0.101492) 2892 5615 2
(0.864884 0.0675557 0.0336703 0.0338904) 2868 5569 1
(0.112747 0.443626 0.082396 0.361231) 2856 5546 1
(0.42921 0.281981 0.159072 0.129737) 2821 5515 1
(0.30958 0.343574 0.0589036 0.287943) 2822 5478 1
(0.563406 0.197453 0.0118687 0.227272) 2808 5451 2
(0.823611 0.0513183 0.0368763 0.0881945) 2790 5417 2
(0.352474 0.323763 0.0658736 0.257889) 2769 5376 1
(0.357552 0.3081 0.0718645 0.262484) 2750 5377 1
(0.303583 0.335118 0.235632 0.125667) 2751 5340 1
(0.286693 0.173575 0.183078 0.356654) 2727 5294 2
(0.175407 0.33758 0.412297 0.0747165) 2703 5249 2
(0.326747 0.336626 0.281422 0.0552045) 2689 5222 1
(0.297398 0.341421 0.0450368 0.316144) 2664 5209 1
(0.0948433 0.144124 0.308455 0.452578) 2670 5183 2
(0.544196 0.0631109 0.227902 0.164791) 2651 5148 2
(0.363148 0.291788 0.0786877 0.266376) 2635 5153 1
(0.0147291 0.21172 0.505868 0.267683) 2611 5106 2
(0.0782139 0.451081 0.215873 0.254833) 2609 5063 1
(0.482107 0.112403 0.146543 0.258947) 2593 5033 2
(0.766109 0.116946 0.0948453 0.0221003) 2565 4978 1
(0.162441 0.416569 0.350272 0.070717) 2544 4975 1
(0.243633 0.0237634 0.353506 0.379097) 2546 4940 2
(0.537774 0.126634 0.231113 0.104479) 2523 4898 2
(0.655834 0.0691599 0.102923 0.172083) 2534 4918 2
(0.572953 0.213524 0.156613 0.0569101) 2503 4859 1
(0.203035 0.382205 0.154312 0.260449) 2492 4874 1
(0.466905 0.118065 0.138644 0.276386) 2493 4837 2
(0.801019 0.0687666 0.0275982 0.102616) 2468 4788 2
(0.46125 0.0966577 0.272218 0.169875) 2442 4776 2
(0.120133 0.297563 0.0927766 0.489527) 2456 4765 2
(0.160745 0.278173 0.419628 0.141454) 2424 4705 2
(0.552321 0.223414 0.211511 0.0127537) 2405 4704 1
(0.0410895 0.194662 0.284343 0.479906) 3980 96625 1
(0.104828 0.0165728 0.448046 0.430553) 4061 7933 2
(0.244444 0.377726 0.00177519 0.376055) 4103 7976 1
(0.477735 0.261326 0.183255 0.0776844) 4062 7899 1
(0.244481 0.377762 0.000913771 0.376843) 4105 7981 1
(0.125674 0.437454 0.321236 0.115636) 4105 7983 1
(0.295504 0.353047 0.321901 0.0295473) 4064 7901 1
(0.221516 0.202066 0.38874 0.187679) 4087 7948 2
(0.302097 0.334303 0.263672 0.0999279) 4091 7953 1
(0.0575648 0.471534 0.129908 0.340993) 4004 7784 1
(0.37103 0.308851 0.196172 0.123947) 4049 7910 1
(0.119834 0.297093 0.57196 0.0111132) 4098 7967 1
(0.455543 0.250635 0.129561 0.164261) 4077 7926 1
(0.744132 0.124864 0.013855 0.117148) 3841 7504 1
(0.542893 0.162673 0.066275 0.228159) 4010 7796 2
(0.674241 0.16146 0.0340775 0.130222) 3968 7713 1
(0.114743 0.15162 0.44228 0.291357) 3862 7509 2
(0.0430867 0.247291 0.49612 0.213502) 3972 7760 2
(0.378945 0.250915 0.0602135 0.309927) 3973 7724 2
(0.415031 0.292901 0.115135 0.176934) 3885 7554 1
(0.151309 0.411209 0.0433733 0.394109) 3865 7551 1
(0.336913 0.328191 0.209562 0.125335) 3782 7389 1
(0.566976 0.210809 0.0127588 0.209456) 3741 7309 1
(0.0824538 0.459652 0.375442 0.0824529) 3866 7515 1
(0.359103 0.320749 0.129376 0.190771) 3849 7482 1
(0.0957085 0.452627 0.207617 0.244048) 3825 7435 1
(0.752312 0.112273 0.0428435 0.0925722) 3856 7534 1
(0.615465 0.192493 0.0687862 0.123256) 3783 7355 1
(0.570179 0.21504 0.0599987 0.154782) 3812 7410 1
(0.113425 0.443754 0.188083 0.254738) 3785 7359 1
(0.376575 0.297346 0.201135 0.124944) 3813 7411 1
(0.42442 0.288273 0.263698 0.0236088) 3794 7375 1
(0.176982 0.399749 0.405082 0.0181874) 3683 7157 1
(0.0432322 0.176881 0.478129 0.301758) 3774 7338 2
(0.286056 0.0541506 0.30255 0.357244) 3703 7197 2
(0.174407 0.257105 0.412631 0.155856) 3729 7250 2
(0.646386 0.0138362 0.162439 0.177339) 3726 7241 2
(0.554976 0.216166 0.00623214 0.222626) 3663 7119 2
(0.444827 0.277569 0.153414 0.124191) 3687 7168 1
(0.0776932 0.163211 0.461177 0.297919) 3687 7168 2
(0.239009 0.248693 0.39826 0.114039) 3672 7175 2
(0.738442 0.130754 0.0833599 0.047444) 3676 7147 1
(0.549742 0.224943 0.0209027 0.204412) 3645 7086 1
(0.237695 0.372422 0.0347885 0.355095) 3540 6918 1
(0.315762 0.341554 0.00735941 0.335325) 3602 7002 1
(0.25711 0.0455505 0.372657 0.324682) 3582 6999 2
(0.751776 0.0320281 0.124166 0.0920295) 3610 7018 2
(0.255032 0.359175 0.0397671 0.346026) 3607 7048 1
(0.298702 0.344224 0.228586 0.128487) 3590 7015 1
(0.265825 0.053416 0.309856 0.370903) 3592 6980 2
(0.735883 0.108562 0.132328 0.0232262) 3576 6952 2
(0.230768 0.384041 0.188732 0.196459) 3550 6901 1
(0.306951 0.346213 0.154312 0.192524) 3543 6885 1
(0.0637407 0.305832 0.161269 0.469158) 3528 6856 2
(0.0261613 0.480579 0.257653 0.235607) 3482 6804 1
(0.546419 0.225983 0.193126 0.0344716) 3483 6768 1
(0.317496 0.089463 0.341629 0.251412) 3484 6772 2
(0.0845761 0.271545 0.458977 0.184902) 3477 6759 2
(0.446047 0.276502 0.182891 0.0945605) 3452 6710 1
(0.0132988 0.0403367 0.452941 0.493423) 5102 9937 2
(0.0589436 0.470372 0.435488 0.0351959) 5000 9735 1
(0.698668 0.0526948 0.150718 0.0979191) 4960 9655 2
(2.82212e-06 0.086826 0.412852 0.500319) 4740 96587 1
(0.264693 0.354342 0.367456 0.013509) 5090 9915 2
(0.417461 0.291112 0.0414944 0.249932) 5068 9871 1
(0.267551 0.366252 0.344295 0.021902) 5051 9837 1
(0.435745 0.277663 0.144709 0.141883) 4885 9502 1
(0.12482 0.162893 0.269895 0.442391) 4963 9658 2
(0.325107 0.337298 0.151544 0.186051) 4965 9663 1
(0.573561 0.213266 0.125425 0.0877475) 5010 9755 1
(0.317727 0.327784 0.340087 0.0144019) 4994 9723 2
(0.0801355 0.392284 0.0546556 0.472924) 4904 9540 2
(0.224945 0.123568 0.264192 0.387295) 4953 9639 2
(0.117681 0.248319 0.161451 0.472549) 4955 9642 2
(0.0983125 0.449081 0.358165 0.0944419) 4440 96602 2
(0.184273 0.410549 0.0134166 0.391762) 4806 9350 1
(0.0795068 0.136211 0.324975 0.459307) 4833 9401 2
(0.0672573 0.468304 0.324861 0.139578) 4662 9067 1
(0.489372 0.256634 0.0495633 0.20443) 4746 9233 1
(0.41663 0.253984 0.290413 0.038973) 4662 9069 2
(0.276641 0.354215 0.115341 0.253803) 4623 9029 1
(0.535632 0.0193011 0.222533 0.222533) 4699 9178 1
(0.124667 0.275871 0.436059 0.163404) 4648 9042 2
(0.732215 0.133954 0.0105759 0.123255) 4632 9009 1
(0.597459 0.201975 0.0769963 0.12357) 4612 8972 1
(0.740036 0.130402 0.0523154 0.0772472) 4543 8837 1
(0.110002 0.283397 0.152156 0.454445) 4524 8797 2
(0.269024 0.293829 0.363933 0.0732138) 4527 8806 2
(0.28981 0.354251 0.32639 0.0295484) 4421 8635 1
(0.107207 0.292484 0.155357 0.444952) 4401 8558 2
(0.138191 0.138934 0.43018 0.292694) 4509 8771 2
(0.277542 0.361293 0.347204 0.0139604) 4421 8599 1
(0.332727 0.0793024 0.338042 0.249928) 4490 8770 2
(0.382665 0.0827872 0.222924 0.311624) 4465 8682 2
(0.191305 0.397025 0.148603 0.263068) 4464 8719 1
(0.623069 0.123136 0.19257 0.0612246) 4404 8602 2
(0.0783567 0.19695 0.459853 0.264841) 4430 8617 2
(0.173033 0.414089 0.296767 0.116111) 4321 8404 1
(0.191923 0.147459 0.250908 0.40971) 4386 8528 2
(0.0553954 0.473417 0.231516 0.239672) 4325 8412 1
(0.101954 0.446448 0.0824011 0.369197) 4324 8407 1
(0.280257 0.360091 0.0174871 0.342165) 4303 8367 1
(0.0374206 0.0958679 0.483954 0.382757) 4260 8322 2
(0.656252 0.111364 0.175851 0.056533) 4305 8409 2
(0.169959 0.416369 0.29732 0.116352) 4283 8328 1
(0.786884 0.105279 0.0899341 0.0179025) 4313 8425 1
(0.288765 0.042385 0.311467 0.357384) 4307 8374 2
(0.281788 0.35824 0.0338717 0.3261) 4262 8286 1
(0.276257 0.362826 0.145386 0.215531) 4251 8268 1
(0.270276 0.355893 0.286993 0.0868372) 4224 8212 1
(0.493289 0.250405 0.156 0.100306) 4203 8210 1
(0.163852 0.337165 0.0679407 0.431042) 4226 8216 2
(0.142407 0.343133 0.0870851 0.427374) 4190 8147 2
(0.344122 0.327997 0.308014 0.0198673) 4164 8098 1
(0.629186 0.18386 0.133207 0.0537466) 4122 8052 1
(0.61402 0.107234 0.0936177 0.185128) 47556 94431 2
(0.4986 0.250804 0.0935389 0.157057) 47601 94522 1
(0.336946 0.340383 0.116212 0.206459) 47693 94793 1
(0.435284 0.195952 0.0940883 0.274676) 47737 94793 2
(0.0913493 0.0646865 0.451054 0.39291) 47779 94965 2
(0.313646 0.34973 0.238625 0.0979992) 47778 94963 1
(0.304851 0.362448 0.0395 0.293201) 47780 94967 1
(0.994146 0.00307806 0.00184294 0.000932626) 47960 95240 1
(0.351094 0.333327 0.201163 0.114416) 47825 94969 1
(0.345332 0.335958 0.238247 0.0804622) 47870 95059 1
(0.190233 0.405119 0.217607 0.187041) 47863 95046 1
(0.516127 0.212022 0.0302459 0.241604) 47866 95052 2
(0.0820539 0.271285 0.203888 0.442773) 47910 95139 2
(0.4326 0.0171911 0.266525 0.283684) 47910 95140 2
(0.483373 0.221225 0.0375976 0.257805) 47914 95148 2
(0.387854 0.306208 0.164245 0.141693) 47952 95226 1
(0.391101 0.31224 0.180633 0.116026) 48042 95491 1
(0.56302 0.00856676 0.218482 0.209931) 48128 95578 2
(0.332359 0.334011 0.227684 0.105946) 48130 95580 1
(0.372255 0.315239 0.279566 0.0329398) 48177 95761 1
(0.18529 0.361976 0.407185 0.0455486) 48221 95764 2
(0.392485 0.371934 0.210693 0.0248871) 48165 95737 2
(0.240083 0.161446 0.218316 0.380155) 48264 95848 2
(0.467131 0.264296 0.0111872 0.257385) 48310 95939 2
(0.149829 0.288398 0.155867 0.405905) 48305 95929 2
(0.479731 0.128413 0.260369 0.131487) 48308 95938 2
(0.260621 0.369837 0.200509 0.169032) 48394 96108 1
(0.217382 0.399884 0.235015 0.14772) 48442 96203 1
(0.531183 0.234563 0.000808669 0.233445) 48526 96386 1
(0.268997 0.365161 0.120425 0.245416) 5405 10543 1
(0.169432 0.140506 0.265396 0.424666) 5409 10550 2
(0.299176 0.232055 0.117809 0.350961) 5386 10505 2
(0.286476 0.275414 0.363049 0.0750607) 5342 10456 2
(0.554996 0.221975 0.175788 0.0472403) 5347 10427 1
(0.0119538 0.0424938 0.495938 0.449615) 5326 10424 2
(0.412243 0.0903079 0.296722 0.200727) 5304 10380 2
(0.192219 0.323106 0.161548 0.323127) 5318 10408 1
(0.560942 0.0497408 0.161497 0.227821) 5276 10284 2
(0.385262 0.255245 0.3271 0.0323924) 5231 10234 2
(0.0753082 0.452267 0.417809 0.0546154) 5222 10176 1
(0.457446 0.110911 0.155769 0.275874) 5226 10184 2
(0.300264 0.0212274 0.350093 0.328415) 5205 10145 2
(0.0954553 0.221886 0.457888 0.22477) 5162 10096 2
(0.233405 0.102957 0.280297 0.383341) 5167 10067 2
(0.468511 0.0811752 0.264367 0.185947) 43386 86179 2
(0.474212 0.263073 0.213095 0.0496187) 43429 86180 1
(0.620226 0.0726724 0.118987 0.188115) 43483 86285 2
(0.883586 0.0309337 0.0574664 0.0280137) 43340 86087 2
(0.782185 0.00144465 0.107422 0.108948) 43611 86541 2
(0.35618 0.120277 0.318269 0.205274) 43515 86437 2
(0.0722302 0.398068 0.0667425 0.462959) 43699 86718 2
(0.145824 0.419143 0.0093749 0.425658) 43693 86706 2
(0.220675 0.344534 0.38311 0.0516798) 43743 86893 2
(0.315115 0.270667 0.076147 0.33807) 43782 86883 2
(0.690513 0.0562581 0.154565 0.0986636) 43597 86516 2
(0.20828 0.17591 0.395385 0.220424) 43642 86606 2
(0.0621099 0.344257 0.125945 0.467688) 43596 86512 2
(0.114481 0.215042 0.241895 0.428582) 43640 86599 2
(0.649705 0.176681 0.113826 0.0597877) 43780 86967 1
(0.0110762 0.495632 0.219616 0.273676) 43595 86510 1
(0.178534 0.111939 0.305125 0.404402) 43641 86601 2
(0.573989 0.172518 0.212368 0.0411253) 43592 86506 2
(0.312435 0.35427 0.156764 0.176531) 43685 86689 1
(0.0312216 0.368566 0.117037 0.483175) 43637 86594 2
(0.0592497 0.470759 0.305353 0.164638) 43637 86596 1
(0.804152 0.0673102 0.0934064 0.0351309) 43684 86775 2
(0.864358 0.0123286 0.080144 0.0431691) 43632 189598 2
(0.210414 0.258131 0.171881 0.359574) 43635 86589 2
(0.0698359 0.329359 0.452173 0.148632) 43820 87047 2
(4.29807e-08 1.94778e-09 0.966818 0.033182) 43632 189598 2
(0.582012 0.173604 0.0456281 0.198755) 43729 86777 2
(0.0728434 0.110119 0.456825 0.360213) 43685 86777 2
(0.111218 0.105898 0.348712 0.434172) 43681 86681 2
(0.269834 0.383009 0.114741 0.232417) 43684 86775 1
(0.224819 0.146432 0.241747 0.387002) 43682 86684 2
(0.315054 0.343096 0.139969 0.201881) 43729 86780 1
(0.0737866 0.463562 0.0412994 0.421352) 43731 86782 1
(0.118191 0.376761 0.425455 0.0795924) 43776 86959 2
(0.350101 0.327014 0.130015 0.19287) 44003 87325 1
(1.84504e-09 1.05912e-09 0.589499 0.410501) 43676 189642 2
(0.204691 0.0575098 0.387392 0.350407) 43678 86763 2
(0.093513 0.238061 0.215378 0.453047) 43722 86764 2
(0.12069 0.497818 0.353107 0.0283846) 43678 86763 2
(0.540552 0.208176 0.0752648 0.176007) 43721 86761 2
(0.129031 0.443502 0.296657 0.13081) 43774 86955 1
(0.647139 0.175906 0.00627658 0.170678) 43722 86764 1
(0.0869016 0.291826 0.455808 0.165465) 43768 86858 2
(0.319542 0.357548 0.292342 0.030568) 43862 87043 1
(0.23992 0.255747 0.148638 0.355695) 43813 86945 2
(0.552344 0.0270044 0.207955 0.212697) 43764 86936 1
(0.339779 0.331117 0.325922 0.00318295) 43953 87226 1
(0.163429 0.354716 0.417712 0.0641435) 43811 86944 2
(0.304958 0.343051 0.0385516 0.31344) 43809 86938 1
(0.582844 0.209153 0.137291 0.0707125) 43810 86942 1
(0.31916 0.173231 0.339874 0.167735) 44099 87520 2
(0.0333349 0.483464 0.126413 0.356787) 43814 86948 1
(0.147574 0.426945 0.224555 0.200925) 43861 87042 1
(0.463758 0.27089 0.198642 0.0667102) 43908 87223 1
(1.61178e-09 0.314706 0.685294 3.61728e-09) 43852 141258 1
(0.292659 0.354456 0.158096 0.194789) 43905 87132 1
(0.277951 0.0474073 0.360773 0.313869) 43951 87224 2
(0.623552 0.133241 0.0552444 0.187962) 44048 87416 2
(0.233481 0.38399 0.129989 0.25254) 43906 87132 1
(0.00389917 0.498663 0.18936 0.308078) 43952 87224 1
(0.338168 0.344703 0.00893722 0.308193) 43996 87399 1
(0.301236 0.349683 0.264378 0.0847033) 43902 87126 1
(0.621472 0.146433 0.184115 0.0479809) 44041 87489 2
(0.0868399 0.45687 0.194636 0.261654) 43948 87218 1
(0.0203286 0.920855 0.0314891 0.0273273) 43940 87200 1
(0.0366267 0.485296 0.216605 0.261472) 44224 87767 1
(0.128585 0.00604199 0.434866 0.430507) 43984 87290 2
(0.489682 0.0759154 0.253499 0.180904) 44088 87583 2
(0.393355 0.0797334 0.234356 0.292556) 43987 87293 2
(0.772952 0.0702448 0.0432868 0.113517) 43986 87292 2
(0.316041 0.0494176 0.338146 0.296395) 44036 87479 2
(0.129571 0.45828 0.192258 0.21989) 44033 87385 1
(0.264384 0.0195705 0.349261 0.366785) 44083 87485 2
(0.123129 0.415385 0.0511306 0.410355) 44080 87479 2
(0.432774 0.283838 0.210367 0.0730213) 44034 87390 1
(0.00572413 0.498148 0.24443 0.251699) 44033 87388 1
(0.391886 0.304119 0.0490738 0.254921) 44082 87484 1
(0.0913798 0.0828507 0.452681 0.373089) 44177 87761 2
(0.0555958 0.0224476 0.449767 0.47219) 44124 87568 2
(0.586665 0.207562 0.0061936 0.199579) 44126 87574 1
(0.369218 0.0791656 0.301995 0.249621) 44074 87555 2
(0.01164 0.460817 0.442318 0.0852249) 44076 87559 2
(0.076909 0.270019 0.438115 0.214957) 44078 87563 2
(0.360585 0.00798382 0.311756 0.319675) 44221 87762 2
(0.330482 0.0129831 0.32353 0.333004) 44118 87555 2
(0.315295 0.320845 0.0225035 0.341356) 44120 87560 2
(0.204123 0.168863 0.239256 0.387759) 44169 87657 2
(0.602024 0.198697 0.181876 0.0174028) 44122 87651 2
(0.275321 0.362777 0.346814 0.0150883) 44120 87562 1
(0.403584 0.259697 0.276563 0.0601558) 44122 87651 2
(0.248951 0.338192 0.374722 0.0381361) 44169 87660 2
(0.498928 0.263323 0.159864 0.0778856) 44168 87655 1
(0.887303 0.0552297 0.052749 0.00471841) 44170 87660 1
(0.247632 0.286117 0.374872 0.0913792) 44165 87652 2
(0.0146441 0.825376 0.0836142 0.0763652) 44116 87640 1
(0.352949 0.323841 0.277916 0.0452945) 44167 87656 1
(0.213415 0.394157 0.101768 0.29066) 44163 87648 1
(0.020181 0.281738 0.229648 0.468433) 44211 87741 2
(0.215303 0.425654 0.27405 0.0849931) 44209 87737 1
(0.21815 0.111353 0.280015 0.390482) 44210 87740 2
(0.811637 0.0898346 0.0938726 0.00465561) 44307 87936 2
(0.71332 0.246719 0.0399609 3.22702e-10) 44204 141610 1
(0.538153 0.248538 0.196221 0.0170885) 44255 87829 1
(0.742298 0.130428 0.121836 0.00543846) 44258 87923 2
(0.330848 0.166286 0.168782 0.334084) 44448 88216 2
(1.34142e-09 6.81545e-09 0.429701 0.570299) 44248 190214 2
(0.503136 0.248917 0.158322 0.0896249) 44249 87818 1
(0.252861 0.274384 0.372804 0.0999506) 44303 87928 2
(0.207897 0.307719 0.368512 0.115872) 44254 87915 2
(0.146707 0.336773 0.420067 0.0964536) 44447 88301 2
(0.163218 0.122337 0.296404 0.418041) 44300 87920 2
(0.369572 0.319932 0.183095 0.127401) 44349 88105 1
(0.681479 0.098809 0.0713211 0.14839) 44296 87911 2
(0.56573 0.217427 0.0909215 0.125922) 44297 87916 1
(0.500083 0.256946 0.224944 0.0180273) 44297 88001 2
(0.112626 0.258678 0.220129 0.408567) 44339 87997 2
(0.305588 0.383349 0.248457 0.0626058) 44340 87999 1
(0.420973 0.176071 0.142711 0.260245) 44338 87995 2
(2.82591e-09 0.532971 0.467029 4.35402e-10) 44336 141742 1
(0.141442 0.438071 0.21632 0.204167) 44437 88193 1
(0.334918 0.0280222 0.30782 0.32924) 44385 88089 2
(0.153769 0.423562 0.333076 0.089592) 44390 88100 1
(0.596037 0.2102 0.0569973 0.136766) 44428 88175 1
(0.724426 0.156865 0.072178 0.0465317) 44426 88171 1
(0.00543989 0.498076 0.223952 0.272533) 44432 88186 1
(0.486538 0.0563065 0.252418 0.204737) 44431 88269 2
(0.0761537 0.470539 0.23409 0.219217) 44481 88369 1
(0.220688 0.391286 0.0219629 0.366064) 44477 88273 1
(0.288854 0.3768 0.174009 0.160337) 44473 88265 1
(0.456687 0.10971 0.18279 0.250813) 44470 88259 2
(0.314105 0.343659 0.0050818 0.337154) 44478 88276 1
(0.0799416 0.468543 0.382309 0.0692059) 44473 88353 1
(0.212693 0.0463129 0.347484 0.39351) 44612 88544 2
(0.082269 0.475874 0.188447 0.253409) 44519 88357 1
(0.440003 0.285546 0.00147271 0.272979) 44749 88905 1
(0.409496 0.110779 0.184846 0.294879) 44517 88354 2
(0.192209 0.40389 0.38711 0.0167909) 44701 88724 1
(0.116071 0.442577 0.425675 0.0156774) 44746 88814 1
(0.612679 0.207531 0.129431 0.0503589) 44606 88531 1
(0.184471 0.00266534 0.405101 0.407763) 44563 88446 2
(0.632032 0.190109 0.0776855 0.100173) 44564 88447 1
(0.277413 0.175374 0.36934 0.177873) 44556 88434 2
(0.121882 0.43961 0.35815 0.0803585) 44564 88450 1
(0.260298 0.369979 0.296683 0.0730394) 44609 88540 1
(0.254589 0.372867 0.0230932 0.349451) 44564 88448 1
(0.605848 0.0201348 0.177022 0.196995) 44699 88718 2
(0.255238 0.373276 0.076809 0.294677) 44605 88532 1
(0.131676 0.434112 0.33624 0.0979716) 44745 88812 1
(0.690462 0.0453703 0.110104 0.154064) 44791 88901 2
(0.0822519 0.460035 0.228985 0.228728) 44606 88534 1
(0.457953 0.259027 0.0125083 0.270512) 44698 88716 2
(0.164293 0.42698 0.391132 0.0175949) 44601 88609 1
(0.107331 0.44605 0.362047 0.0845721) 44652 88626 1
(0.362045 0.34452 0.245094 0.0483409) 44650 88619 1
(0.461865 0.172339 0.262051 0.103745) 44700 88807 2
(0.3175 0.341439 0.298934 0.0421271) 44649 88620 1
(0.324568 0.0100686 0.336591 0.328772) 44648 88703 2
(0.0492264 0.498678 0.426965 0.0251305) 44649 88705 2
(0.467358 0.266457 0.185468 0.0807176) 44697 88716 1
(0.459171 0.322043 0.188473 0.0303133) 44689 88785 2
(0.050722 0.26318 0.473972 0.212126) 44830 88982 2
(0.0768388 0.380584 0.460576 0.082001) 44738 88798 2
(0.187861 0.406774 0.193165 0.212201) 44736 88794 1
(0.194773 0.410076 0.032289 0.362863) 44781 88881 2
(0.0476404 0.482535 0.435306 0.0345182) 44738 88883 2
(0.431445 0.0856607 0.198933 0.283962) 44966 89252 2
(0.478148 0.261694 0.218984 0.0411743) 44828 88976 1
(0.144316 0.446015 0.38973 0.0199388) 44920 89159 1
(0.619997 0.189922 0.100988 0.0890925) 45010 89342 1
(0.181383 0.211019 0.216606 0.390992) 44870 89059 2
(0.300119 0.365521 0.161626 0.172734) 44871 89149 1
(0.0863503 0.026576 0.456556 0.430518) 44910 89142 2
(0.75389 0.12902 0.086822 0.0302679) 44917 89153 1
(0.0124988 0.353039 0.492703 0.14176) 45004 89330 2
(0.266192 0.367099 0.116227 0.250482) 45106 89534 1
(0.240399 0.313626 0.364385 0.0815901) 44963 89333 2
(0.321807 0.0469466 0.336762 0.294484) 45007 89421 2
(0.478059 0.120557 0.250803 0.150581) 44958 89323 2
(0.451655 0.182189 0.25835 0.107806) 44958 89323 2
(0.0162073 0.49174 0.100905 0.391147) 45051 89422 1
(0.166115 0.417809 0.0487563 0.36732) 45002 89326 1
(0.0347378 0.483398 0.407597 0.0742667) 45096 89512 1
(0.156558 0.0722842 0.414647 0.356511) 45001 89409 2
(0.864307 0.0673163 0.0445171 0.0238596) 45047 89416 1
(0.077415 0.01586 0.445676 0.461049) 45238 89795 2
(0.104431 0.180914 0.267417 0.447238) 45044 89408 2
(0.784413 0.113078 0.0224395 0.0800693) 45093 89593 1
(0.753715 0.123545 0.0124701 0.110269) 45048 89418 1
(0.19881 0.428856 0.0704756 0.301858) 45047 89501 1
(0.37584 0.267153 0.078389 0.278618) 45131 89581 2
(0.0444358 0.10651 0.477236 0.371819) 45134 89590 2
(0.013583 0.556406 0.0702525 0.359759) 45087 89581 1
(0.078542 0.473887 0.253368 0.194202) 45137 89681 1
(0.109268 0.44578 0.0891103 0.355842) 45182 89684 1
(0.0550372 0.502919 0.192294 0.24975) 45133 89673 1
(0.349568 0.131726 0.326236 0.192469) 45224 89770 2
(0.51868 0.240411 0.203257 0.0376517) 45180 89682 1
(0.550001 0.225225 0.133094 0.09168) 45180 89682 1
(0.0452719 0.495215 0.377552 0.0819605) 45272 89863 1
(0.392255 0.28578 0.278954 0.043011) 45222 89851 2
(0.230256 0.386818 0.0208463 0.36208) 45263 89848 1
(0.162441 0.422811 0.12141 0.293339) 45362 90043 1
(0.285944 0.0648619 0.352979 0.296215) 45269 89945 2
(0.66922 0.216114 0.00406268 0.110604) 45305 89929 2
(0.389051 0.305836 0.110285 0.194827) 45454 90230 1
(0.52189 0.249606 0.0367097 0.191794) 45359 90125 1
(0.414934 0.292788 0.112239 0.180038) 45404 90128 1
(0.429769 0.00422428 0.28464 0.281367) 45405 90217 2
(0.00826332 0.40796 0.0892799 0.494496) 45401 90122 2
(0.226728 0.299997 0.0966713 0.376604) 45494 90307 2
(0.0599248 0.471624 0.08395 0.384501) 45542 90403 1
(0.188248 0.406731 0.0670731 0.337948) 45399 90120 1
(0.392494 0.307412 0.0614213 0.238672) 45446 90211 1
(0.30465 0.0336756 0.347756 0.313919) 45445 90212 2
(0.573618 0.217531 0.0572936 0.151557) 45445 90209 1
(0.43675 0.147703 0.271228 0.144318) 45444 90295 2
(0.427924 0.109644 0.176486 0.285945) 45491 90302 2
(0.821773 0.0460018 0.087512 0.0447133) 45538 90483 2
(0.62153 0.168899 0.0206921 0.188879) 45488 90296 2
(0.0494432 0.475769 0.148531 0.326256) 45539 90398 1
(0.535665 0.236746 0.0739606 0.153629) 45583 90573 1
(0.0656064 0.468641 0.0149074 0.450845) 45532 90383 1
(0.0285821 0.016665 0.484849 0.469904) 45535 90477 2
(0.486039 0.0390286 0.255258 0.219674) 45535 90477 2
(0.517833 0.241452 0.0567604 0.183955) 45531 90384 1
(0.159998 0.420105 0.0385257 0.381371) 45529 90378 1
(0.358694 0.069806 0.257704 0.313796) 45572 90463 2
(0.457368 0.281561 0.166997 0.0940749) 45578 90475 1
(0.414384 0.293637 0.199454 0.0925254) 45573 90466 1
(0.181648 0.409534 0.139913 0.268905) 45576 90472 1
(0.436763 0.281631 0.0766094 0.204997) 45670 90660 1
(0.421316 0.290007 0.251541 0.0371363) 45617 90554 1
(0.151541 0.409407 0.398412 0.0406399) 45621 90649 2
(0.670469 0.161409 0.159495 0.00862709) 45714 90835 2
(0.189799 0.405983 0.372848 0.0313694) 45664 90648 1
(0.329202 0.335543 0.277519 0.0577365) 45662 90646 1
(0.306344 0.217156 0.33372 0.14278) 45665 90737 2
(0.130525 0.197921 0.434539 0.237015) 45707 90736 2
(0.691221 0.154742 0.136553 0.0174833) 45759 90838 1
(0.526295 0.00982407 0.236725 0.227155) 45709 90740 2
(0.12722 0.450015 0.229815 0.19295) 45709 90825 1
(0.0806287 0.416819 0.458679 0.0438726) 45750 90822 2
(0.245816 0.395187 0.165845 0.193153) 45751 90909 1
(0.569195 0.215642 0.118131 0.097032) 45793 90908 1
(0.105286 0.447794 0.196188 0.250733) 45847 91014 1
(0.273307 0.416535 0.00800298 0.302155) 45835 91077 1
(0.2846 0.288137 0.0949416 0.332322) 45882 91083 2
(0.0863335 0.180004 0.456431 0.277231) 45883 91088 2
(0.64121 0.179706 0.045697 0.133387) 45882 91086 1
(0.699405 0.0154907 0.149248 0.135856) 45885 91177 2
(0.388522 0.30579 0.0212078 0.28448) 45882 91084 1
(0.719907 0.0215094 0.119033 0.139551) 45934 91188 2
(0.0336816 0.377769 0.106635 0.481914) 45928 91176 2
(0.589586 0.135316 0.198475 0.0766235) 45931 91269 2
(0.190745 0.414775 0.237021 0.157458) 45977 91273 1
(0.37772 0.311766 0.0121386 0.298375) 45976 91274 1
(0.752473 0.0498634 0.123675 0.0739883) 45973 91268 2
(0.366065 0.317957 0.0119233 0.304055) 46016 91351 1
(0.564694 0.0653676 0.217916 0.152022) 46017 91356 2
(0.753538 0.123622 0.11724 0.00560027) 46063 91533 1
(0.00284506 0.499388 0.115175 0.382592) 46059 91440 1
(0.664776 0.0179693 0.166925 0.15033) 46065 91537 2
(0.0825333 0.464874 0.324672 0.127921) 46064 91535 1
(0.745261 0.127794 0.0381759 0.0887697) 35262 69852 1
(0.00336348 0.509561 0.470917 0.0161584) 42518 84355 1
(0.448647 0.145291 0.130786 0.275275) 42609 84538 2
(0.378386 0.236052 0.0782863 0.307277) 41761 82841 2
(0.138569 0.0551815 0.430833 0.375417) 41793 82908 2
(0.266358 0.326015 0.365984 0.0416442) 41942 83206 2
(0.491465 0.254367 0.233897 0.0202721) 41841 83004 1
(0.819288 0.0015603 0.0888607 0.0902911) 41931 83182 2
(0.346391 0.30229 0.287359 0.0639596) 41787 82981 2
(0.10851 0.0847787 0.44443 0.362281) 41785 82892 2
(0.804596 0.101507 0.0744283 0.0194693) 41927 83173 1
(0.220381 0.0100895 0.382337 0.387192) 41785 82889 2
(0.000979891 0.534957 0.245978 0.218085) 41788 82895 1
(3.03203e-08 0.679496 0.320504 3.32751e-08) 41784 139190 1
(0.481606 0.26166 0.0317196 0.225014) 41880 83079 1
(3.2841e-08 6.22325e-08 0.887821 0.112179) 41784 187750 2
(0.772062 0.114177 0.0213202 0.09244) 41974 83270 1
(0.0164217 0.0836807 0.408849 0.491048) 41830 82980 2
(0.681349 0.000300401 0.0929858 0.225365) 41828 187794 2
(0.0780641 0.683509 0.124378 0.114049) 41828 82976 1
(0.0279763 0.522028 0.192219 0.257776) 41875 83069 1
(0.00639954 0.464758 0.26353 0.265313) 41828 82976 1
(0.333251 0.331094 0.188917 0.146738) 41785 82890 1
(0.921618 0.0562522 0.0107631 0.0113671) 41872 83152 1
(0.908545 0.00995509 0.0457038 0.0357963) 41920 83162 2
(0.0681543 0.466633 0.419464 0.0457486) 41888 83183 1
(0.160514 0.137618 0.279293 0.422575) 41874 83068 2
(0.554021 0.225899 0.179609 0.0404706) 42056 83519 1
(0.526529 0.294107 0.104514 0.0748497) 41873 83065 1
(0.429491 0.000137639 0.234543 0.335828) 41872 187838 2
(0.405752 0.297814 0.267067 0.0293672) 42075 83470 1
(0.0817129 0.0347103 0.427621 0.455955) 42009 83337 2
(0.620461 0.102475 0.0970721 0.179992) 42009 83337 2
(0.093074 0.243981 0.222165 0.44078) 42102 83523 2
(0.162291 0.269423 0.393082 0.175204) 42053 83513 2
(0.278162 0.383318 0.335921 0.00259885) 41960 139366 1
(0.283905 0.358894 0.307915 0.0492864) 42016 83352 1
(0.508552 0.0182314 0.245781 0.227435) 42014 83350 2
(0.0817988 0.00135084 0.455055 0.461795) 41916 187882 2
(0.384434 0.307513 0.291451 0.0166025) 42143 83606 1
(0.942918 0.028893 0.0119459 0.0162435) 42102 83526 1
(0.172202 0.517162 0.155587 0.155049) 41960 83240 1
(0.301691 0.147682 0.217918 0.33271) 42008 83335 2
(0.248197 0.375564 0.0254048 0.350835) 42159 83638 1
(1.4984e-09 0.689503 0.310497 3.29813e-09) 41960 139366 1
(0.643141 0.181837 0.0690125 0.106009) 41971 83261 1
(0.503042 0.250934 0.050515 0.195509) 42102 83523 1
(0.137615 0.428926 0.189556 0.243903) 42050 83420 1
(0.463121 0.318832 0.183819 0.0342291) 42006 83331 1
(0.0280408 0.486103 0.0432666 0.442589) 42007 83334 1
(0.401036 0.168641 0.160893 0.26943) 42006 83331 2
(0.157274 0.48581 0.24288 0.114036) 41961 83329 1
(0.197487 0.430744 0.0680887 0.30368) 42098 83603 1
(0.0751032 0.463276 0.0481266 0.413494) 42146 83614 1
(0.49798 0.251409 0.129108 0.121504) 42097 83516 1
(0.320414 0.380707 0.145566 0.153312) 42004 83416 1
(0.260011 0.356085 0.0147268 0.369177) 42097 83514 2
(0.0726534 0.468158 0.39507 0.0641184) 42054 83515 1
(0.366192 0.00789637 0.309344 0.316567) 42142 83604 2
(0.104148 0.459977 0.190799 0.245075) 42189 83697 1
(0.62238 0.0428697 0.188901 0.145849) 42050 83422 2
(0.391316 0.329759 0.105323 0.173601) 42008 83423 1
(0.775297 0.0839858 0.0908583 0.0498589) 42049 83505 2
(0.0542583 0.470494 0.359897 0.115351) 42093 83506 1
(0.0667125 0.039079 0.466398 0.427811) 42054 83430 2
(0.695602 0.152455 0.0639844 0.0879591) 42096 83512 1
(0.125637 0.184865 0.425861 0.263636) 42145 83697 2
(0.198472 0.037453 0.400682 0.363394) 42199 83720 2
(0.138169 0.00297816 0.150493 0.70836) 42004 187970 2
(8.79371e-09 1.43051e-09 0.919403 0.0805965) 42048 188014 2
(0.0208051 0.153003 0.414223 0.411969) 42048 83504 1
(0.223644 0.240208 0.161511 0.374638) 42101 83521 2
(0.0161241 0.339953 0.18418 0.459743) 42229 83777 2
(0.127546 0.383396 0.0958726 0.393185) 42184 83687 2
(0.175166 0.12562 0.348558 0.350655) 42092 83592 1
(0.540915 0.155944 0.218409 0.0847319) 42143 83693 2
(0.0422845 0.375527 0.290545 0.291643) 42136 83680 1
(0.116436 0.442055 0.00619742 0.435312) 42184 83688 1
(0.259065 0.191883 0.204646 0.344406) 42183 83685 2
(0.451673 0.118842 0.155636 0.273849) 42138 83596 2
(0.605643 0.101631 0.0966147 0.196112) 42183 83686 2
(0.0333316 0.484265 0.105176 0.377227) 42138 83596 1
(0.581661 0.120055 0.208666 0.089618) 42228 83778 2
(0.491748 0.00356993 0.247467 0.257215) 42225 83770 2
(5.68085e-09 2.81876e-09 0.975692 0.0243078) 42136 188102 2
(0.0486757 0.0296873 0.474024 0.447613) 42145 83697 2
(0.374733 0.321507 0.233149 0.0706107) 42273 83953 1
(0.260901 0.427123 0.204459 0.107517) 42181 83769 1
(0.772246 0.117957 0.0109482 0.0988485) 42271 83861 2
(0.0567997 0.472093 0.456878 0.0142289) 42294 83995 1
(2.14923e-08 1.8911e-09 0.794058 0.205942) 42180 188146 2
(0.121552 0.5336 0.171627 0.173221) 42180 83768 1
(0.197766 0.0463583 0.400865 0.355011) 42225 83772 2
(0.410618 0.319823 0.211832 0.0577271) 42273 83865 1
(0.130841 0.191617 0.244163 0.433379) 42225 83770 2
(0.424228 0.228499 0.0693229 0.27795) 42235 83789 2
(0.0370261 0.0314875 0.450019 0.481468) 42289 83898 2
(0.337703 0.0555655 0.328907 0.277825) 42235 83877 2
(0.619489 0.12345 0.181072 0.0759889) 42363 84133 2
(0.244605 0.226594 0.352679 0.176121) 42316 84039 2
(0.500537 0.263934 0.090403 0.145126) 42318 84043 1
(0.0938874 0.204043 0.249218 0.452852) 42269 83858 2
(0.119024 0.25787 0.183389 0.439718) 42233 83786 2
(0.127242 0.0802126 0.436185 0.356361) 42362 84046 2
(0.0772761 0.170713 0.300908 0.451104) 42364 84047 2
(0.0175668 0.184228 0.490704 0.307501) 42233 83788 2
(0.790139 0.111665 0.0977138 0.000482424) 42408 84223 2
(0.0803088 0.459636 0.0611051 0.39895) 42322 83964 1
(0.661658 0.169524 0.0972694 0.0715487) 42407 84136 1
(0.0344313 0.160749 0.482331 0.322489) 42360 84042 2
(0.166787 0.436631 0.331334 0.0652483) 42270 83947 1
(0.0245176 0.47028 0.0191078 0.486094) 42363 84046 2
(0.157373 0.428112 0.308151 0.106364) 42233 83873 1
(0.295268 0.353115 0.252921 0.098696) 42278 83876 1
(0.159282 9.74065e-05 0.685684 0.154937) 42312 188278 2
(0.488297 0.256432 0.097316 0.157955) 42452 84226 1
(0.0653907 0.672969 0.130893 0.130747) 42312 84032 1
(0.766818 0.116621 0.00316564 0.113395) 42361 84042 1
(0.056404 0.370057 0.128944 0.444595) 42451 84221 2
(0.417871 0.291616 0.124314 0.166198) 42322 83966 1
(0.204481 0.227808 0.170839 0.396871) 42448 84216 2
(0.461746 0.26901 0.217485 0.0517581) 42448 84218 1
(0.140351 0.201737 0.378798 0.279114) 42401 84209 2
(0.0284848 0.302957 0.183793 0.484765) 42540 84400 2
(0.502474 0.00145726 0.470887 0.0251818) 42400 188366 2
(0.0229365 0.489022 0.0735722 0.414469) 42496 84314 1
(0.216122 0.023381 0.369273 0.391223) 42457 84233 2
(0.659558 0.0139063 0.169002 0.157534) 42494 84395 2
(0.0402043 0.0849148 0.479699 0.395182) 42492 84306 2
(0.115474 0.292163 0.166875 0.425487) 42585 84489 2
(5.4424e-09 0.612608 0.387392 7.69373e-11) 42444 139850 1
(2.16586e-08 1.15855e-09 0.757107 0.242893) 42444 188410 2
(0.0713883 0.465495 0.110991 0.352125) 42637 84596 1
(0.383846 0.308324 0.0408445 0.266986) 42362 84044 1
(0.261555 0.138546 0.238435 0.361464) 42585 84489 2
(0.339216 0.375751 0.202482 0.0825509) 42445 84297 1
(0.189455 0.0660546 0.346638 0.397852) 42536 84391 2
(0.238013 0.392745 0.182619 0.186623) 42629 84577 1
(0.168681 0.347434 0.0694582 0.414427) 42490 84300 2
(0.110954 0.177199 0.28201 0.429838) 42582 84483 2
(0.945064 0.00955408 0.0407184 0.0046639) 42488 188454 2
(2.61962e-10 7.9213e-10 0.708993 0.291007) 42488 188454 2
(0.88974 0.0479192 0.0545505 0.00779046) 42453 84228 2
(0.391158 0.289985 0.265198 0.0536586) 42535 84477 2
(0.0990074 0.451974 0.0136875 0.435331) 42534 84390 1
(0.178448 0.345464 0.363888 0.1122) 42535 84477 2
(0.242555 0.239734 0.139809 0.377903) 42501 84322 2
(0.352052 0.324958 0.300693 0.022297) 42452 84224 1
(0.478474 0.201703 0.112192 0.207632) 42577 84473 2
(0.0939887 0.4671 0.114961 0.32395) 42625 84569 1
(0.485565 0.139052 0.142994 0.232389) 42578 84475 2
(0.0573325 0.830202 0.112341 0.000125215) 42576 139982 1
(0.733075 0.0195038 0.114143 0.133279) 42672 84664 2
(0.105714 0.279786 0.446982 0.167517) 42625 84572 2
(0.45491 0.2729 0.0606238 0.211565) 42588 84496 1
(0.619183 0.0847566 0.105809 0.190252) 42716 84752 2
(0.0695268 0.441701 0.463882 0.0248895) 42588 84498 2
(0.28834 0.285034 0.144667 0.281959) 42621 84561 2
(0.129187 0.43519 0.0420379 0.393586) 42666 84654 1
(0.319123 0.238647 0.440607 0.00162318) 42620 140026 1
(0.613815 0.194 0.184913 0.00727216) 42669 84658 1
(0.0747134 0.182162 0.462464 0.28066) 42760 84842 2
(0.309964 0.00167175 0.468605 0.219759) 42620 188586 2
(0.737671 0.0781076 0.0532768 0.130945) 42588 84496 2
(0.115208 0.0625866 0.38084 0.441365) 42685 84689 2
(0.0610578 0.160688 0.326909 0.451345) 42712 84743 2
(0.265024 0.367838 0.0146069 0.352531) 42594 84508 1
(0.668215 0.0172956 0.164332 0.150157) 42714 84835 2
(0.692457 0.154291 0.140907 0.0123451) 42758 84836 1
(0.302247 0.121384 0.22728 0.349089) 42802 84924 2
(0.0294277 0.195966 0.468987 0.305619) 42758 84923 2
(0.464553 0.13989 0.134932 0.260625) 42674 84667 2
(0.644658 0.178399 0.126738 0.0502055) 42757 84836 1
(0.08028 0.768336 0.0757681 0.0756159) 42708 84824 1
(0.195006 0.237199 0.170476 0.397318) 42724 84767 2
(0.285189 0.172636 0.356906 0.185269) 42679 84680 2
(0.302543 0.349561 0.0936002 0.254296) 42800 84922 1
(0.112771 0.443708 0.332473 0.111049) 42676 84674 1
(0.548747 0.0773154 0.220514 0.153423) 42848 85103 2
(0.0678301 0.46801 0.122124 0.342036) 42797 84916 1
(0.34598 0.340747 0.156411 0.156862) 42847 85101 1
(0.542695 0.434263 0.0218552 0.00118724) 42796 140202 1
(0.523817 0.117933 0.182978 0.175272) 42796 84912 1
(0.371499 0.222694 0.093746 0.31206) 42799 84918 2
(0.201213 0.106261 0.295278 0.397248) 42820 84959 2
(0.851341 0.0257315 0.0486851 0.0742426) 42891 85102 2
(0.340964 0.340544 0.0953015 0.22319) 42889 85097 1
(0.524525 0.00392902 0.233701 0.237845) 42765 84850 2
(0.593435 0.224672 0.0924292 0.0894639) 42840 85000 1
(1.74371e-09 0.501302 0.498698 2.00235e-10) 42840 140246 1
(0.168527 0.0323218 0.385766 0.413386) 42936 85191 2
(0.21474 0.404496 0.135169 0.245595) 42719 84845 1
(0.319186 0.136763 0.2407 0.30335) 42885 85089 2
(0.0110561 0.29061 0.493548 0.204786) 42886 85094 2
(0.263364 0.304686 0.367448 0.0645024) 42935 85192 2
(0.738904 0.130587 0.0217054 0.108804) 42888 85098 1
(0.394827 0.0892103 0.30229 0.213673) 42934 85190 2
(0.154254 0.423163 0.000711556 0.421871) 42862 85043 1
(0.399407 0.51745 0.0411017 0.0420414) 42884 85176 1
(0.347665 0.582358 0.0344584 0.0355185) 42884 85176 1
(0.674688 0.000337363 0.162839 0.162135) 42762 84931 2
(5.19042e-06 0.0185037 0.981491 3.64669e-07) 42884 140290 1
(0.806748 0.0871143 0.0972041 0.00893337) 42931 85184 2
(0.0469275 0.352547 0.458479 0.142047) 42982 85371 2
(0.3218 0.207365 0.151486 0.319349) 42977 85273 2
(0.524203 0.236254 0.237204 0.00233894) 42929 85180 2
(0.231275 0.212888 0.37184 0.183997) 42761 84929 2
(0.127624 0.436698 0.166586 0.269091) 42978 85276 1
(0.502269 0.0532285 0.205012 0.239491) 42974 85267 2
(0.213966 0.195487 0.37663 0.213917) 42978 85363 2
(6.55949e-09 0.061424 0.938576 1.37222e-08) 42928 140334 1
(1.44193e-08 2.41847e-08 0.833841 0.166159) 42928 188894 2
(0.820317 0.00174628 0.0652985 0.112639) 42972 188938 2
(0.939814 0.0150485 0.0188999 0.0262372) 42973 85265 2
(0.0383159 0.322458 0.461996 0.177231) 43025 85457 2
(0.460044 0.298489 0.229535 0.0119318) 42975 85357 2
(0.687354 0.138986 0.173042 0.000617838) 42972 140378 1
(0.518223 0.241192 0.0437598 0.196825) 43066 85454 1
(0.395383 0.302917 0.0886753 0.213024) 43024 85368 1
(0.468057 0.242372 0.02417 0.265401) 42853 85026 2
(0.571138 0.263381 0.0672604 0.0982197) 42973 85353 1
(0.484535 0.00107553 0.256873 0.257517) 42893 85106 2
(0.20961 0.248639 0.16516 0.376592) 43067 85453 2
(0.0584062 0.200912 0.27214 0.468542) 43019 85358 2
(0.0576743 0.000826971 0.0394937 0.902005) 43016 188982 2
(2.69275e-09 6.14536e-11 0.697009 0.302991) 43016 188982 2
(0.115901 0.290539 0.403184 0.190376) 43019 85445 2
(0.601663 0.210217 0.16839 0.01973) 43025 85369 1
(0.00300701 0.499123 0.183819 0.314051) 43067 85456 1
(0.436774 0.278547 0.0040786 0.280601) 43065 85450 2
(0.0417267 0.318565 0.202849 0.436859) 43107 85533 2
(0.0269711 0.250505 0.299844 0.42268) 43105 85529 2
(0.0803034 0.405586 0.074985 0.439125) 42982 85283 2
(0.14432 0.445409 0.201877 0.208394) 43155 85629 1
(0.559497 0.0281896 0.194324 0.217989) 43155 85629 2
(0.406265 0.274085 0.0302128 0.289437) 42987 85293 2
(0.146027 0.244081 0.399504 0.210388) 43108 85623 2
(0.135267 0.37591 0.0572656 0.431558) 43152 85624 2
(0.112543 0.221196 0.425406 0.240855) 43154 85715 2
(0.389496 0.306138 0.208778 0.0955873) 43200 85720 1
(0.533788 0.239271 0.147662 0.0792791) 43200 85807 1
(0.00772153 0.0558761 0.456029 0.480373) 43193 85705 2
(0.407692 0.108496 0.29646 0.187352) 43195 85712 2
(0.305272 0.149179 0.336841 0.208707) 43199 85805 2
(0.208549 0.397857 0.0208873 0.372706) 43240 85799 1
(0.404268 0.0465297 0.293542 0.25566) 43197 85801 2
(0.509575 0.180889 0.244625 0.0649108) 43244 85810 2
(0.378945 0.336909 0.260369 0.0237775) 43242 85803 1
(0.4486 0.00503512 0.27249 0.273875) 43192 85792 1
(0.352391 0.329362 0.239235 0.0790121) 43244 85895 1
(0.791701 0.104474 0.0966334 0.00719135) 43241 85802 1
(0.776874 0.0827044 0.112068 0.0283529) 43241 85804 2
(0.486308 0.211921 0.256395 0.0453763) 43240 85802 2
(0.208907 0.0271482 0.395483 0.368461) 43287 85896 2
(0.54388 0.174385 0.0595478 0.222187) 43073 85465 2
(0.245022 0.409576 0.00152504 0.343877) 43286 85891 2
(0.198131 0.370274 0.21206 0.219535) 43280 85880 1
(0.938106 0.0321068 0.0238057 0.00598124) 43071 85461 1
(0.569677 0.215455 0.0849295 0.129938) 43287 85894 1
(0.201241 0.0677848 0.329758 0.401217) 43282 85884 2
(0.569038 0.217771 0.188375 0.0248157) 43287 85981 1
(0.162532 0.427637 0.309469 0.100362) 43287 85981 1
(0.132184 0.0676304 0.424263 0.375922) 43283 85973 2
(0.186812 0.309086 0.0978038 0.406298) 43284 85888 2
(0.38205 0.0893014 0.305954 0.222695) 43073 85553 2
(0.754869 0.113218 0.129641 0.00227241) 43280 140686 1
(0.48144 0.166442 0.351347 0.00077086) 43280 140686 1
(0.135774 0.513383 0.176203 0.174639) 43280 85968 1
(0.273496 0.0604857 0.309002 0.357017) 43329 85977 2
(0.809184 0.100151 0.0471237 0.0435413) 43331 86069 1
(0.703092 0.127075 0.143495 0.0263372) 43117 85641 2
(0.231904 0.182712 0.380024 0.20536) 43120 85647 2
(0.554325 0.167127 0.222645 0.0559039) 43172 85666 2
(0.0445452 0.288859 0.666456 0.000139495) 43324 140730 1
(0.0677046 0.205577 0.43034 0.296378) 43326 86059 2
(0.193631 0.399397 0.385747 0.0212244) 43115 85637 2
(3.79951e-09 0.592982 0.407018 4.54535e-10) 43368 140774 1
(0.939412 0.0323984 0.0134516 0.0147375) 43372 86151 1
(0.339489 0.330691 0.0930775 0.236742) 43372 86064 1
(0.670487 0.165039 0.0960558 0.0684185) 43160 85640 1
(0.159385 0.421044 0.352698 0.0668736) 43368 86058 1
(0.0444498 0.483103 0.395628 0.0768185) 43211 85741 1
(0.167794 0.113867 0.415915 0.302424) 43417 86156 2
(0.155317 0.379671 0.0524457 0.412566) 43207 85733 2
(0.0543859 0.163109 0.309548 0.472957) 43413 86146 2
(0.37803 0.311678 0.0430796 0.267213) 43416 86154 1
(0.317243 0.341832 0.239714 0.101211) 43418 86158 1
(0.195592 0.0245947 0.396677 0.383136) 43413 86233 2
(0.700256 0.0335157 0.147426 0.118802) 43463 86333 2
(0.371561 0.318112 0.172174 0.138153) 43457 86234 1
(0.39227 0.216696 0.0880513 0.302983) 43504 86328 2
(0.819178 0.0121902 0.0781185 0.0905131) 43504 86328 2
(0.802021 0.0788145 0.0984875 0.0206773) 43503 86328 2
(1.99059e-09 0.464499 0.535501 5.47529e-10) 43500 140906 1
(0.26455 0.367828 0.145163 0.222459) 43503 86326 1
(0.123106 0.115003 0.334525 0.427366) 43549 86417 2
(0.310722 0.361052 0.160385 0.16784) 43550 86419 1
(0.471904 0.194824 0.164991 0.168281) 43544 86408 1
(0.890878 0.0074537 0.054537 0.0471312) 43552 86426 2
(0.615241 0.000848 0.251842 0.132069) 43544 189510 2
(0.0131713 0.087525 0.896533 0.00277041) 40244 137650 1
(4.52411e-08 4.59845e-07 0.175526 0.824473) 40332 186298 2
(0.772204 0.0958585 0.111625 0.0203128) 40377 80076 2
(7.00673e-06 0.122066 0.877922 5.44888e-06) 40288 137694 1
(0.715063 0.0918174 0.0594038 0.133716) 40470 80259 2
(3.4788e-07 0.500825 0.499174 2.16153e-07) 40332 137738 1
(0.000110444 0.297554 0.702316 1.95156e-05) 40332 137738 1
(0.0948679 0.459067 0.198176 0.247889) 40433 80185 1
(0.546904 0.226853 0.0650504 0.161193) 40335 79992 1
(0.82792 0.070542 0.0342676 0.0672702) 40421 80161 2
(0.631426 0.00131322 0.179374 0.187886) 40420 186386 2
(0.0770534 0.0503471 0.872156 0.000443435) 40376 137782 1
(0.0940128 0.757686 0.0742031 0.0740977) 40420 80160 1
(0.0537827 0.52795 0.418267 2.34183e-07) 40464 137870 1
(0.171102 0.563452 0.265441 4.49775e-06) 40464 137870 1
(1.35604e-06 0.215011 0.784987 7.16878e-07) 40464 137870 1
(0.920592 0.0396493 0.0255124 0.014246) 40516 80352 1
(3.36659e-07 0.755765 0.244234 3.76893e-08) 40508 137914 1
(0.170126 0.434391 0.354671 0.0408117) 40423 80253 2
(2.71798e-07 0.184772 0.815227 6.01127e-07) 40508 137914 1
(0.15379 0.445754 0.372949 0.0275057) 40605 80529 1
(0.420592 0.179911 0.197325 0.202172) 40508 80424 1
(0.148816 0.431967 0.342242 0.0769742) 40558 80523 1
(0.0200481 0.617713 0.0326191 0.32962) 40553 80425 2
(0.00346535 0.103803 0.891902 0.000830215) 40552 137958 1
(0.467145 0.496924 0.0283744 0.00755599) 40552 137958 1
(0.833929 0.00752375 0.11801 0.0405374) 40552 186518 2
(3.05397e-07 0.252423 0.747577 2.65198e-07) 40508 137914 1
(0.707608 0.0501744 0.148021 0.0941973) 40598 80518 2
(0.0767405 0.2119 0.454981 0.256378) 40785 80977 2
(6.60847e-08 6.67224e-07 0.961309 0.03869) 40552 186518 2
(0.589693 0.294989 0.0571235 0.0581941) 40596 80600 1
(0.668064 0.166072 0.00800591 0.157859) 40598 80518 1
(0.217776 0.0128647 0.390871 0.378488) 40646 80614 2
(0.931037 0.0343106 0.000174889 0.0344774) 40646 80614 1
(1.54902e-07 5.35075e-07 0.317897 0.682102) 40596 186562 2
(0.411653 0.187153 0.124419 0.276776) 40645 80609 2
(0.276144 0.181275 0.214024 0.328557) 40686 80691 2
(5.92836e-08 0.367132 0.632867 1.66826e-06) 40684 138090 1
(0.478348 0.277694 0.174525 0.0694323) 40690 80699 1
(0.0779644 0.472542 0.0392933 0.4102) 40686 80691 1
(0.0500092 0.349715 0.217598 0.382678) 40685 80689 2
(0.252637 0.160442 0.210768 0.376153) 40685 80690 2
(0.489608 0.257769 0.209147 0.0434765) 40686 80779 2
(0.532488 0.257675 0.00459113 0.205245) 40688 80695 2
(0.228797 0.393692 0.237687 0.139824) 40829 80977 1
(0.314834 0.16701 0.340517 0.177639) 40641 80604 2
(0.11048 0.472263 0.03177 0.385487) 40736 80879 1
(0.579985 0.21413 0.143988 0.0618968) 40787 80893 1
(0.782653 0.0764982 0.1045 0.0363484) 40825 81057 2
(0.876898 0.0615969 0.0455584 0.0159462) 40729 80780 1
(0.77423 0.114759 0.0455871 0.0654233) 40916 81151 1
(0.237451 0.00132918 0.532677 0.228542) 40728 186694 2
(2.57069e-06 0.450388 0.549608 1.62315e-06) 40772 138178 1
(0.0895293 0.308531 0.454714 0.147226) 40777 80876 2
(0.313598 0.331106 0.0706166 0.28468) 40818 80955 2
(2.2423e-06 2.54774e-06 0.00968661 0.990309) 40772 186738 2
(0.0245543 0.495897 0.1128 0.366749) 40824 80967 1
(0.594869 0.218945 0.141511 0.0446747) 40865 81049 1
(9.36268e-07 0.384095 0.615904 4.29681e-07) 40948 138354 1
(0.838391 0.0215416 0.0791 0.0609679) 40820 81047 2
(0.146701 0.341491 0.36344 0.148369) 40862 81131 2
(0.140228 0.430935 0.373 0.0558364) 40913 81146 1
(0.442249 0.285994 0.0496775 0.222079) 40864 81047 1
(0.218563 0.273307 0.501338 0.00679218) 40816 138222 1
(0.246459 0.0048351 0.197569 0.551137) 40860 186826 2
(0.0866035 0.35763 0.416256 0.139511) 40820 81047 2
(0.0561278 0.542544 0.0200027 0.381325) 40863 81133 1
(0.18446 0.000638039 0.661612 0.153291) 40772 186738 2
(0.263881 0.228504 0.139529 0.368086) 40905 81130 2
(0.488492 0.256341 0.0670574 0.18811) 40910 81142 1
(3.49808e-06 1.06875e-06 0.920924 0.0790718) 40904 186870 2
(0.193693 0.0905638 0.312778 0.402964) 41000 81320 2
(0.22725 0.165977 0.386332 0.220441) 41040 81402 2
(0.102215 0.00164192 0.788325 0.107817) 40904 186870 2
(0.588804 0.14657 0.0683561 0.19627) 41000 81319 2
(0.556846 0.22211 0.206217 0.0148275) 40999 81318 1
(5.76137e-06 0.921167 0.0788204 6.59143e-06) 40948 138354 1
(0.428497 0.00135074 0.408374 0.161778) 40948 186914 2
(0.018518 0.491836 0.1067 0.382945) 40996 81314 1
(7.63531e-07 6.93317e-09 0.898041 0.101958) 40948 186914 2
(0.230004 0.386622 0.383338 3.54491e-05) 40993 81308 2
(0.437948 0.00278121 0.413842 0.145429) 40992 186958 2
(0.0986286 0.336458 0.115046 0.449867) 41135 81590 2
(0.802506 0.109588 0.0162852 0.07162) 40996 81399 1
(0.450053 0.290453 0.203247 0.0562472) 40994 81395 1
(0.0674955 0.121036 0.461601 0.349867) 41136 81679 2
(0.0542732 0.489444 0.310031 0.146252) 41085 81577 1
(1.23611e-07 0.543608 0.456391 2.04755e-07) 41036 138442 1
(0.303137 0.348972 0.156505 0.191387) 41133 81588 1
(0.715787 0.143943 0.0919338 0.0483369) 41137 81681 1
(3.73342e-06 0.682203 0.317793 3.06128e-07) 41080 138486 1
(0.046945 0.239909 0.238145 0.475001) 41082 81484 2
(0.552134 0.0750937 0.215777 0.156995) 41084 81575 2
(0.0651772 0.468322 0.353595 0.112905) 41132 81584 1
(0.485165 0.284121 0.179445 0.0512693) 41128 81575 1
(0.132833 0.205915 0.246702 0.41455) 41173 81665 2
(0.57006 0.215852 0.0469804 0.167108) 41081 81482 1
(0.711815 0.143266 0.123871 0.0210485) 41082 81484 1
(2.97433e-07 7.62051e-06 0.97508 0.024912) 41080 187046 2
(4.06913e-07 4.50984e-08 0.0268307 0.973169) 41124 187090 2
(0.363037 0.319096 0.0713278 0.246539) 41177 81674 1
(3.32008e-08 1.81177e-07 0.160472 0.839528) 41124 187090 2
(0.0417215 0.509186 0.376145 0.0729474) 41175 81669 1
(0.0102716 0.297522 0.45373 0.238476) 41127 81661 2
(0.141943 0.0212957 0.428739 0.408023) 41172 81666 2
(0.0660448 0.472152 0.228053 0.23375) 41257 81834 1
(0.563924 0.219465 0.038458 0.178153) 41170 81659 2
(0.823967 0.0866615 0.086507 0.0028647) 41169 81660 2
(0.366977 0.00231619 0.476033 0.154674) 41168 187134 2
(0.779526 0.0900809 0.10654 0.0238531) 41267 81941 2
(0.173632 0.43513 0.308986 0.0822508) 41264 81847 1
(0.0269379 0.146336 0.477196 0.34953) 41220 81847 2
(0.0355378 0.0817079 0.400722 0.482033) 41264 81848 2
(0.523276 0.203698 0.0541831 0.218843) 41305 81929 2
(7.76909e-06 9.17465e-07 0.194556 0.805435) 41212 187178 2
(0.531323 0.234551 0.0706791 0.163446) 41216 81752 1
(0.55229 0.224127 0.215712 0.00787079) 41212 81746 2
(0.840677 0.0786278 0.0801706 0.000524398) 41212 138618 1
(7.09334e-07 1.87883e-08 0.875555 0.124445) 41212 187178 2
(0.762189 0.102834 0.111764 0.023214) 41263 81933 2
(0.389823 0.316217 0.105126 0.188834) 41261 81841 1
(9.29541e-07 5.17603e-08 0.818167 0.181832) 41212 187178 2
(0.466808 0.197176 0.0972645 0.238752) 41259 81837 2
(0.0187428 0.469068 0.488948 0.0232413) 41258 81838 2
(0.515121 0.242427 0.0500135 0.192439) 41309 81938 1
(0.0269966 0.530837 0.282361 0.159805) 41258 81923 1
(0.0374638 0.538361 0.319498 0.104676) 41257 81921 1
(0.0550775 0.0910939 0.404953 0.448875) 41301 81921 2
(0.176103 0.420715 0.375646 0.0275359) 41258 81923 1
(0.032424 0.484043 0.0986232 0.38491) 41307 81934 1
(0.134325 0.361976 0.100981 0.402717) 41350 82019 2
(0.0489143 0.512437 0.243392 0.195257) 41303 82013 1
(0.137438 0.430977 0.173684 0.257901) 41302 81924 1
(0.0118936 0.58667 0.172067 0.229369) 41345 82009 1
(0.818538 0.0905685 0.0184386 0.0724547) 41348 82018 1
(0.239637 0.394384 0.0653237 0.300655) 41390 82099 1
(0.621438 0.191391 0.000659841 0.186511) 41349 82018 2
(0.610489 0.201626 0.0181643 0.169721) 41400 82207 1
(0.256085 0.333652 0.326453 0.0838097) 41347 82101 2
(0.128874 0.474882 0.0726507 0.323594) 41349 82105 1
(0.0492871 0.0886596 0.395261 0.466793) 41393 82105 2
(0.0288396 0.485202 0.0678266 0.418132) 41350 82020 1
(0.0979493 0.208408 0.346817 0.346825) 41344 82096 1
(0.0728188 0.484297 0.110741 0.332144) 41391 82101 1
(1.50521e-06 0.936636 0.0633615 9.96886e-07) 41388 138794 1
(0.370273 0.336759 0.0387836 0.254184) 41389 82097 1
(4.47688e-08 6.1596e-08 0.47375 0.52625) 41388 187354 2
(0.691521 0.154963 0.0660586 0.0874567) 41391 82104 1
(0.423629 0.244353 0.225819 0.1062) 41389 82185 2
(0.56576 0.217982 0.00889374 0.207364) 41445 82212 1
(0.205439 0.409111 0.030812 0.354638) 41433 82185 1
(0.31052 0.00241071 0.342978 0.344091) 41438 82283 2
(0.273101 0.364451 0.0229551 0.339493) 41433 82188 1
(0.105852 0.0270454 0.446801 0.420302) 41482 82286 2
(0.215874 0.431258 0.0278068 0.325061) 41437 82281 1
(4.83573e-07 0.282558 0.717441 1.8098e-08) 41432 138838 1
(0.430036 0.0452169 0.244078 0.280669) 41481 82281 2
(0.198251 0.400758 0.0355048 0.365486) 41487 82294 1
(0.592906 0.193604 0.0306431 0.182847) 41480 82279 2
(0.390055 0.310525 0.00328136 0.296138) 41490 82299 2
(0.0423847 0.480788 0.473156 0.00367085) 41481 82282 1
(0.827872 0.0363621 0.0839246 0.0518417) 41477 82276 2
(0.463112 0.130982 0.403342 0.00256424) 41476 138882 1
(0.312031 0.364647 0.0636842 0.259637) 41522 82363 1
(0.11343 0.462931 0.0627664 0.360872) 41530 82467 1
(0.690997 0.242174 0.0337902 0.0330395) 41520 82360 1
(0.539809 0.210007 0.201566 0.0486181) 41523 82453 2
(0.0713057 0.14867 0.332545 0.447479) 41568 82455 2
(0.30309 0.349296 0.307973 0.0396403) 41576 82472 1
(0.148891 0.103189 0.375375 0.372545) 41564 82448 1
(0.0187343 0.491413 0.304384 0.185469) 41576 82472 1
(0.043002 0.479698 0.386186 0.0911137) 41571 82462 1
(0.730019 0.159294 0.0181743 0.0925124) 41565 82449 2
(0.312934 0.133557 0.20986 0.343649) 41620 82560 2
(3.86918e-09 2.87189e-09 0.35006 0.64994) 41564 187530 2
(0.232586 0.253312 0.365012 0.14909) 41571 82549 2
(0.0473046 0.478612 0.354976 0.119107) 41569 82458 1
(0.563072 0.104229 0.2037 0.129) 41567 82541 2
(0.587951 0.209471 0.0695421 0.133036) 41619 82557 1
(0.0894239 0.176581 0.733964 3.20727e-05) 41564 138970 1
(0.150343 0.441121 0.087574 0.320961) 41611 82541 1
(0.130757 0.0195386 0.415504 0.4342) 41613 82545 2
(0.333559 0.0448423 0.333121 0.288478) 41614 82550 2
(0.446327 0.285231 0.0364975 0.231944) 41610 82539 1
(0.207852 0.472537 0.319508 0.000102243) 41608 139014 1
(0.973117 0.0100811 0.0135406 0.00326076) 41609 82625 2
(0.0527969 0.47449 0.232689 0.240024) 41613 82546 1
(0.213307 0.393669 0.0655075 0.327517) 41612 82544 1
(1.2484e-10 3.73097e-09 0.166322 0.833678) 41652 187618 2
(0.702704 0.0885058 0.0597938 0.148996) 41656 82632 2
(0.715014 0.11882 0.0252743 0.140892) 41654 82628 2
(0.124653 0.00877285 0.295548 0.571026) 41652 187618 2
(0.0764321 0.0495191 0.460397 0.413652) 41623 82653 2
(0.193659 0.402109 0.223922 0.180311) 41654 82628 1
(0.513306 0.271487 0.0653305 0.149877) 41655 82717 1
(0.0268943 0.522118 0.148987 0.302) 41657 82721 1
(0.0305098 0.153698 0.408472 0.40732) 41696 82712 1
(0.261822 0.237865 0.250919 0.249394) 41696 82712 1
(0.620681 0.201236 0.0381855 0.139897) 41703 82813 1
(0.688388 0.0473797 0.132366 0.131866) 41696 82800 1
(0.526265 0.0564954 0.228606 0.188634) 41699 82805 2
(0.3012 0.357995 0.248431 0.0923747) 41703 82813 1
(0.610517 0.0742096 0.155722 0.159552) 41740 82800 1
(0.846821 0.0188772 0.057415 0.0768863) 41746 82812 2
(0.577694 0.000197119 0.155097 0.267012) 41740 187706 2
(0.521823 0.0921206 0.382506 0.00354985) 41740 139146 1
(0.438605 0.0394989 0.279008 0.242888) 41751 82909 2
(0.230202 0.0660067 0.320373 0.383418) 41200 81719 2
(0.0927938 0.457327 0.140678 0.309201) 41504 82327 1
(0.012572 0.47974 0.0153576 0.492331) 41674 82668 2
)


// ************************************************************************* //
