221.322
96.5882
269.283
184.941
326.558
327.992
317.658
324.622
279.475
328.818
279.475
328.745
308.346
328.869
328.791
328.791
291.242
156.969
328.243
326.593
328.438
263.539
163.432
328.625
328.625
327.504
328.806
329.796
270.31
302.721
302.721
328.035
329.604
319.534
306.356
128.277
326.165
330.096
329.868
330.205
330.316
327.66
328.009
330.679
329.694
329.936
331.226
329.059
149.193
206.125
212.23
319.626
332.278
327.746
320.52
321.404
333.021
163.825
330.295
309.128
324.095
279.537
598.324
603.579
601.417
591.076
594.125
592.773
594.281
593.525
591.964
571.283
570.628
573.222
590.279
589.272
589.53
588.473
588.006
587.205
585.758
585.282
584.29
580.782
582.266
579.475
582.163
575.675
575.77
576.095
581.458
577.185
573.809
580.009
573.587
578.831
578.503
575.931
571.429
578.643
575.486
574.486
578.383
577.051
578.146
576.426
578.009
575.617
576.459
576.284
575.939
576.142
576.336
577.441
576.278
576.857
577.202
576.491
576.524
576.567
576.643
576.78
576.901
576.736
576.72
576.739
576.758
576.758
576.758
576.82
576.779
576.779
576.79
601.671
602.823
604.508
602.048
601.698
599.344
602.938
601.465
595.346
598.737
596.143
600.816
595.171
603.154
600.063
602.065
602.794
597.263
603.77
603.436
599.445
603.436
599.067
600.068
605.89
607.151
605.292
599.493
603.653
605.375
608.091
603.651
601.465
602.85
598.609
606.141
598.181
605.094
605.839
600.023
605.839
598.989
599.731
597.663
601.442
598.504
598.604
601.414
598.177
601.737
598.826
595.954
595.012
596.141
343.068
398.878
416.893
416.893
402.509
422.584
496.264
452.937
471.214
531.636
462.905
467.55
471.567
480.916
498.295
488.827
480.818
483.85
527.029
534.442
551.015
544.495
552.779
568.845
571.679
564.302
573.762
573.762
567.599
574.339
570.031
580.79
569.74
577.627
576.465
575.464
585.84
591.448
584.022
587.504
588.775
583.751
591.284
590.674
589.499
590.595
587.865
593.14
596.825
595.316
591.111
592.966
597.61
595.51
593.876
283.693
334.121
327.066
336.067
336.59
336.92
188.832
291.875
317.745
337.878
339.872
333.382
322.777
343.922
303.224
345.535
347.262
351.528
338.121
346.536
353.118
213.603
359.941
360.286
221.591
330.275
330.275
365.811
365.004
375.4
374.293
380.188
391.018
394.405
396.105
358.746
401.227
397.78
9.16756
24.6057
20.3443
30.7258
50.3957
20.0333
133.968
215.575
137.149
309.338
192.004
265.486
265.486
309.338
2.26997
89.8549
4.0672
245.598
302.31
291.528
97.0312
318.394
119.707
302.31
97.0312
318.394
316.736
203.078
253.304
146.751
234.759
319.876
315.075
230.936
44.1772
99.509
125.473
234.759
234.759
125.473
310.167
299.64
310.167
181.734
156.375
80.3682
317.224
156.375
242.392
34.9209
268.202
321.654
304.237
289.362
321.654
289.362
188.721
318.997
314.51
192.235
109.651
112.22
319.762
275.286
195.765
88.8618
275.286
169.282
88.8618
112.22
253.782
169.282
322.306
140.013
316.79
257.548
300.192
323.388
300.192
142.943
282.03
257.548
172.543
172.543
232.993
69.6279
232.993
5.5112
302.513
232.993
261.283
236.799
264.979
304.678
240.615
322.618
179.138
291.312
315.538
244.439
272.219
324.565
99.9048
317.641
248.263
39.138
296.835
221.205
55.3804
252.085
311.843
130.513
324.653
224.966
255.891
282.502
319.374
255.891
319.374
228.757
314.608
303.989
285.722
228.757
322.893
164.047
303.989
199.773
320.795
315.811
232.576
29.8251
111.353
291.779
206.997
210.676
236.418
316.904
210.676
323.653
311.381
318.799
277.826
183.576
277.826
284.489
251.915
312.872
187
218.166
259.61
251.915
190.472
255.775
304.337
287.641
284.489
284.489
190.472
162.125
229.683
306.381
233.581
324.06
316.613
290.657
165.271
201.195
162.125
310.023
241.43
270.821
319.43
326.49
319.43
204.87
301.236
325.164
208.592
212.362
281.307
315.685
324.282
324.282
321.546
257.098
253.211
260.947
287.72
223.919
188.79
326.482
223.919
309.342
188.79
309.342
227.841
8.88551
120.783
311.004
323.993
195.99
313.938
312.533
239.728
239.728
301.221
166.628
166.628
243.703
325.034
247.669
305.542
207.165
318.47
318.47
288.713
214.84
327.403
176.668
324.678
320.956
327.072
145.418
327.423
297.024
325.041
327.353
322.293
299.491
315.171
270.602
327.851
274.161
301.808
326.928
277.612
317.458
2.62064
154.576
277.612
277.612
317.458
318.463
323.916
327.752
157.736
324.378
327.457
284.156
326.517
328.306
287.228
287.228
311.247
321.049
327.778
327.217
328.496
327.425
327.425
314.122
162.896
142.735
174.033
159.156
174.033
174.033
159.156
179.903
163.935
185.956
185.956
185.956
188.393
185.956
173.849
63.2184
147.853
159.602
192.176
198.531
131.165
198.531
178.956
185.843
204.987
178.956
200.69
168.66
173.311
204.987
204.987
198.531
197.314
204.987
120.355
197.314
206.95
106.055
189.383
218.05
159.994
211.508
22.7885
126.323
213.236
80.7253
108.504
208.934
159.994
224.567
208.934
214.722
224.567
231.015
226.114
220.458
113.648
187.579
237.349
215.699
237.833
243.666
243.529
100.537
243.666
231.667
66.2929
231.667
185.972
142.705
121.989
243.666
231.667
220.855
206.832
185.972
202.035
33.8267
185.972
206.832
206.832
220.855
127.975
260.834
149.792
105.174
172.352
247.57
211.596
127.975
110.152
194.831
266.121
194.831
266.121
260.031
252.583
100.537
252.583
199.256
157.145
180.539
59.4744
280.367
9.43863
105.174
230.154
208.058
208.058
266.648
140.952
230.154
140.952
234.636
188.807
41.4865
278.784
212.421
216.752
275.136
147.887
288.467
286.717
221.048
295.431
263.043
147.887
221.048
295.431
197.101
295.431
247.645
151.444
298.484
176.388
115.489
130.391
251.827
271.113
97.5993
301.262
301.262
286.414
158.692
233.7
209.5
136.889
303.778
303.778
64.3773
184.267
124.177
259.945
213.606
121.192
130.391
302.104
162.364
166.058
66.7234
263.875
308.09
241.937
308.09
308.09
192.158
263.875
245.991
35.6363
196.094
67.9995
196.094
13.8605
55.2386
225.797
44.2337
313.045
253.959
203.931
275.108
314.36
207.827
112.778
257.862
305.578
294.677
153.914
233.799
294.677
211.709
211.709
237.762
315.538
261.707
237.762
307.542