422.431
313.127
461.651
391.262
505.741
506.742
499.049
504.253
469.565
507.263
469.565
507.205
491.848
507.264
507.175
507.175
478.557
367.274
506.77
505.565
506.883
456.713
372.736
506.989
506.989
506.147
507.09
507.674
461.993
487.177
487.177
506.477
507.581
500.01
489.869
342.14
505.011
507.795
507.705
507.829
507.875
505.964
506.177
508.065
507.425
507.551
508.279
506.783
361.004
409.586
414.609
499.257
508.728
505.41
499.828
500.378
508.985
373.921
506.755
490.377
501.959
467.391
594.905
596.496
594.589
592.711
591.446
591.067
591.5
591.287
590.836
586.435
585.973
587.105
590.37
590.08
590.356
589.872
589.722
589.496
589.205
588.989
588.706
588.148
588.202
587.764
588.075
586.949
586.655
586.754
587.877
586.735
586.029
587.472
585.932
587.137
587.044
586.354
586.087
587.086
586.219
586.049
587.013
586.633
586.947
586.458
586.909
586.3
586.469
586.427
586.458
586.422
586.447
586.75
586.521
586.582
586.682
586.911
586.509
586.563
586.525
586.561
586.597
586.549
586.781
586.744
586.555
586.569
586.569
586.574
586.561
586.561
586.566
594.693
594.997
596.36
594.785
594.189
593.064
594.524
593.87
591.846
592.781
592.051
593.449
591.777
594.322
593.13
593.781
593.978
592.324
594.319
594.155
592.931
594.155
592.826
593.106
595.105
595.763
594.765
592.947
594.168
594.802
596.643
594.171
593.504
593.921
592.697
595.228
592.576
594.737
595.152
593.102
595.152
592.808
593.022
592.438
593.54
592.677
592.709
593.564
592.596
593.715
592.807
591.966
591.695
592.036
489.639
527.872
538.538
538.538
526.71
539.159
566.825
551.529
557.274
576.864
555.504
556.279
557.622
560.571
565.89
563.179
560.025
560.849
573.439
576.029
580.169
578.147
580.494
585.376
586.592
583.774
586.695
586.695
584.507
586.476
585.165
588.417
584.99
587.305
586.89
586.575
589.744
591.928
588.942
589.936
590.519
588.758
590.94
590.713
590.339
590.63
589.843
591.334
592.652
592.008
590.714
591.243
592.549
591.904
591.443
470.132
509.22
503.555
510.295
510.484
510.641
394.356
475.176
495.374
510.829
511.081
506.62
497.985
513.454
481.562
514.094
514.775
516.38
505.359
512.444
516.54
411.897
519.668
519.746
417.223
495.601
495.601
521.528
520.108
525.419
524.77
526.996
530.909
531.846
532.824
506.374
534.461
532.148
236.76
252.561
248.771
257.909
274.972
248.489
348.112
419.721
351.723
494.705
399.199
461.308
461.308
494.705
228.046
308.807
232.89
444.957
489.562
481.437
314.506
501.024
334.715
489.562
314.507
501.024
499.868
408.492
451.103
358.733
435.535
502.016
498.631
432.39
268.357
316.528
339.505
435.535
435.535
339.505
495.058
487.313
495.058
389.527
366.894
299.837
500.08
366.894
441.792
259.932
462.868
503.173
490.609
479.421
503.173
479.421
395.487
501.264
498.055
398.491
324.866
327.029
501.771
468.386
401.514
306.196
468.386
378.021
306.196
327.03
451.037
378.021
503.536
351.877
499.62
454.061
487.435
504.268
487.435
354.415
473.578
454.061
380.857
380.857
433.563
289.088
433.563
235.777
489.135
433.563
457.046
436.72
459.983
490.714
439.875
503.664
386.605
480.622
498.629
443.021
465.681
505.01
315.493
500.106
446.154
262.459
484.748
423.265
276.256
449.266
495.887
342.869
505.047
426.451
452.35
473.646
501.316
452.35
501.316
429.649
497.857
490.022
476.11
429.649
503.803
372.939
490.022
404.571
502.304
498.71
432.857
254.146
325.551
480.707
410.814
413.98
436.07
499.484
413.98
504.32
495.397
500.819
469.752
390.152
469.752
474.902
448.838
496.473
393.158
420.389
455.06
448.838
396.202
451.97
490.31
477.315
474.902
474.902
396.202
370.993
430.143
491.585
433.412
504.538
499.158
479.612
373.793
405.553
370.993
494.251
439.941
463.977
501.165
506.205
501.165
408.738
487.562
505.274
411.952
415.214
472.155
498.356
504.627
504.627
502.653
452.735
449.592
455.826
477.084
425.043
394.571
506.147
425.043
493.551
394.571
493.551
428.35
235.267
333.918
494.767
504.343
400.86
496.905
495.884
438.259
438.259
487.283
374.966
374.966
441.532
505.036
444.776
490.496
410.537
500.172
500.172
477.515
417.112
506.642
383.867
504.678
501.941
506.387
356.165
506.624
483.809
504.919
506.543
502.877
485.66
497.561
463.112
506.862
465.895
487.397
506.228
468.578
499.216
229.975
364.383
468.578
468.578
499.216
499.938
503.997
506.752
367.209
504.31
506.532
473.62
505.868
507.057
475.971
475.971
494.382
501.771
506.708
506.294
507.13
506.417
506.417
496.484
386.792
366.163
395.71
380.957
395.71
395.71
380.957
400.336
384.719
405.055
405.055
405.055
406.397
405.055
392.446
289.116
368.307
379.515
409.854
414.714
353.049
414.714
396.393
403.282
419.615
396.393
415.787
386.576
390.186
419.615
419.615
414.714
412.041
419.615
342.397
412.041
420.521
328.969
404.402
429.439
377.829
424.531
248.781
347.156
425.253
304.94
330.935
420.848
377.829
434.311
420.848
425.226
434.311
439.119
433.84
429.561
335.068
401.244
443.833
424.559
443.675
448.036
448.428
322.682
448.036
438.042
291.655
438.042
398.349
360.292
341.8
448.036
438.042
428.516
416.208
398.246
412.47
260.446
398.246
416.208
416.208
428.516
346.652
461.237
366.022
326.447
385.823
450.055
419.93
346.652
330.496
405.283
465.113
405.283
465.113
460.211
453.819
322.685
453.819
408.812
371.986
392.434
284.817
475.361
234.757
326.505
434.478
415.851
415.851
464.273
357.196
434.478
357.196
437.995
399.13
268.004
473.827
419.346
422.837
470.485
362.838
481.003
479.407
426.263
485.728
460.757
362.838
426.263
485.728
405.857
485.728
448.177
365.735
487.771
387.63
334.839
346.95
451.433
466.819
318.695
489.619
489.619
478.608
371.649
436.384
415.904
352.236
491.286
491.286
288.893
394.109
341.903
457.719
419.225
339.476
346.95
489.954
374.653
377.682
290.79
460.742
494.138
442.924
494.138
494.138
400.492
460.742
446.123
262.63
403.712
291.894
403.712
241.531
280.312
429.061
270.441
497.42
452.369
410.137
469.275
498.3
413.34
330.939
455.411
492.1
484.125
366.187
435.5
484.125
416.534
416.534
438.681
499.091
458.391
438.681
493.462