347.841
458.816
503.169
507.108
461.651
503.561
461.651
507.243
503.561
507.213
499.769
435.56
438.769
507.264
438.769
504.84
445.036
445.036
505.342
228.632
478.557
507.431
502.579
507.535
503.413
482.348
507.595
507.187
485.678
229.338
487.177
507.581
231.062
500.601
344.527
432.309
501.148
471.213
390.206
505.513
507.626
507.944
507.71
506.177
443.498
254.541
507.974
481.582
497.359
508.28
504.431
508.28
504.762
507.185
507.185
504.762
459.227
505.41
461.044
507.832
506.404
509.463
509.245
506.755
425.781
509.659
590.009
594.905
592.384
592.625
590.009
591.5
591.604
591.093
592.337
590.791
591.157
590.697
590.864
590.746
590.645
589.865
589.731
589.408
588.912
588.989
588.547
587.531
586.166
588.075
587.399
587.159
586.655
587.324
587.623
587.595
586.501
586.647
587.159
587.472
586.354
587.411
586.608
586.334
586.559
586.897
586.713
586.98
586.304
586.587
586.526
586.792
586.476
586.397
586.631
586.429
586.504
586.724
586.515
586.656
586.547
586.528
586.573
586.523
586.529
586.537
586.544
586.555
586.596
586.708
586.666
586.555
586.569
586.562
586.562
586.561
597.367
597.631
593.5
593.169
592.856
592.504
593.565
592.501
593.328
593.249
596.347
592.305
595.706
592.849
593.294
592.793
595.411
595.301
593.113
596.457
596.457
594.5
593.389
595.616
595.616
593.241
593.481
594.367
593.062
594.416
593.916
597.661
597.88
594.802
592.828
593.504
593.482
596.628
593.148
592.852
594.737
594.685
597.661
595.638
594.615
594.524
593.197
593.698
595.422
595.886
594.587
594.587
595.886
594.39
593.533
592.294
593.717
591.839
591.632
579.834
578.417
587.906
588.519
583.229
536.611
541.491
530.993
541.727
526.71
545.66
547.148
547.594
549.228
545.74
539.278
550.153
553.829
558.928
559.103
572.206
567.084
568.292
571.85
571.849
570.891
571.975
579.094
578.993
579.856
585.376
585.217
586.809
587.907
584.528
591.056
585.704
588.879
587.875
589.331
587.558
589.014
593.761
587.36
588.824
588.257
590.292
590.899
589.194
591.235
590.614
590.903
591.537
591.466
591.794
594.274
593.06
591.535
492.081
431.553
509.985
387.064
509.802
510.641
494.752
291.103
475.176
511.449
511.901
507.332
512.406
482.94
515.919
517.894
517.894
514.46
518.856
520.661
520.354
495.601
513.236
524.54
524.385
475.218
526.473
489.118
342.294
502.436
502.436
532.824
535.324
539.479
241.251
228.902
313.568
248.943
248.906
236.566
243.444
241.251
313.454
264.18
243.364
335.581
245.848
321.26
274.962
286.158
258.283
371.947
371.947
372.564
396.11
350.732
461.308
350.732
266.048
498.378
291.976
422.9
494.705
422.9
278.783
402.293
499.161
277.916
356.045
380.686
332.365
466.926
448.048
496.86
405.39
491.116
481.437
405.39
429.235
469.615
451.103
501.024
408.492
451.103
386.568
485.479
501.544
386.568
237.967
299.365
240.107
268.357
457.088
411.6
495.058
499.392
495.058
438.67
242.14
392.499
496.153
496.153
369.648
417.838
490.609
441.792
503.173
490.609
444.896
282.82
424.108
465.663
501.264
498.055
349.362
427.254
427.254
451.037
351.877
354.415
378.021
244.171
473.578
380.857
407.622
380.857
502.644
476.033
504.077
252.775
500.902
478.382
290.479
504.675
459.983
501.452
503.357
501.452
498.629
439.875
501.949
439.875
335.927
389.521
253.104
446.154
468.423
502.805
468.423
500.106
395.445
486.629
367.487
505.287
423.265
503.172
495.887
426.451
398.455
501.835
503.803
321.405
372.931
501.835
476.11
429.649
498.71
347.647
347.647
404.571
505.442
350.086
350.086
265.093
505.71
410.814
461.346
492.934
502.727
390.152
492.934
464.227
482.829
233.566
384.257
420.389
467.032
390.152
500.819
417.172
505.742
445.673
390.152
495.397
505.524
496.473
506.006
497.454
423.626
451.97
490.079
370.993
502.803
430.143
499.158
479.612
479.612
492.974
505.899
505.899
461.074
499.894
317.122
494.251
408.738
443.185
469.526
487.562
502.205
496.491
506.389
489.237
418.459
472.155
260.51
490.791
472.155
504.84
355.705
506.076
358.324
243.548
452.735
479.372
505.888
503.763
505.212
494.767
233.003
306.459
306.459
501.176
501.726
464.68
464.68
404.056
404.056
497.839
467.459
505.789
441.532
505.036
444.776
506.659
498.689
505.036
410.537
506.548
377.891
500.172
447.982
506.723
506.723
500.172
417.112
477.515
494.471
506.788
454.242
479.736
506.777
253.981
423.746
504.919
506.777
485.66
485.66
503.284
498.425
499.216
499.216
503.997
499.938
230.307
506.436
506.532
473.62
504.31
506.532
500.603
506.817
505.868
504.599
501.213
372.988
504.866
506.162
231.825
505.112
505.112
495.476
219.239
222.998
219.772
220.971
222.816
220.566
224.917
223.212
230.331
232.628
298.243
248.131
338.582
274.094
361.302
239.611
363.131
363.131
366.738
281.621
320.406
370.479
348.396
289.852
360.427
360.131
322.389
299.294
368.425
297.214
309.642
254.107
273.614
289.042
370.479
345.857
343.357
374.358
254.239
332.065
360.131
292.394
340.926
354.003
334.412
376.059
374.358
356.926
363.375
292.39
262.593
363.375
308.735
366.714
363.375
269.48
301.49
341.923
303.769
299.329
378.369
284.008
359.927
315.346
283.347
374.624
232.604
378.445
291.526
291.526
291.591
386.792
363.008
386.792
340.769
377.269
283.347
386.792
234.94
382.371
391.193
276.471
356.531
382.371
250.218
331.672
320.06
395.71
347.939
380.957
380.957
321.728
386.404
395.71
323.451
359.371
395.71
400.336
400.336
405.055
384.719
397.24
345.484
376.075
405.055
405.055
401.78
251.498
400.337
406.397
353.049
325.23
232.581
325.23
379.515
419.615
295.128
368.307
337.914
264.548
409.854
409.854
340.121
311.466
342.397
383.018
264.361
371.418
414.714
371.418
255.213
371.418
308.735
371.418
340.121
289.933
314.389
419.615
280.232
386.576
415.787
288.353
424.531
377.829
429.958
393.838
429.439
361.227
425.253
425.253
377.829
288.323
416.448
364.091
265.161
429.958
349.64
289.116
381.121
246.423
412.491
439.119
304.94
384.465
335.068
401.243
429.561
314.404
443.833
404.978
387.856
322.68
420.562
424.559
408.723
273.362
424.559
376.185
376.185
260.622
296.538
452.258
326.447
446.162
346.652
306.275
328.435
461.237
260.799
346.652
337.253
320.935
436.263
450.055
453.819
436.263
405.283
330.496
465.113
440.033
266.81
349.186
339.509
389.114
351.79
385.823
453.819
427.286
467.422
323.751
295.491
457.449
430.906
237.086
316.927
232.625
415.851
354.462
296.638
310.449
450.838
434.478
476.719
419.346
478.301
357.196
419.346
419.346
234.724
481.003
298.778
419.346
476.719
381.278
479.407
483.476
483.476
234.708
241.738
426.263
481.892
460.757
276.696
460.757
299.97
409.217
460.757
485.728
476.062
390.834
487.771
390.834
476.062
478.608
256.589
319.162
415.904
466.819
415.904
415.904
415.904
419.225
439.676
457.719
439.676
439.676
419.225
492.787
483.222
234.662
234.651
475.011
442.924
442.924
226.093
442.924
442.924
252.494
463.677
487.211
425.805
463.677
477.487
306.805
256.995
496.441
360.51
449.273
479.834
449.273
383.791
466.524
469.275
246.342
452.369
469.275
410.137
482.046
495.479
389.94
455.411
496.546
257.079
310.032
496.546
484.125
389.94
366.187
486.07
247.836
278.962
277.191
281.59
247.674
261.986
283.66
248.419
265.566
244.154
286.23
257.121
272.975
281.104
267.276
272.444
287.224
276.15
288.135
285.559
287.743
285.234
288.155
262.451
258.13
287.631
288.99
286.785
288.153
283.235
279.377
289.548
287.615
248.905
289.989
279.579
291.202
238.741
290.85
274.174
286.957
289.427
290.849
284.652
283.536
289.586
245.445
274.322
292.749
292.314
291.775
274.966
288.15
292.37
291.843
292.843
292.75
282.391
293.297
289.004
294.526
293.808
294.232
294.233
259.964
279.171
294.801
250.214
294.541
250.912
290.994
294.127
290.522
281.205
276.867
293.241
257.092
296.69
276.804
294.201
237.997
298.741
297.713
296.073
281.319
291.627
298.245
295.197
299.322
298.247
298.024
293.455
290.405
289.226
298.745
299.854
283.319
299.322
298.259
299.322
299.833
300.935
246.776
254.89
282.242
287.095
274.522
287.773
288.635
301.601
301.603
279.591
301.398
266.305
303.278
301.398
305.816
293.719
280.686
300.018
280.6
303.279
303.789
299.513
302.594
294.707
304.532
302.791
304.532
247.389
290.521
300.455
303.3
305.816
267.981
305.816
305.797
298.502
295.731
256.1
307.17
296.772
300.791
298.501
310.019
300.096
292.167
307.929
310.378
288.869
304.068
305.353
263.498
302.041
303.241
302.001
310.018
309.365
310.081
289.759
268.857
274.476
311.514
274.476
313.072
312.371
308.089
294.53
311.887
303.071
313.072
304.76
310.768
280.005
313.348
313.077
313.072
253.457
314.669
291.6
264.946
309.516
251.86
313.945
292.313
303.809
316.147
265.321
281.364
318.027
318.027
305.095
244.348
319.791
276.219
288.382
307.759
319.861
319.791
288.276
318.985
321.25
289.942
321.606
320.764
315.673
323.492
242.781
323.519
266.842
284.943
324.528
314.566
304.276
325.441
325.441
325.441
316.177
310.576
254.834
322.428
327.471
321.086
327.471
298.926
329.576
324.294
306.86
328.583
268.023
251.989
308.209
268.147
331.775
286.473
273.582
329.781
331.775
279.782
315.129
268.418
334.153
332.975
315.129
281.04
334.062
335.313
334.043
336.452
335.313
336.452
338.942
330.709
338.942
340.983
320.166
282.11
332.926
337.385
337.385
269.655
329.14
342.934
247.206
289.896
342.934
344.255
255.838
314.841
342.934
264.702
283.064
255.838
344.255
270.078
337.618
329.219
276.229
290.605
298.77
315.868
347.087
347.087
333.491
340.098
350.038
317.445
345.209
284.476
348.031
335.78
348.031
342.675
256.443
338.141
356.322
345.343
350.96
350.96
311.298
329.747
330.209
260.813
294.258
348.109
278.444
359.661
357.933
359.661
357.933
219.132
219.126
219.096
219.007
219.179
230.133
219.875
219.39
219.561
219.211
219.345
232.165
221.014
234.409
219.385
219.305
225.914
234.292
227.975
225.914
232.374
225.914
229.919
227.976
234.7
219.569
232.003
232.439
225.984
236.839
219.689
219.59