60.4585
326.255
316.572
328.218
326.255
300.399
272.793
272.793
272.793
323.611
141.505
328.619
327.599
69.0588
282.623
195.93
252.624
112.912
328.242
328.039
256.347
322.611
291.241
210.987
329.446
160.184
327.216
327.216
327.216
324.84
173.328
329.785
325.308
302.72
319.533
326.165
321.141
330.197
279.534
321.141
279.534
328.995
330.258
322.55
329.226
310.932
330.859
329.935
324.969
330.954
328.704
331.214
316.781
331.21
329.803
301.654
320.519
332.251
331.089
323.18
275.167
323.18
333.495
334.024
277.385
331.042
334.544
595.392
596.953
585.744
594.497
592.538
594.125
592.83
592.596
590.167
590.852
589.502
572.126
587.211
587.934
586.879
585.019
585.446
584.965
585.341
584.58
584.095
582.637
577.104
578.459
573.177
577.184
580.45
578.07
580.792
579.254
576.418
573.654
579.138
574.891
578.171
578.778
576.43
575.62
575.239
575.46
578.173
578.008
577.595
577.262
576.034
577.192
576.555
577.301
577.316
577.11
576.692
576.465
576.555
576.574
576.574
576.642
576.674
576.715
576.701
576.72
576.795
576.813
576.745
576.772
576.796
576.788
576.79
608.671
603.284
601.308
607.672
602.53
601.465
601.465
603.747
595.346
598.207
607.672
600.352
601.254
596.159
606.558
602.44
605.011
601.898
600.082
607.335
604.103
605.323
600.844
602.844
601.075
601.261
605.89
608.087
602.772
607.152
600.907
603.49
602.172
600.394
602.877
598.772
602.065
607.224
602.686
598.789
603.387
599.921
599.226
603.205
607.978
600.639
607.128
604.889
598.054
598.054
605.797
602.838
596.189
604.627
598.177
600.249
596.158
595.012
595.012
594.474
315.49
422.991
425.144
435.207
451.588
461.472
461.348
477.973
488.875
496.741
543.18
532.215
541.577
547.033
549.163
558.147
569.094
554.982
570.135
560.962
578.085
569.055
574.339
571.322
581.916
572.341
586.916
582.996
577.97
579.336
580.446
591.203
584.373
591.448
590.129
590.674
593.804
587.865
592.811
597.499
596.106
591.111
593.805
597.645
599.317
597.644
598.971
599.862
231.542
115.388
234.078
334.926
285.729
337.871
336.582
344.35
345.534
344.392
346.625
303.223
340.228
311.228
346.536
355.537
357.566
280.801
362.775
362.408
352.361
367.574
368.6
301.497
375.747
345.469
356.597
380.684
384.128
394.076
399.47
393.793
400.433
320.632
404.965
407.78
413.64
36.6086
61.633
93.2224
95.5558
77.362
118.547
97.9792
59.2246
121.536
118.547
30.1904
7.64885
51.353
16.8658
69.0355
87.5774
160.87
108.438
164.35
314.556
285.365
192.013
192.013
316.604
114.007
314.556
164.35
309.353
265.483
167.828
195.71
8.77416
302.328
288.517
72.5512
72.5512
171.306
272.793
276.316
306.577
199.404
294.383
294.383
230.932
125.474
178.256
178.256
181.734
181.734
234.76
210.5
317.271
283.056
286.253
321.2
185.218
264.526
286.253
238.585
159.578
214.214
185.218
107.093
246.218
134.184
321.334
271.761
314.512
192.223
62.9886
250.019
166.03
322.219
295.045
295.045
199.298
166.03
309.911
297.685
309.911
140.02
229.213
320.47
142.95
261.308
317.762
202.869
321.645
285.252
285.252
265.002
210.102
265.002
306.688
95.4461
268.648
151.835
182.484
9.23607
294.158
182.484
272.234
321.424
279.175
189.281
157.875
299.383
299.383
127.847
189.281
299.383
322.45
104.423
40.8163
133.197
228.753
133.197
303.991
325.347
322.892
232.576
315.811
288.814
109.02
315.811
315.811
263.413
214.398
307.977
236.421
236.421
325.652
207
325.652
316.902
240.287
240.287
4.63821
89.8846
297.262
244.164
309.746
270.764
318.794
318.794
32.5739
324.291
325.909
214.398
318.794
325.417
299.777
22.9177
314.23
248.043
320.35
314.23
324.813
314.23
320.35
255.779
229.674
229.674
287.647
316.61
290.664
263.404
324.369
17.6408
165.275
322.18
293.537
270.816
270.816
322.682
319.433
311.635
313.108
274.408
298.826
313.108
326.093
314.457
301.236
314.457
26.3127
216.183
326.23
315.69
305.588
321.553
284.568
38.3196
6.05209
253.207
326.656
316.816
287.709
322.134
326.939
326.885
293.568
326.282
27.444
325.417
310.998
326.282
326.43
298.822
324.371
315.219
326.066
203.387
243.707
243.707
327.335
131.22
67.7643
317.477
282.452
307.476
307.476
325.601
327.428
255.529
325.601
255.529
218.73
327.196
319.365
218.73
30.3853
327.595
222.657
226.612
320.953
320.953
266.944
327.214
226.612
270.6
322.294
322.294
301.809
326.735
111.856
316.364
316.364
277.611
317.459
277.611
198.191
326.256
328.074
324.378
205.755
328.166
309.63
254.346
86.3139
312.739
261.968
261.968
261.968
325.932
261.968
217.388
1.30296
4.65166
62.0834
128.415
76.7888
96.1366
105.743
138.567
132.455
70.0323
128.415
91.9149
117.811
134.231
129.62
134.231
53.4507
116.925
138.567
48.3575
71.1671
136.43
114.014
143.061
136.43
124.359
143.061
143.061
157.643
145.548
110.481
141.415
152.585
162.909
137.345
162.909
149.55
67.7145
131.335
160.22
56.6034
131.335
170.967
102.32
91.1792
162.909
162.909
168.382
168.382
129.602
138.806
56.6034
168.382
165.499
129.602
160.22
140.24
168.382
121.72
68.795
163.934
154.507
146.776
83.3271
71.0898
143.999
174.057
136.587
179.926
174.057
121.72
115.911
169.392
124.769
97.0803
159.604
68.795
192.18
7.65731
93.0735
185.836
159.604
143.999
194.481
74.8994
198.519
120.351
191.532
101.401
60.4819
198.519
151.822
151.822
200.664
123.291
204.957
211.459
173.323
211.459
197.294
141.494
173.323
217.984
160.009
217.984
141.494
92.1832
217.984
145.114
117.503
148.814
199.95
224.489
74.8994
224.489
224.489
214.691
80.7241
187.599
152.588
116.347
225.65
214.691
38.8712
172.796
106.053
237.264
132.633
137.958
111.035
237.264
156.429
119.129
33.685
210.496
243.455
243.63
243.455
243.455
177.154
177.154
197.231
39.7044
249.314
56.9957
142.71
13.9704
96.2125
225.957
33.8267
255.281
206.825
168.293
254.81
260.862
247.614
68.5307
190.373
260.098
230.958
131.103
235.868
230.958
194.797
127.982
149.802
266.193
216.292
194.797
271.259
252.64
153.451
265.165
199.217
220.953
7.75899
203.625
115.485
276.046
225.561
274.591
230.107
280.546
262.198
15.3773
280.546
188.808
278.933
234.587
271.044
216.712
168.6
275.185
275.185
238.998
292.255
197.113
290.399
29.3704
295.561
243.337
263.025
243.337
295.561
295.561
201.261
225.281
63.2971
298.578
130.387
282.878
301.323
35.091
209.526
133.605
233.699
162.35
299.544
35.2588
102.28
303.811
162.35
136.886
302.106
237.849
29.4169
259.924
124.172
192.161
217.717
263.863
217.717
295.825
241.953
143.602
166.043
196.093
298.552
196.093
35.6361
169.751
196.093
309.908
104.765
301.08
250.02
67.9987
225.813
140.221
86.7887
86.7887
311.547
288.73
86.7887
150.46
229.82
303.416
56.1407
305.569
233.801
278.654
314.34
257.874
294.679
211.694
211.694
313.26
72.2929
211.694
107.751
111.101
114.606
114.606
100.019
114.606
113.331
93.0817
116.898
113.762
118.259
118.259
118.259
120.599
122.053
125.98
115.495
125.98
124.427
130.038
103.101
130.038
118.887
130.038
130.038
128.378
124.588
130.038