/*--------------------------------*- C++ -*----------------------------------*\
  =========                 |
  \\      /  F ield         | OpenFOAM: The Open Source CFD Toolbox
   \\    /   O peration     | Website:  https://openfoam.org
    \\  /    A nd           | Version:  7
     \\/     M anipulation  |
\*---------------------------------------------------------------------------*/
FoamFile
{
    version     2.0;
    format      ascii;
    class       vectorField;
    location    "0.7/lagrangian/reactingCloud1";
    object      U;
}
// * * * * * * * * * * * * * * * * * * * * * * * * * * * * * * * * * * * * * //


2545
(
(118.374 11.569 2.29005e-05)
(112.051 13.7002 0.414343)
(124.507 10.9633 0.000797666)
(130.445 1.996 2.29567e-05)
(127.405 11.9058 0.000404372)
(121.747 19.0282 0.000479188)
(131.447 11.3195 0.000123033)
(132.959 11.5851 -5.93667e-05)
(129.826 21.6489 0.00211544)
(136.68 6.67134 -5.31467e-05)
(137.472 15.38 -0.00037644)
(139.325 5.05847 -0.000233916)
(140.309 4.17384 -0.000246684)
(143.972 14.9522 -0.000478298)
(143.713 7.58674 -2.66686e-05)
(150.413 18.1428 -0.00382982)
(149.784 12.5765 -0.00152204)
(154.099 14.722 -0.00142642)
(156.713 14.5738 -0.000291046)
(147.98 4.30784 -6.95446e-06)
(158.572 9.89998 -0.00316213)
(155.528 6.90319 -0.0043567)
(158.579 6.2488 -0.000930084)
(150.751 3.15764 7.81418e-06)
(70.2428 -1.92634 1.76375)
(156.258 2.84907 0.000273269)
(154.398 2.74916 0.000180872)
(156.22 1.08324 0.000421547)
(154.802 1.70395 -0.000858895)
(151.771 0.94801 -0.000176786)
(154.625 1.08655 -0.000346362)
(153.982 1.1242 -0.000259126)
(153.655 1.00613 -0.000263234)
(153.397 -0.247759 -8.57742e-05)
(154.152 -0.21217 6.60228e-05)
(153.046 0.602542 1.71602e-05)
(153.976 0.14218 -4.71088e-05)
(153.249 0.476122 3.96217e-06)
(153.363 0.394899 -4.37336e-05)
(153.416 0.324287 3.06894e-05)
(153.151 0.244105 6.69613e-06)
(153.302 0.263395 7.92847e-06)
(153.396 0.201733 9.00174e-06)
(153.502 -0.12122 2.80889e-05)
(153.301 0.175971 4.36984e-06)
(153.415 -0.0781738 1.87896e-05)
(153.394 -0.194275 -7.19346e-07)
(153.351 0.140554 -3.37493e-07)
(-3.75212 -1.09751 -1.66071)
(-25.7233 -6.06444 3.09825)
(129.709 -45.3394 2.82796)
(200.09 -42.7073 4.79166e-05)
(186.027 -42.3491 6.9572e-06)
(41.2696 -4.48789 -3.83015)
(209.275 -25.7178 0.000469338)
(145.123 -40.1355 -1.25809)
(163.697 -34.4421 -1.40422e-05)
(117.353 -31.7841 1.51647)
(145.437 -41.2212 -4.10958)
(160.01 -30.5094 0.00059621)
(127.95 -31.3153 0.296079)
(115.608 -41.0577 1.88783)
(165.497 -11.9171 0.000985049)
(142.604 -24.9362 -9.39623e-06)
(159.627 -13.935 0.000477809)
(124.371 -25.1564 0.276989)
(92.7786 -18.3173 3.15043)
(105.779 -27.2401 0.211975)
(130.545 -23.4704 -3.4531e-05)
(104.254 -25.2 1.96743)
(128.868 -20.9703 -8.01787e-06)
(114.15 -21.2654 -0.367504)
(130.604 -16.6939 -3.30584e-06)
(138.028 -9.26741 0.000451556)
(136.806 -7.32731 0.00100831)
(89.8443 -9.16943 1.37144)
(106.739 -20.7802 -0.581715)
(105.346 -13.6148 -0.12268)
(106.879 -13.2746 3.11922)
(87.719 -13.7883 -0.391382)
(119.566 -10.6638 0.00178617)
(127.151 -3.79431 -2.89288e-06)
(107.348 -10.388 0.00285075)
(122.316 -6.10007 0.00068149)
(114.976 -8.31767 -3.24871e-05)
(89.9833 -4.38147 -3.3737)
(113.338 -6.92456 0.00285915)
(115.309 -5.90667 -0.00012949)
(117.447 -4.76043 -2.98126e-05)
(113.174 -4.91265 0.00198634)
(104.451 -3.07115 0.00421687)
(118.505 -2.62447 0.000486014)
(111.8 -3.00203 -1.77658e-06)
(111.8 -2.4805 0.000375667)
(117.681 -1.69491 0.000196399)
(113.014 -1.50481 -5.8333e-05)
(110.612 -0.420896 -4.82119e-05)
(112.511 -0.391046 -4.82451e-05)
(115.812 -0.487026 7.49078e-05)
(113.526 0.31428 -1.52647e-05)
(105.301 -0.571437 3.71091)
(110.238 2.7809 0.00156527)
(112.677 2.16221 -7.10898e-05)
(117.092 1.23769 -2.11565e-06)
(110.888 4.04136 -2.86794e-05)
(117.027 2.13282 -4.83084e-06)
(117.359 2.46674 -1.495e-05)
(112.779 4.75581 0.0016764)
(115.226 4.40418 0.000304267)
(119.799 2.77762 -8.40091e-06)
(120.328 3.10662 0.000164209)
(110.897 6.51162 0.000192611)
(111.573 6.87287 0.00185866)
(110.652 7.40423 0.00163453)
(114.899 7.79256 0.000633823)
(110.954 8.70377 0.00131636)
(122.809 5.40344 -8.63467e-06)
(119.517 8.91101 3.98985e-05)
(115.055 11.1534 0.000319427)
(347.09 -5.86816 -7.51141)
(324.8 -10.8847 -11.5532)
(324.321 -19.4273 -1.06507)
(324.606 -14.669 0.317946)
(339.89 -22.3012 -2.19957)
(301.749 -27.1871 0.611562)
(292.262 -31.289 -2.76562)
(285.671 -11.1086 -0.00137645)
(280.458 -22.2751 2.31593e-05)
(288.042 -30.3241 1.48121)
(265.006 -22.201 0.000132138)
(226.218 -53.6795 -0.904323)
(207.263 -44.4138 0.00179403)
(181.126 -53.0069 -0.117251)
(433.005 0.791845 8.00926e-06)
(428.548 0.50943 0.794781)
(430.701 -0.389193 -0.729658)
(425.323 0.742696 -7.85715e-05)
(421.791 -4.09572 -2.94051)
(392.979 -3.41809 -0.0714618)
(389.094 -4.91393 -0.822795)
(384.467 -2.53469 -0.000166844)
(380.854 -19.9774 -11.1499)
(378.864 -2.79567 -9.37069e-07)
(368.635 -2.16379 1.40551)
(365.513 -2.94731 -1.80509e-05)
(363.936 -12.6276 4.26991)
(431.84 -13.3263 -5.48423)
(441.764 -0.0613328 -2.61785e-07)
(431.221 -1.12702 11.6117)
(441.784 -0.0471233 9.14464e-06)
(439.516 -0.965218 -0.926041)
(425.497 -6.12137 2.32098)
(440.253 0.637379 -1.65224)
(423.012 -1.60597 -2.34894)
(445.133 -5.5207 -3.93207)
(441.631 0.0434181 4.20159e-05)
(442.067 0.0176291 4.30264e-06)
(438.112 1.61317 -1.30832)
(440.581 0.309697 2.52871e-05)
(377.702 7.01346 -16.1163)
(442.286 -8.47368 4.35263)
(437.013 -9.10575 -5.2927)
(429.572 1.52425 -2.51984)
(435.499 1.81557 9.4697)
(437.5 -0.714405 0.871052)
(436.059 1.01141 0.61466)
(433.408 5.5322 -5.74803)
(427.445 -5.07724 -0.69727)
(434.459 1.60973 6.65954e-05)
(431.914 -0.803819 -2.43977)
(444.802 -3.73394 -1.4014)
(443.147 0.259767 -2.44913)
(441.722 -3.49024 -8.58372)
(444.394 0.512783 6.67618)
(383.499 2.43343 -2.86219)
(437.636 -5.35522 2.27442)
(383.065 20.2879 -4.87685)
(446.14 -2.28986 3.48075)
(447.413 -2.647 1.03042)
(436.093 -0.286765 -3.62859)
(444.935 0.0371724 -2.65701e-06)
(445.544 2.23196 2.86109)
(434.912 -11.7671 10.8156)
(426.704 1.87045 1.96918)
(439.309 -7.45009 4.75621)
(446.119 -16.8594 7.14899)
(444.456 -9.0856 5.5082)
(443.729 -4.92571 -1.02204)
(449.233 -1.27543 1.6719)
(444.311 0.0111623 9.26759e-09)
(445.782 -5.12152 -7.44623)
(443.932 -0.00897226 4.36895e-08)
(435.878 2.26425 -0.777674)
(442.36 -1.57526 -1.43194)
(441.866 -0.137152 0.0205688)
(443.382 -0.0338108 3.03904e-08)
(443.626 -0.026936 3.00385e-07)
(443.025 -0.0544551 -1.11195e-08)
(442.851 -0.0617011 -1.38434e-08)
(443.436 -0.0223737 -3.59021e-07)
(443.141 7.03975 -5.20345)
(446.264 -14.9764 4.7302)
(441.205 -6.22269 -7.35798)
(446.412 -1.06227 -9.19736)
(444.146 1.61724 3.66463)
(456.331 -4.28289 -4.46657)
(454.293 -5.55633 6.48695)
(446.097 0.368204 1.5252)
(444.962 0.646517 0.188682)
(447.856 1.32301 7.62031)
(446.391 1.45118 2.56593)
(451.2 2.0084 3.26754)
(446.454 -1.75925 -1.17553)
(446.603 -0.461419 3.17257)
(447.251 3.39399 -3.49616)
(450.521 -1.10098 -5.09959)
(444.589 -1.22421 -1.82888)
(355.952 -1.29295 -3.44505)
(363.504 15.2453 3.46181)
(419.717 1.50193 2.14736)
(448.602 -0.996707 -2.54114)
(447.338 0.00749491 3.94061e-07)
(436.055 -0.305541 3.4142)
(435.861 -3.43216 -1.57771)
(447.057 0.0131906 7.7593e-07)
(404.736 3.90825 3.32486)
(433.23 0.314846 0.367056)
(446.916 0.0142535 -1.29164e-06)
(443.242 -4.36847 -2.64723)
(447.327 0.008087 3.24834e-07)
(400.809 19.6827 -9.92352)
(450.173 -22.1482 -7.24388)
(433.546 -3.11328 -1.84224)
(422.627 -0.102817 2.7336)
(450.171 -1.70831 2.10726)
(447.398 0.00583588 3.98036e-07)
(359.309 9.51664 -2.37455)
(447.076 -1.3897 0.0806662)
(447.788 -0.622097 -2.01607)
(406.7 4.16031 1.36498)
(446.659 0.0267955 -2.10015e-07)
(435.762 -0.392899 -0.46765)
(398.069 9.94921 1.47648)
(447.227 0.00593421 1.68653e-06)
(372.608 8.38942 -22.6833)
(437.989 -1.02546 -1.98989)
(351.545 13.3674 -11.0433)
(434.569 3.31325 4.7153)
(449.433 -2.72784 0.355353)
(431.175 -0.637269 -0.482254)
(446.785 0.0204683 2.893e-08)
(438.055 -1.07346 0.679292)
(459.212 -7.76883 3.72038)
(455.672 -10.6457 -2.7963)
(372.463 12.6129 -9.24837)
(370.485 4.11792 -7.41749)
(446.103 0.0385717 -1.00093e-08)
(446.309 0.025202 -4.03835e-09)
(440.897 -2.18278 -1.90569)
(445.527 0.0589987 -1.16761e-07)
(445.778 0.0425402 -1.53891e-07)
(450.13 -1.43292 3.54228)
(445.493 1.41015 -0.38083)
(457.002 1.44862 -6.77464)
(448.264 0.0447728 -0.416339)
(447.17 1.90433 -2.86638)
(449.549 1.89757 -1.06899)
(446.675 -0.928522 8.5871)
(448.038 -0.0398774 2.34403)
(447.896 0.155098 -0.199423)
(448.767 -0.583487 0.704475)
(448.916 -0.1603 -1.38467)
(449.921 -2.03527 -3.05848)
(448.761 -1.54182 -2.6398)
(448.094 -0.144007 -0.100245)
(447.791 0.227918 -0.791398)
(448.267 0.533904 3.0457)
(445.565 -1.0387 2.03221)
(443.292 -0.0839898 2.96466)
(452.073 0.93257 2.68871)
(448.121 -1.35326 -1.04783)
(447.778 0.433499 -0.615747)
(449.487 -1.28257 -0.492186)
(448.275 -2.94008 -2.10747)
(442.639 -0.435912 -4.27918)
(447.702 0.882943 -1.37956)
(441.637 1.09656 -1.91617)
(447.865 -0.144675 -0.792188)
(447.106 -1.9858 -0.883645)
(446.417 0.333119 -1.06501)
(448.476 -0.744248 0.959349)
(446.677 -0.356105 1.29987)
(451.425 0.971782 -0.458581)
(450.684 0.581007 4.86015)
(448.038 2.71007 4.24004)
(447.428 1.13087 2.07142)
(447.914 -0.320245 -0.811997)
(446.963 -0.440085 1.50654)
(444.158 1.0978 7.0929)
(451.476 -1.55842 -1.20808)
(450.455 -2.48047 3.02913)
(415.094 -9.1927 9.22456)
(401.463 -1.37749 5.76692)
(360.313 6.36586 0.0561064)
(390.275 -1.60152 1.14152)
(405.226 -1.71275 -0.34143)
(384.565 1.31788 -3.5097)
(443.208 1.96179 5.1873)
(434.714 -0.0259677 1.2186)
(409.665 -4.50203 -6.61862)
(408.301 5.27364 -4.34673)
(447.364 -0.100147 4.008)
(438.683 1.28982 0.133875)
(447.881 0.00317948 1.46639e-07)
(437.12 0.0641298 -0.300812)
(451.022 0.768363 2.70576)
(358.22 12.5458 -5.42606)
(437.542 -11.5909 -8.43637)
(393.304 -3.21646 -2.06933)
(423.141 -12.7033 2.24464)
(444.109 -5.67511 0.818818)
(428.937 -0.191888 -0.0199576)
(418.903 -1.0885 0.419373)
(448.988 -6.02278 -0.0513986)
(420.026 -2.26302 -4.07846)
(447.965 0.00241359 9.60099e-09)
(413.889 -4.85541 -3.41691)
(446.762 -10.9303 -2.54772)
(452.74 -6.87216 -6.29238)
(422.85 2.1994 6.91522)
(447.856 0.0036891 -2.61811e-07)
(444.179 -4.36316 -3.53973)
(403.655 5.42099 0.0117943)
(373.803 15.0581 -8.07295)
(448.782 1.1633 -0.366268)
(447.335 -2.62447 -1.71713)
(369.124 19.4323 27.8687)
(438.899 1.4876 0.127741)
(449.141 -8.29263 -2.27388)
(430.563 -6.25924 -1.30484)
(410.509 -3.0598 -6.70977)
(435.99 1.26146 3.47022)
(427.371 -0.428152 0.102536)
(435.502 11.0543 1.94667)
(444.651 -0.888558 1.44309)
(448.314 -6.72694 8.4809)
(348.207 8.93151 12.6944)
(422.332 -1.36716 -0.62105)
(421.494 1.38882 2.5604)
(431.232 -17.3926 8.78061)
(446.977 -0.243398 2.01079)
(439.282 -2.56634 4.85227)
(447.685 0.00529322 3.55464e-07)
(448.435 -6.34027 -4.46532)
(426.877 -0.902756 1.65495)
(447.709 0.00431989 -4.02342e-09)
(455.212 0.75341 -0.0153905)
(406.022 0.627299 1.24923)
(441.071 20.1835 -0.974908)
(407.049 -8.45234 -5.62811)
(443.289 -0.329117 -1.02246)
(447.802 0.00247503 1.09569e-07)
(444.999 -1.90226 -3.25462)
(431.688 0.181158 0.519039)
(447.693 0.00387299 -2.58288e-08)
(446.957 0.201139 -0.144205)
(424.039 1.79667 1.03275)
(405.113 -1.59777 1.59397)
(447.549 0.00560559 -1.62035e-06)
(329.269 11.4504 -5.01519)
(447.244 0.00805279 1.17409e-06)
(447.52 0.00550146 7.94295e-09)
(408.661 -5.47137 5.59051)
(363.327 9.13722 -2.77517)
(447.73 -1.10946 -10.7526)
(447.753 -0.971569 0.535441)
(455.943 -10.0579 3.15709)
(447.552 -1.26722 -0.798764)
(448.781 -1.34236 -3.9033)
(448.667 0.946969 0.368876)
(452.921 -1.31516 1.87247)
(446.251 1.04256 2.74717)
(446.699 0.622331 -1.87807)
(444.194 1.02391 2.9635)
(445.604 -0.185221 -0.755003)
(447.303 0.180179 0.508749)
(449.381 -0.493126 3.76966)
(443.391 0.0525362 -2.93493)
(449.677 -3.0335 1.53683)
(447.94 0.081651 0.351825)
(453.648 0.703781 4.67203)
(446.159 -0.172761 4.77821)
(446.974 0.376505 -1.75961)
(449.723 0.110994 -1.65326)
(448.341 0.564199 -3.87598)
(450.165 -1.07352 -2.67289)
(447.475 -2.44301 -4.7968)
(448.923 0.307602 1.28405)
(448.755 -2.538 -1.44836)
(446.807 0.660998 0.789911)
(446.767 0.937339 -0.887257)
(444.784 -0.86755 6.93818)
(448.139 0.897304 -1.2464)
(442.368 0.98318 -5.50409)
(448.26 0.00866216 -0.262743)
(447.954 -0.0487912 1.6732)
(444.352 1.07468 -2.63178)
(448.985 -0.121945 2.22271)
(446.289 -0.113527 -0.338617)
(448.277 -1.94813 4.45742)
(447.536 0.162634 -2.90763)
(454.246 -0.489797 2.0705)
(448.284 -1.36478 -1.75477)
(448.61 0.147121 1.23437)
(445.446 -0.902153 -6.31666)
(444.803 -1.03034 5.19852)
(448.914 0.646407 1.30165)
(451.616 -0.311008 2.19609)
(447.304 0.415233 1.93445)
(450.363 0.292771 2.02086)
(448.495 -0.64133 -0.981711)
(440.244 3.71514 -4.90569)
(451.349 0.588084 -6.92964)
(446.247 0.677598 3.28681)
(444.826 2.05347 5.35018)
(447.523 -0.934912 2.31815)
(451.447 0.216448 0.702057)
(449.03 -1.15683 0.816551)
(442.475 0.0446612 1.37615)
(445.965 -2.86209 2.83136)
(448.666 2.58904 0.962957)
(450.803 -1.04313 -2.62216)
(452.51 -3.3553 4.72896)
(445.311 -2.12187 -5.22221)
(449.178 -2.32075 -3.20269)
(448.243 -0.285844 -0.112083)
(450.402 -2.77516 2.2156)
(448.11 0.00452226 0.169233)
(448.085 -0.550279 -2.74028)
(450.85 0.880898 -1.95988)
(447.375 -0.497375 2.17437)
(448.548 2.31154 -3.33284)
(450.357 -6.65284 -5.68621)
(445.745 -1.15066 2.07519)
(446.355 -0.755177 3.76509)
(448.356 -0.248539 0.890221)
(447.036 -0.561768 0.908491)
(448.003 0.188696 -0.291652)
(449.969 -2.48599 1.79301)
(448.971 -0.525551 0.64805)
(448.818 0.848154 1.07333)
(448.418 -0.271731 -0.960025)
(451.469 0.322885 1.26792)
(449.787 -0.425591 1.81782)
(445.546 2.45218 2.23986)
(450.604 1.46662 4.32097)
(446.23 5.83209 -3.74865)
(447.152 -2.22628 3.99485)
(448.942 0.787114 -1.79076)
(448.082 0.0471818 -0.0560705)
(448.326 -2.67532 -4.82584)
(448.396 -0.177481 1.05201)
(449.639 -0.65357 1.24023)
(366.333 -3.66349 0.539291)
(349.613 9.95705 1.35001)
(425.933 -11.2834 -5.68085)
(409.64 2.8221 0.483738)
(386.87 7.2357 11.7812)
(447.238 -1.71714 -1.5444)
(431.106 -3.36543 -5.08223)
(391.981 18.955 -19.2607)
(421.317 0.0199502 0.434651)
(416.183 -2.53066 -1.13771)
(446.996 -1.59623 -0.274406)
(334.214 -6.25111 -5.99425)
(360.408 0.294663 -5.77134)
(429.63 0.115753 -0.414643)
(388.953 7.34187 -3.70273)
(448.631 -2.70558 2.3454)
(349.077 21.9357 -7.14259)
(354.723 2.08546 -0.0663317)
(330.09 -3.13888 -0.242446)
(419.881 -0.682081 -1.13021)
(434.62 -5.27694 7.42744)
(430.276 -8.23963 12.0591)
(426.101 -0.515529 -0.739147)
(448.411 -0.327665 -0.120129)
(448.238 -3.24508 3.92642)
(296.367 9.24832 1.26121)
(365.609 8.99219 -1.5883)
(402.722 -2.08314 7.74331)
(374.421 14.568 -37.4105)
(441.743 7.18669 7.9185)
(450.977 -4.81342 -1.27173)
(444.519 -7.16009 -4.0595)
(451.179 -0.466281 2.39341)
(370.633 9.26352 -2.95736)
(415.81 -0.326958 -0.422955)
(443.225 -11.0711 -2.27244)
(428.442 2.52524 -2.71828)
(444.152 0.0950287 -2.86765)
(444.735 -2.68919 -0.849192)
(447.033 -0.798693 1.41986)
(447.791 -3.39245 0.792488)
(417.629 1.76655 -1.92746)
(448.673 4.20034 -10.4423)
(321.46 13.8468 -13.0534)
(398.139 0.0095756 -0.568048)
(456.68 -6.48059 -5.67848)
(447.215 -4.78025 0.980443)
(444.168 -1.09918 3.20949)
(447.511 -3.58498 0.837288)
(346.466 20.6914 23.0879)
(440.993 -16.9136 1.61205)
(448.28 -2.94691 2.55232)
(444.139 -2.30519 -7.36849)
(429.368 0.0607965 0.592907)
(441.383 1.6004 -1.53116)
(334.522 0.993976 0.474418)
(447.645 -0.386373 0.0806136)
(423.088 -0.246279 -0.423382)
(427.598 -2.65267 1.91762)
(442.86 -4.27582 6.34081)
(455.862 -12.463 2.78595)
(396.869 -1.50294 -3.99503)
(430.599 -0.71873 -0.162408)
(443.73 0.206958 -2.87173)
(361.035 7.48579 17.3097)
(396.995 2.35655 -0.0900649)
(430.402 -2.07206 5.16845)
(444.669 0.910486 -5.69078)
(430.002 4.80766 0.869225)
(446.399 -4.01145 -3.44815)
(447.822 3.75261 0.801201)
(446.817 -0.820488 0.870603)
(447.389 -7.49889 6.42624)
(353.606 4.81757 0.312353)
(450.095 -16.0763 -1.36151)
(290.533 5.19996 5.77902)
(430.173 0.0528395 -3.01535)
(325.584 5.62584 -12.7912)
(416.736 1.86255 12.5416)
(415.119 1.47955 -6.044)
(447.947 0.00180212 4.03644e-07)
(452.228 -6.37663 6.59215)
(443.41 0.793951 2.34108)
(446.782 0.0421746 -3.09829)
(449.723 -0.720276 2.88368)
(438.303 0.195931 -3.69113)
(448.257 0.35452 -0.954101)
(442.127 -0.784356 -5.59388)
(445.977 -0.919627 -5.08487)
(448.161 0.000747758 -0.310549)
(452.524 -1.91714 0.890597)
(449.402 -1.75698 5.63091)
(448.716 2.4313 2.1353)
(449.973 -0.410576 -0.810807)
(449.499 0.892224 2.48969)
(448.317 0.423302 -1.50924)
(449.424 -0.120229 0.44614)
(444.364 -0.21643 4.26013)
(448.273 0.0746641 -1.30799)
(448.779 -0.650672 0.973235)
(451.337 -0.550903 4.42784)
(445.479 0.00307241 0.24085)
(446.645 -0.462889 -0.775644)
(444.178 -1.65796 0.642838)
(447.232 0.0245015 -0.623821)
(448.732 1.26226 -3.44878)
(446.532 1.40003 0.562718)
(449.164 1.90853 -1.07365)
(446.552 0.0242431 0.937252)
(444.325 0.0764077 -0.418859)
(445.596 -0.965096 1.93329)
(446.606 -2.21556 -2.60318)
(448.423 -0.310095 0.708648)
(448.465 -0.196445 -1.40859)
(447.047 -0.155335 0.276083)
(449.248 2.13556 -6.26481)
(453 3.09151 -3.39869)
(450.237 0.364098 1.98859)
(447.716 0.472971 -1.54657)
(447.116 0.167851 0.62616)
(447.972 0.61274 -1.67392)
(444.769 0.0554945 -2.2646)
(445.381 -0.111489 1.8048)
(446.65 0.017297 -0.144155)
(448.177 -2.4151 0.876294)
(446.963 -0.479241 0.973882)
(449.277 -1.14092 -1.75695)
(449.184 0.533918 -2.48438)
(446.425 -0.55152 1.39868)
(452.696 3.9525 1.65345)
(445.634 0.389986 -1.35093)
(441.333 1.27886 -3.20536)
(449.804 -0.845928 -3.06695)
(448.063 1.30329 -5.20763)
(452.884 1.16236 -3.34433)
(442.964 1.99981 -1.28122)
(438.49 0.150677 -2.18104)
(455.007 -1.78083 4.00499)
(448.538 -0.104086 0.139771)
(447.99 -0.143844 0.086701)
(448.04 0.176311 1.13931)
(445.834 -2.2265 -1.17797)
(447.208 0.410081 -1.29582)
(448.032 -0.106483 -1.47747)
(445.977 -1.62255 2.10704)
(448.466 -5.07527 6.43977)
(445.706 0.107855 1.432)
(450.808 0.166518 1.50363)
(447.836 -1.21187 -1.15721)
(445.601 -0.0310105 -1.66062)
(448.521 -0.338976 0.84734)
(444.662 -1.22658 -3.63197)
(446.189 0.102478 -0.196356)
(448.379 0.407461 1.76895)
(448.608 0.886569 -5.39145)
(446.855 -1.44827 -5.36677)
(446.469 -1.52833 -0.88842)
(447.422 0.990564 3.40429)
(447.882 0.534339 2.18781)
(447.436 -0.227858 -1.97199)
(448.128 0.370086 1.09966)
(446.378 -1.96988 2.53696)
(452.549 -6.89059 9.21471)
(445.811 -0.590592 -2.05805)
(447.606 -0.0515944 0.418932)
(446.143 1.05498 2.95479)
(447.911 -0.900609 -0.973158)
(442.322 2.11262 2.18634)
(446.495 6.27808 -7.42274)
(448.506 -1.76106 2.23889)
(447.454 0.0344703 -1.23355)
(447.167 1.41476 1.9447)
(438.951 -1.35046 -5.68022)
(448.542 -3.64227 2.19119)
(448.205 -1.15713 2.93788)
(447.245 0.0569881 0.118034)
(448.672 -0.473101 -2.01796)
(448.57 0.229022 0.962069)
(448.359 1.27575 0.484193)
(450.427 -0.262689 -1.1453)
(448.46 -0.151308 -0.652594)
(444.615 -0.0452048 -0.19091)
(448.094 0.0714958 0.376199)
(447.096 -1.01337 -1.29984)
(446.382 -0.566913 -3.84787)
(451.876 2.08014 4.98654)
(448.197 0.168281 0.104639)
(453.345 4.95921 0.784517)
(448.96 0.819878 -3.27085)
(445.488 -0.671461 1.45335)
(450.014 3.10571 0.973105)
(447.729 0.0337079 -0.067274)
(446.646 0.103425 -0.387439)
(447.993 0.351948 0.484414)
(445.594 -1.53449 3.24455)
(447.649 0.179332 0.168137)
(446.357 -1.29346 -2.36079)
(446.479 0.259479 0.932815)
(455.877 1.06707 9.71646)
(447.997 0.0772778 -0.0158368)
(447.7 0.544709 2.5096)
(446.936 -0.17935 0.810531)
(448.635 0.409704 -0.921861)
(448.109 -0.592631 -1.83494)
(448.795 -0.608396 0.916694)
(448.038 -0.20817 0.321727)
(447.846 0.00604812 0.864311)
(447.187 1.25711 -2.9991)
(448.168 1.16652 -1.24126)
(448.554 0.224859 1.23536)
(450.843 -3.91791 3.7129)
(444.119 -0.126055 -0.380868)
(447.316 -0.0357656 -0.0612353)
(446.35 -0.0526991 5.80489)
(447.798 0.194801 0.195856)
(445.723 -0.127254 3.02476)
(445.878 4.64322 -0.710773)
(448.802 0.585684 -1.4228)
(445.467 0.0309481 3.69952)
(446.438 0.267507 -2.0837)
(447.778 -0.431956 -0.241378)
(447.952 -0.191221 1.27801)
(446.582 -0.802178 -3.83357)
(447.55 1.06057 -1.6936)
(449.544 -0.602889 -1.19413)
(446.832 -0.908129 -0.97854)
(454.309 1.84863 0.430236)
(446.165 1.40786 0.549591)
(445.426 0.0205861 0.64133)
(441.869 -0.145345 -4.6065)
(446.631 -0.481378 -0.749402)
(446.688 0.809254 3.04462)
(451.794 1.09666 5.14451)
(444.234 -2.71873 1.86885)
(283.987 2.86035 7.00284)
(244.034 25.8298 5.71296)
(296.563 8.30871 0.913504)
(318.467 8.29532 5.12203)
(387.299 -1.37151 -7.18005)
(373.748 1.85444 -2.08603)
(421.143 2.01146 -2.5738)
(415.785 2.44578 0.949003)
(376.824 15.2111 -9.76382)
(447.829 -1.45372 -1.00848)
(420.242 -15.5605 18.1128)
(437.677 -3.1647 -6.19619)
(439.27 0.111785 -0.795637)
(447.86 -2.78237 3.2646)
(405.865 -21.0027 -10.0677)
(370.474 -0.18944 3.51485)
(413.938 2.51259 -1.87488)
(445.625 0.241488 0.817914)
(419.923 4.49508 -10.3933)
(403.71 -0.233819 0.646158)
(390.607 0.741434 3.64739)
(375.109 -6.26672 -7.74572)
(375.531 1.2678 -6.38861)
(364.814 -18.7278 9.754)
(419.952 -1.09623 -0.817318)
(365.794 -9.64555 -3.87165)
(420.41 -0.213308 5.77928)
(334.333 2.58048 1.75841)
(363.497 4.68833 2.3734)
(398.738 -3.04569 0.641535)
(443.928 -0.174733 0.028362)
(369.374 -16.4702 21.803)
(447.284 0.17987 -0.0858814)
(452.372 0.801525 -1.13456)
(447.778 -0.660703 -0.11526)
(439.761 0.864983 -0.480972)
(448.45 -6.16564 -2.58256)
(428.762 -3.58267 -3.28121)
(420.304 4.43104 4.81553)
(381.37 5.00999 3.95403)
(316.028 14.4383 -22.5087)
(365.053 0.0259483 -11.1826)
(379.974 -0.797354 -0.685803)
(386.897 29.3609 -24.1534)
(412.785 -2.84885 -1.28168)
(425.148 0.0562182 0.205581)
(422.848 -0.357795 -1.15459)
(450.693 -13.284 -8.67108)
(400.776 4.94742 -7.45524)
(446.974 -0.187674 0.94906)
(411.237 4.5176 6.23501)
(393.552 5.38503 -4.07445)
(425.787 0.613833 11.9054)
(355.052 5.8219 -11.8345)
(435.667 -3.11788 -1.14571)
(444.308 1.55431 4.35187)
(370.717 11.0102 7.66036)
(429.642 0.256658 -1.08698)
(344.658 -11.2405 9.17632)
(450.47 -0.22704 0.0606348)
(429.709 -0.577528 -6.34458)
(446.774 2.66398 -1.24374)
(429.559 -0.465337 -0.403874)
(444.926 1.05108 -2.23345)
(405.996 -4.8543 -1.95474)
(437.928 -2.98526 1.36401)
(331.485 3.03065 -1.05985)
(350.191 1.88553 -4.61304)
(379.607 8.70621 -2.01787)
(419.766 6.87725 -2.44506)
(428.104 -10.855 -1.34011)
(449.664 1.04112 0.742349)
(402.888 10.3741 -9.73002)
(447.887 0.400339 -0.0605776)
(368.35 9.8381 1.39113)
(446.312 -0.57335 1.21888)
(429.989 6.32733 -2.06821)
(283.283 26.8361 17.5199)
(389.641 7.30467 -12.5129)
(449.395 -5.43243 1.17143)
(446.982 3.23362 0.338155)
(359.723 10.8242 1.17536)
(442.895 -0.748043 -0.349142)
(448.436 -3.34469 -1.73676)
(436.042 -7.28709 6.21481)
(448.514 0.270461 0.106915)
(447.19 -0.157316 -0.0751152)
(397.041 -3.56495 -0.194614)
(440.947 -16.915 3.60421)
(435.838 2.75854 0.737886)
(353.51 -5.10055 -0.849192)
(447.993 0.253094 0.43238)
(447.492 -0.158504 -0.964445)
(436.843 -2.03364 1.48787)
(324.295 1.26139 -9.23271)
(341.729 -19.3037 1.8921)
(444.542 1.60267 -1.44161)
(373.626 -3.90886 9.62399)
(438.596 -9.36642 11.1201)
(440.567 -3.05167 4.28402)
(410.549 4.62471 0.954251)
(396.046 1.96949 -8.19587)
(387.77 6.34867 10.4701)
(423.041 -1.86531 -3.01129)
(450.271 -1.55412 15.5868)
(403.225 -7.11381 -5.42362)
(403.555 2.21098 -4.03271)
(415.167 -0.455638 11.753)
(389.905 -0.719377 12.8402)
(417.357 -0.0730389 -1.02408)
(358.379 10.6238 -29.1597)
(418.432 2.53496 -3.52496)
(415.297 -5.22049 -15.6413)
(442.134 0.51141 -1.12437)
(370.218 -1.19978 15.7599)
(430.628 1.41376 9.39827)
(374.733 -7.64824 10.416)
(381.706 2.00409 -12.1358)
(434.692 -18.7597 5.60346)
(431.914 -2.58664 3.88095)
(397.524 31.1102 -15.3451)
(418.41 -7.36877 4.8968)
(444.582 2.58354 -1.91645)
(401.392 -7.94925 -11.6091)
(400.206 15.3283 -6.91824)
(398.64 0.117559 0.264568)
(398.475 -1.11789 2.13625)
(393.734 -6.7485 -14.5203)
(410.471 -3.1406 9.33302)
(388.535 -5.26887 -20.2975)
(442.031 3.46118 3.29049)
(404.046 -1.02691 12.6228)
(420.3 3.01859 -6.67502)
(383.966 3.52225 18.9174)
(423.387 0.370737 11.4601)
(423.344 -13.8322 -32.9239)
(419.408 -0.232621 -2.49678)
(386.607 -0.964621 -8.69207)
(385.987 -2.86813 1.03305)
(390.419 1.13467 25.674)
(435.72 3.40353 5.16376)
(398.801 -21.3286 37.2369)
(432.365 -0.267029 1.76596)
(380.238 2.12883 -3.13058)
(416.761 0.250218 1.09842)
(383.649 -1.01702 2.61129)
(391.854 -7.03397 -31.6766)
(439.572 -3.7461 -1.22415)
(428.208 -3.02168 -4.57772)
(406.361 0.00378208 0.124289)
(416.23 6.77568 18.708)
(423.47 5.23951 10.5657)
(429.849 -8.89988 6.20117)
(375.598 -8.67999 -17.3443)
(402.919 0.163289 -1.45006)
(421.246 -12.7473 -31.0417)
(409.306 5.1841 -20.3748)
(425.661 0.394144 -1.58907)
(431.446 -0.534715 -3.96682)
(382.01 -12.5294 -12.5706)
(375.849 -0.19507 3.17558)
(390.295 16.6431 37.0979)
(442.712 -0.265993 -1.91139)
(382.217 -0.0888242 -2.90594)
(382.151 -17.747 2.7554)
(371.511 -8.81016 -7.24431)
(402.87 4.27256 5.04856)
(382.596 -0.0946275 1.0961)
(415.984 0.500127 1.07469)
(443.294 -5.11988 -9.40316)
(410.402 3.51772 18.7157)
(406.311 1.65402 6.62837)
(389.481 -2.1876 -5.10996)
(433.394 1.56284 -3.01549)
(411.515 0.0282223 0.359998)
(412.013 -3.35892 -16.1939)
(433.738 0.12754 2.06428)
(369.918 -10.6665 16.483)
(374.634 -5.17655 4.69151)
(378.373 2.167 -2.98194)
(398.504 0.346219 -0.980789)
(379.715 4.7687 29.2957)
(430.331 3.97233 -6.14416)
(439.334 -2.48763 -8.88464)
(420.669 2.61071 11.5732)
(415.091 2.30462 6.53721)
(394.138 -0.132469 8.75895)
(418.079 -0.0800355 -0.341594)
(343.389 -24.0636 -13.4537)
(397.616 -2.46751 -15.5604)
(391.889 -1.20288 -9.89226)
(379.891 2.10129 9.50568)
(431.363 3.71413 12.6312)
(436.643 0.229897 -0.283431)
(382.203 -2.99409 6.87936)
(395.612 -1.16282 -2.75902)
(384.286 -2.13996 13.868)
(418.847 1.08577 -2.42801)
(422.513 1.57936 8.33555)
(356.989 -2.32182 27.2379)
(443.914 0.0904604 0.563835)
(412.947 0.144825 4.63421)
(442.263 0.0902181 5.72377)
(406.542 -2.38219 3.22482)
(447.989 2.29893 -9.1967)
(404.266 -0.388014 -1.08771)
(380.923 -0.0208528 2.63141)
(385.643 0.37028 4.60099)
(410.344 0.177069 0.00903442)
(432.735 0.11596 -11.4538)
(402.593 0.0364398 6.77465)
(394.253 0.832211 -17.7307)
(411.09 0.66717 6.63616)
(385.021 -1.94908 10.9379)
(442.669 -2.49868 3.63804)
(417.642 -0.701159 2.13926)
(390.777 -3.24769 7.45481)
(378.823 0.911385 -14.9706)
(433.468 -0.171909 -0.250692)
(414.376 0.0930973 2.69182)
(375.002 1.38833 -3.36966)
(426.017 -0.308863 -1.44185)
(395.158 -2.40474 -4.67502)
(419.363 7.75729 -3.28443)
(417.011 15.3447 -59.0872)
(421.352 2.01287 -14.2312)
(435.646 -4.12794 -3.3514)
(401.732 18.851 -12.0594)
(440.767 0.389427 6.7716)
(392.974 -4.56302 9.20476)
(373.605 -3.42104 -5.46461)
(401.968 -0.535954 -0.571452)
(410.037 -0.209699 1.26088)
(416.008 -3.79265 -1.04136)
(424.879 -3.74874 5.04742)
(398.685 2.73314 14.0397)
(436.853 1.60967 2.68302)
(423.655 0.230633 -10.9972)
(445.235 -7.55131 3.76362)
(421.053 -0.360934 0.27521)
(402.42 2.65771 -3.58576)
(436.285 0.378408 5.26258)
(411.151 1.37253 -11.2769)
(400.744 -1.67221 3.0332)
(387.633 -1.18562 3.23164)
(388.087 -3.98083 -16.1869)
(415.941 5.47749 0.562297)
(410.909 -2.66004 -5.60706)
(403.824 -2.28935 25.5105)
(401.13 0.280881 -2.91501)
(395.994 0.453371 -7.28572)
(376.299 0.109439 -9.41381)
(431.226 -2.57609 4.53643)
(400.036 -3.24826 -9.29865)
(422.053 5.65124 4.55568)
(418.774 -32.8978 18.8086)
(414.772 -0.0622715 -0.87664)
(382.931 -2.43183 10.7091)
(386.152 -3.66772 6.70778)
(382.918 -0.491257 7.6533)
(416.262 -2.12947 -1.43913)
(414.133 2.61886 -2.81893)
(405.563 -0.0576896 8.94634)
(397.963 4.11527 7.70242)
(389.527 -2.3917 13.3793)
(386.348 -7.20196 -6.47815)
(382.276 -1.13813 31.0085)
(444.451 0.547362 -2.8428)
(410.32 0.842451 -1.57954)
(383.893 3.99185 -10.0394)
(385.65 0.198089 9.70299)
(375.45 2.59597 16.6317)
(422.189 0.0116028 0.0597552)
(379.368 11.2964 8.82011)
(440.395 0.161033 0.124516)
(389.754 2.02959 -8.08069)
(386.812 2.8189 11.0071)
(374.628 -2.70439 15.9084)
(397.282 -5.9961 1.34033)
(433.289 -22.4515 -7.79548)
(411.908 -22.1131 -16.8951)
(392.231 -0.769453 -1.72911)
(418.789 -3.34003 -4.14222)
(401.145 -0.0657121 1.60468)
(435.931 0.155243 0.313185)
(377.854 -1.7562 4.28875)
(404.28 1.17383 -0.75869)
(378.766 2.0851 5.26546)
(417.073 7.14756 -2.51224)
(385.094 1.04162 11.6243)
(410.974 3.82279 -21.1437)
(407.165 5.42931 -7.20707)
(431.533 0.832064 -0.66892)
(380.985 -0.0746181 5.92925)
(398.478 -0.250553 -0.312555)
(442.439 -0.143419 3.79776)
(385.505 -9.43667 12.8993)
(443.713 2.10789 -5.0788)
(375.993 1.62992 -2.60624)
(426.819 1.98139 9.67429)
(408.649 -1.6324 10.0303)
(395.952 -1.5204 19.0595)
(419.058 0.937916 3.9645)
(380.647 -0.801228 -7.29097)
(429.174 0.530215 -1.78209)
(390.85 1.76779 12.5218)
(441.28 -11.7826 -9.96564)
(443.611 0.118255 -0.142875)
(439.847 -0.0725092 2.90012)
(411.34 0.632066 16.8302)
(414.123 -6.62021 38.5237)
(393.846 16.0206 6.81563)
(404.484 -2.16387 -19.9743)
(443.817 2.15725 -2.34907)
(415.668 8.03428 10.8569)
(379.809 -0.376229 -4.00565)
(437.16 0.0496007 2.48545)
(424.656 -1.06217 2.62188)
(375.426 0.595195 8.97558)
(429.602 0.217648 3.52537)
(435.969 3.74244 -7.77945)
(428.069 -0.0140685 0.114335)
(423.222 -0.226763 -0.21074)
(394.215 -8.29693 7.5884)
(374.897 1.18009 -1.54015)
(390.362 -0.910251 -0.877758)
(428.108 1.49831 8.66114)
(388.993 2.45702 -2.21527)
(428.208 1.26854 9.20268)
(411.739 1.89528 -22.345)
(380.612 -0.153611 -1.04201)
(397.601 -4.56433 0.127301)
(427.446 3.91907 3.58669)
(421.403 -0.665687 1.87011)
(438.953 -0.469678 -5.61306)
(424.133 2.38298 2.58897)
(398.537 -14.3888 -11.4271)
(449.307 -10.3935 14.1829)
(399.353 -4.91616 -7.35917)
(380.779 5.50888 1.06332)
(375.417 1.17724 -6.68311)
(398.285 -2.84333 2.34187)
(410.543 -0.188867 -8.78394)
(381.58 0.155607 0.276595)
(398.905 6.29935 -7.21724)
(395.096 6.59102 5.40149)
(428.942 0.89366 -40.401)
(364.784 -10.918 -20.2853)
(382.271 -0.278602 6.98534)
(413.633 1.96821 -2.7175)
(434.53 -0.734778 -7.83941)
(438.902 0.155251 -0.955479)
(411.544 15.2973 7.38422)
(445.228 2.73766 14.503)
(386.869 0.895625 4.1423)
(389.22 8.51695 -16.8579)
(424.306 5.59935 27.8901)
(443.501 -1.21173 4.29396)
(383.557 -0.0583187 1.7697)
(411.548 2.69774 -8.65312)
(426.24 -3.03979 6.03331)
(408.501 -1.76593 -16.695)
(450.571 -6.71809 6.69746)
(399.93 15.1682 8.52645)
(399.266 -0.128768 -1.44352)
(429.245 3.53147 5.04491)
(439.289 -0.154389 2.45457)
(390.631 -0.0315229 3.38765)
(412.762 -5.151 -6.41161)
(407.76 -0.385178 -1.29604)
(431.448 0.497697 4.95621)
(432.496 0.28678 0.0870675)
(424.242 -0.668545 15.243)
(423.846 -4.19267 -3.85517)
(440.111 3.83448 -6.44731)
(443.925 0.260894 0.743125)
(439.486 0.686175 4.24271)
(446.212 -0.154402 -2.19272)
(423.855 -1.66075 -10.6308)
(438.53 -8.31485 -12.3777)
(396.181 0.568989 -2.07332)
(412.999 3.21493 -22.0319)
(269.004 2.57451 -3.36347)
(424.925 4.08717 8.84889)
(251.959 21.4997 -5.45428)
(409.996 -10.8247 -11.8915)
(400.956 -2.78984 -2.5722)
(374.588 10.8433 -5.78617)
(268.695 34.78 -15.6029)
(304.477 0.450608 -8.24968)
(305.291 1.67664 -0.037273)
(419.855 0.478023 -16.2309)
(340.812 -0.123125 1.99476)
(261.016 25.7595 -16.0273)
(327.099 -0.134404 -3.32891)
(345.369 8.39195 4.91128)
(314.018 7.51138 -0.552716)
(353.643 0.739927 0.0897746)
(352.313 -15.5403 1.44392)
(306.065 10.0177 -18.0636)
(319.634 22.6893 21.0637)
(334.412 13.7756 -22.8984)
(355.925 -15.3587 -26.9262)
(368.385 7.26782 10.3804)
(425.628 14.8985 -14.7594)
(366.276 -2.81763 -2.29001)
(379.012 -1.32946 -4.36227)
(354.91 -0.383459 0.0595809)
(410.34 -0.154884 -0.183059)
(371.818 -3.48431 -1.76525)
(391.336 -7.51627 -2.08939)
(377.297 0.999366 1.08478)
(425.236 0.847253 -1.12754)
(338.29 14.5027 3.79668)
(375.386 -2.24793 -0.598841)
(386.338 -2.42162 -0.923413)
(339.677 -0.64799 0.284395)
(381.865 0.745814 1.26045)
(366.601 12.2898 -8.5011)
(356.602 5.99661 -1.91701)
(384.115 0.0367105 -2.2357)
(385.098 2.08488 -1.04742)
(381.666 0.247259 1.50524)
(398.457 -3.51534 7.66902)
(322.352 1.8688 -1.44683)
(331.145 6.85272 6.03854)
(389.427 -0.939444 11.489)
(395.08 0.439508 12.5329)
(373.287 11.7237 -0.348191)
(382.756 0.588136 -4.88325)
(386.416 -0.930781 0.0343341)
(435.037 1.12218 5.9234)
(393.082 0.655218 3.91266)
(379.393 -2.53616 -1.83263)
(335.665 18.2846 -6.19232)
(373.935 2.50506 6.28391)
(373.94 -4.78891 -21.7296)
(408.66 9.73573 -7.27234)
(325.046 0.406746 -3.55994)
(356.786 13.5149 -4.91062)
(368.892 -13.1345 3.70145)
(357.623 -18.1367 17.5057)
(354.481 0.0613488 -0.100719)
(389.839 7.99508 -4.04892)
(374.551 -5.43278 -18.2677)
(396.203 11.8144 7.77983)
(375.239 -1.01635 3.59876)
(390.334 -2.08425 -0.111647)
(381.78 -0.708736 1.73774)
(409.081 -0.787717 10.9848)
(375.981 1.04303 1.28784)
(355.322 9.17867 6.38244)
(380.24 -0.634653 -1.59263)
(439.375 -4.75983 7.28341)
(397.606 4.26278 2.1593)
(359.842 6.03828 16.6832)
(389.112 6.42425 -3.67856)
(380.549 2.89923 -7.19388)
(394.457 -0.423874 -2.64463)
(354.218 11.2322 9.05599)
(395.364 0.750828 1.11234)
(369.18 14.3882 4.69207)
(389.617 1.6699 2.00676)
(396.235 4.86676 -3.4176)
(381.37 4.54633 1.82421)
(381.599 -0.640868 -12.6814)
(403.732 -0.101182 -0.977738)
(369.889 1.71872 3.49893)
(309.844 1.28411 16.8228)
(398.088 -0.371599 2.48913)
(407.75 -3.23256 1.94378)
(340.499 0.960935 2.25003)
(342.779 7.05362 1.47524)
(294.267 -0.31135 4.11892)
(400.403 3.67352 -1.39754)
(385.822 3.62353 -1.59552)
(414.607 -13.0691 21.4833)
(410.091 0.160959 -0.234577)
(376.277 13.3181 -11.5121)
(410.143 -0.276763 0.112167)
(256.869 17.9149 -6.11528)
(419.575 -4.21245 -3.2845)
(301.196 -1.19502 -4.30643)
(293.791 4.71705 2.94678)
(373.308 0.0470971 -0.844984)
(382.243 -11.0529 -14.4389)
(409.242 2.3645 -5.72207)
(375.763 6.99726 3.47384)
(402.246 0.0070332 2.90401)
(316.541 -1.32175 -0.108417)
(405.746 -0.407371 -0.0841022)
(422.009 -9.75134 4.89316)
(316.613 6.94553 -7.51517)
(416.351 5.47419 4.81757)
(323.756 13.016 34.1457)
(407.846 6.05836 -2.81201)
(415.389 0.327423 1.98121)
(418.243 -3.70122 -1.16305)
(371.049 -1.10169 8.35122)
(417.038 4.04961 4.21272)
(353.303 9.34374 0.879927)
(417.774 3.37685 -1.69705)
(421.649 4.49724 0.947823)
(381.79 1.76225 -1.25351)
(399.58 2.63824 -7.11037)
(365.556 -1.61493 3.81993)
(425.092 0.59584 -2.10914)
(387.771 2.24157 -0.13207)
(382.792 2.12207 3.29399)
(429.471 0.394909 -4.80185)
(416.627 0.418281 -2.45686)
(424.224 4.80771 8.00155)
(389.885 -0.914503 -0.0632614)
(372.768 6.66937 -35.5662)
(382.611 -0.434344 -10.3152)
(362.852 1.00286 -1.65436)
(426.028 -0.0600045 0.243055)
(410.455 -6.65034 -1.0673)
(426.127 -8.4682 3.93617)
(417.11 -5.27474 -16.1056)
(436.106 -7.91689 2.94209)
(435.866 -1.01154 -1.13653)
(422.124 0.371007 1.7698)
(414.985 0.92971 0.199644)
(343.29 8.48867 -6.48693)
(433.725 2.3499 0.969471)
(437.027 1.91641 -0.605773)
(402.772 -0.356622 0.571384)
(422.792 -13.1629 -0.90471)
(377.426 -0.150388 1.93175)
(310.758 7.86998 -4.06548)
(392.238 1.45029 -3.23145)
(380.24 5.69349 11.6786)
(436.317 3.7908 -3.66497)
(389.53 4.41222 -5.42813)
(442.341 0.668718 -2.24883)
(412.803 10.7248 -0.462261)
(304.517 -0.424445 11.3024)
(420.794 2.09157 -1.0676)
(374.961 -8.61253 -31.7417)
(445.252 3.37081 -1.21008)
(446.885 -0.886089 -2.87996)
(331.305 -11.5138 -18.1032)
(432.92 -3.15922 1.0345)
(432.601 2.85397 0.500009)
(434.849 2.40497 -6.46143)
(365.753 -1.3565 -1.25996)
(350.449 0.38758 -5.65542)
(366.891 -2.93638 16.612)
(409.5 -16.7962 -18.9791)
(329.922 1.46219 -6.39089)
(364.152 -5.64798 -4.77702)
(341.713 -0.46342 3.29988)
(365.464 1.22881 14.6891)
(356.045 -4.44634 -23.157)
(342.109 13.2304 35.1417)
(397.64 2.50697 33.2948)
(378.779 -5.15251 -7.01984)
(370.695 10.9204 18.8982)
(342.17 -5.69561 -11.5413)
(346.607 3.29421 16.7756)
(334.572 -12.5255 -16.0942)
(375.027 8.15341 8.17707)
(373.522 -0.0119553 -0.850642)
(354.8 1.81055 -1.21132)
(334.496 4.59092 10.6081)
(352.322 14.3351 -8.46687)
(322.738 -4.60425 13.9627)
(342.441 -1.4788 -8.23341)
(353.446 0.46076 1.70317)
(361.052 -1.45782 -1.47309)
(353.668 -7.44156 9.65509)
(351.572 -1.2689 5.77219)
(356.285 3.23593 15.6995)
(331.835 0.557362 17.229)
(370.426 -28.8101 -22.3033)
(370.91 -20.8835 36.4815)
(347.437 -4.40792 -10.128)
(363.607 -3.45936 -9.67944)
(358.963 1.00537 -3.5054)
(346.451 0.493504 -0.933113)
(379.657 0.923207 -31.6491)
(336.943 13.1192 20.1249)
(328.502 15.5043 11.4411)
(359.434 -0.568375 -3.46222)
(364.321 -0.894689 1.02667)
(364.179 -0.174538 -2.16758)
(352.783 0.246252 -4.41174)
(351.245 -14.4395 11.5052)
(373.641 -24.8623 -13.9669)
(409.317 -18.1143 18.2429)
(373.017 0.30445 -16.2595)
(369.412 -1.1437 3.33164)
(373.889 -6.18259 -16.522)
(385.957 7.57376 -3.72032)
(321.552 2.32913 28.0824)
(358.196 0.946398 6.09021)
(361.857 -1.01762 2.38784)
(361.345 3.82072 -7.95044)
(355.945 1.73641 -2.98375)
(339.515 2.85548 -6.29445)
(357.7 1.79184 7.04657)
(333.807 15.9413 -9.11153)
(370.137 -10.9249 -5.20629)
(348.822 4.946 4.11578)
(330.811 -13.2861 8.24172)
(373.765 -1.49105 2.45432)
(364.416 -1.13889 11.7477)
(343.37 -2.6908 1.31486)
(341.788 -0.243715 0.595511)
(344.233 -1.5741 -22.588)
(350.648 0.288914 0.643454)
(369.642 -4.08168 5.06844)
(344.134 -3.36109 54.9364)
(402.485 -10.5359 -17.4721)
(308.548 -9.19814 16.8274)
(354.813 2.56107 4.20909)
(352.394 1.36867 -19.0555)
(350.632 12.1311 15.2978)
(345.742 -0.322968 1.67178)
(339.559 0.8494 3.52837)
(359.906 -12.6745 12.2799)
(342.453 0.382169 13.8474)
(352.986 0.492358 2.37117)
(343.311 -3.40735 18.0018)
(362.572 3.3391 -3.28973)
(362.887 -0.861637 17.2065)
(338.011 -16.6094 -7.95755)
(358.344 -3.0963 13.5388)
(349.197 -0.670074 -5.32214)
(339.638 13.66 -10.4353)
(358.627 -0.343331 -3.37851)
(375.961 0.113621 2.0171)
(363.532 -1.05524 -1.63752)
(352.767 -2.98943 0.731989)
(346.044 -6.88427 -5.66335)
(347.677 -0.0277728 2.29742)
(375.153 -1.35012 1.14081)
(362.963 -1.01081 7.41861)
(357.75 -0.977148 -8.14067)
(343.23 0.476789 -0.592113)
(370.217 -1.39024 17.1227)
(361.806 3.58417 2.56919)
(360.068 9.477 8.29865)
(360.764 -3.75089 10.5195)
(368.704 -1.38981 -7.93105)
(338.305 -0.949649 18.6964)
(344.89 -0.24515 2.03534)
(348.502 8.5897 16.681)
(354.462 -1.43163 -2.66869)
(394.87 -0.788012 -26.3991)
(345.759 5.08293 4.87673)
(302.635 -26.9264 -5.33599)
(405.423 6.11806 8.83864)
(328.326 -1.4323 -12.3861)
(355.697 0.241664 -13.9375)
(343.197 -17.1487 28.3261)
(357.353 -1.70227 1.0758)
(343.852 -1.37764 -1.33378)
(373.316 -0.0192328 -0.631758)
(382.414 9.93865 -38.7528)
(367.336 0.941172 -0.920714)
(346.511 0.31036 5.29435)
(366.691 -7.18513 -11.446)
(361.919 -1.61146 1.45946)
(340.881 2.1302 8.01327)
(347.49 5.72976 13.8782)
(350.749 -7.33565 11.951)
(373.812 -0.0453844 -0.303966)
(372.681 0.0314258 0.0116461)
(357.13 0.551427 -6.45416)
(351.791 0.368149 9.40314)
(355.012 1.0467 -50.8182)
(352.243 4.32857 6.52824)
(360.914 3.65315 16.4491)
(368.217 -2.02617 7.29621)
(340.549 3.64143 -9.71146)
(344.126 -1.70037 -26.4577)
(350.458 -2.49258 -7.55932)
(367.224 -20.1635 -15.3456)
(367.294 -0.104879 -2.95968)
(359.687 -6.42091 -16.3675)
(358.002 12.7082 15.8923)
(335.071 -1.20709 8.53755)
(367.529 0.383699 -8.26559)
(366.828 -0.404047 5.91626)
(369.241 -2.83798 -10.9021)
(368.82 0.149892 -1.12344)
(351.767 -0.346021 1.50783)
(350.095 -8.48037 -10.9721)
(347.982 -1.68075 -1.85538)
(396.361 -23.505 -12.6319)
(358.139 10.8826 -24.4028)
(337.382 28.8936 21.267)
(348.508 -1.30689 -1.23869)
(376.634 4.4364 -18.9661)
(346.026 0.299307 7.95266)
(358.917 1.21786 11.9532)
(359.582 0.277103 -2.11622)
(353.696 2.45153 5.3112)
(366.427 -0.0217019 0.339303)
(378.846 7.00231 -11.1584)
(354.216 2.21491 5.02671)
(360.844 7.57786 38.207)
(325.277 -12.5244 -18.748)
(335.188 1.20777 15.402)
(369.501 -6.27641 4.98526)
(369.143 -0.237679 0.982915)
(341.269 1.34889 1.26158)
(353.14 -4.33639 -23.1537)
(361.86 -17.5822 13.8762)
(358.922 4.06856 -25.7993)
(367.713 1.63763 -2.64241)
(344.61 2.83189 -2.18147)
(391.191 -0.966909 -13.3231)
(363.706 -0.071729 -1.46725)
(339.219 5.20488 -2.05632)
(356.339 -2.33928 7.2846)
(347.892 0.664512 3.12627)
(371.295 18.5309 -6.34738)
(371.501 -6.57805 -14.7286)
(385.067 -5.94184 18.5017)
(352.796 5.7487 -7.07539)
(358.487 -3.78049 -15.1809)
(347.11 1.211 13.3741)
(322.164 -10.2505 -15.104)
(340.974 -14.7149 9.74246)
(326.717 3.75133 -5.17237)
(340.028 -4.4835 5.70837)
(342.027 0.375519 -1.33836)
(375.639 -0.669106 1.75056)
(364.368 0.573139 0.38633)
(356.398 1.07772 -0.535922)
(347.272 6.83069 0.461026)
(332.679 -2.67013 21.0347)
(371.672 6.32973 -1.26232)
(349.138 -8.74884 -4.88766)
(375.905 0.573043 1.26263)
(354.365 -4.20533 -21.7127)
(357.624 1.83071 9.61118)
(372.458 -3.91019 -39.7664)
(362.544 0.194531 -13.5825)
(363.077 -1.99531 -11.7615)
(400.501 -5.14635 -10.2379)
(375.74 -0.894218 4.96547)
(346.768 -7.77284 25.0935)
(404.44 3.91473 18.3738)
(346.636 1.36313 -13.2318)
(350.268 0.553621 2.57727)
(350.801 0.0762402 -0.211499)
(358.19 -2.24591 -31.1183)
(353.395 -1.45843 2.10501)
(353.534 -0.330072 5.89363)
(350.204 -2.90781 2.24685)
(344.064 1.32158 -1.34673)
(353.679 -1.33632 -7.25304)
(366.829 4.64928 19.6811)
(366.756 -13.9329 -12.9745)
(363.075 -1.04033 12.1738)
(344.59 -10.2355 6.9943)
(362.37 -1.96478 10.9515)
(363.333 -2.76768 4.31985)
(357.844 -0.327677 -4.74717)
(331.318 3.05153 9.60189)
(343.628 -6.75062 3.19544)
(342.82 -16.726 1.92384)
(362.854 0.00426051 -3.33113)
(361.539 -0.451136 -0.369812)
(357.302 2.1567 10.8859)
(331.546 14.2602 -13.8532)
(347.627 10.8074 -20.9049)
(297.536 1.87257 39.1623)
(379.071 -0.841556 4.75164)
(373.656 -4.86061 5.4581)
(368.705 -0.247015 -0.312913)
(354.657 0.559251 1.04714)
(300.172 13.8886 -19.8566)
(299.114 -2.29876 14.807)
(252.167 17.6103 12.2461)
(296.913 -3.49291 -0.0348094)
(295.154 26.4001 -0.198978)
(334.947 0.206796 -0.562122)
(327.157 0.0981052 -9.4011)
(257.324 23.3238 5.43834)
(295.668 9.68766 21.7208)
(312.169 -1.7052 -4.03699)
(345.056 -8.80769 -8.26595)
(357.009 -8.25699 -17.8892)
(314.185 -11.1978 10.393)
(339.314 -0.522323 -1.68876)
(332.253 -1.1601 2.53844)
(336.236 -6.77085 -11.5093)
(268.59 16.7439 -11.4742)
(352.16 -9.9009 1.2686)
(341.158 -0.742148 -0.404754)
(336.621 -0.401003 0.584431)
(309.662 18.4602 2.85775)
(334.285 12.1846 -8.72088)
(321.591 6.31193 11.9559)
(341.516 -0.298513 0.0683842)
(343.081 0.519609 -4.06653)
(323.64 4.19544 5.98794)
(319.058 -0.453191 -4.93875)
(309.035 -17.4521 3.06641)
(318.757 8.6766 3.0916)
(332.138 -4.91553 -16.7033)
(339.565 6.00487 -8.90853)
(300.513 7.80478 -6.14091)
(318.102 -9.43303 -30.2504)
(345.389 -3.68872 -8.99581)
(368.774 17.9887 1.20466)
(348.106 1.26118 -2.21861)
(267.517 24.1586 -1.14811)
(303.889 -2.54023 -23.5203)
(344.64 -17.3092 -4.03343)
(270.095 14.5236 9.01825)
(342.699 -4.27964 -1.29949)
(350.807 -8.08941 6.49124)
(348.235 -1.50936 -1.4259)
(289.181 -3.30751 0.197553)
(277.215 0.289361 -0.168907)
(347.033 3.04473 -0.324924)
(309.73 12.6044 -3.23231)
(304.062 6.81814 3.103)
(268.11 6.79383 -0.385968)
(317.406 -9.69837 -5.83805)
(332.415 3.41104 3.43784)
(331.379 7.23652 5.38237)
(309.215 -11.9577 -5.42519)
(339.197 -10.0108 4.84542)
(289.174 23.7741 -0.1129)
(349.31 2.98826 11.3311)
(308.554 -0.0224864 0.0492057)
(372.175 -2.68645 2.33939)
(331.474 1.57162 4.78625)
(353.221 -0.536478 -0.894869)
(350.56 0.464883 1.4007)
(342.289 11.2757 -28.9156)
(345.723 -0.884154 1.55492)
(365.533 -6.74418 -7.53489)
(308.146 7.8498 -2.72188)
(352.497 -2.70509 -8.16081)
(346.326 8.23026 -9.65709)
(374.823 -4.52134 -6.93145)
(311.969 14.5561 -20.363)
(319.498 12.3819 11.7796)
(342.7 7.67283 -3.99338)
(339.114 -3.15746 -2.92267)
(349.6 -0.0312889 0.000904874)
(296.096 15.7945 0.13153)
(302.052 0.454643 -2.87723)
(340.973 10.2495 -6.5777)
(337.077 18.3406 -15.1854)
(353.487 -10.766 6.08611)
(363.436 -3.1451 -9.09979)
(353.503 -2.03852 -4.00595)
(352.042 -1.16527 -1.58151)
(299.974 21.5397 48.1321)
(338.787 12.9736 9.10383)
(338.293 9.24209 -2.4035)
(351.488 -0.290593 -0.0913049)
(350.772 -9.78805 -8.46339)
(355.703 1.51417 -9.69926)
(346.303 -0.528659 -0.9727)
(353.289 -15.9553 7.64138)
(299.239 0.447617 8.0337)
(310.87 12.0467 -4.8703)
(281.619 24.1588 -17.4111)
(350.388 5.66048 8.32426)
(322.87 8.112 -4.41177)
(360.509 0.0675593 1.77877)
(350.801 -2.2878 21.6402)
(307.426 -6.33797 9.45475)
(361.536 -3.08148 1.64015)
(337.038 32.5916 4.64438)
(259.731 16.1227 7.6697)
(352.032 -2.09447 -3.87375)
(340.496 5.14592 2.73986)
(364.303 0.811642 8.28616)
(335.655 5.3805 5.77547)
(358.266 -5.90219 6.87638)
(304.764 49.2906 10.9154)
(361.449 3.50661 -1.35325)
(345.753 -0.994558 -0.459273)
(355.811 -0.191683 -0.408446)
(364.977 -1.88071 0.845929)
(356.03 1.41132 0.954873)
(246 33.1676 -9.65727)
(333.82 8.50254 10.209)
(311.383 10.4996 14.1559)
(347.565 -13.3856 -1.43485)
(347.751 1.20106 31.9072)
(306.931 41.5374 35.2714)
(298.101 -1.18852 -11.67)
(318.03 10.1667 -1.64154)
(346.749 -8.90882 3.28706)
(358.061 -1.64481 1.10092)
(344.434 -1.74495 0.0487791)
(348.775 -17.8194 13.0692)
(283.983 5.08445 5.62201)
(305.344 18.0814 -6.19637)
(326.065 1.84198 -5.57493)
(281.06 6.95911 -19.3822)
(314.516 15.6379 5.16623)
(359.902 9.97513 15.4221)
(286.036 -2.29212 3.3058)
(369.464 3.92144 5.84996)
(340.161 0.522601 1.52125)
(342.611 11.5691 -18.0626)
(332.95 1.04937 10.478)
(359.219 -1.51895 6.69025)
(356.257 -17.5645 -9.65297)
(364.823 2.53754 -15.7819)
(366.653 -0.0645602 -7.43309)
(370.336 -0.991523 -1.43013)
(259.805 34.8813 3.01024)
(341.105 -0.244505 -5.02205)
(307.755 -2.11807 8.18874)
(331.104 -8.65756 -4.0075)
(364.013 -0.526209 -0.401741)
(264.791 22.5911 0.940047)
(352.179 -1.29678 -2.44652)
(364.045 13.5119 -23.9287)
(359.859 -0.640013 0.152505)
(319.502 -0.687033 0.730587)
(358.56 -2.63699 1.5831)
(369.891 7.04036 2.11471)
(361.497 0.208488 -0.189683)
(336.061 -0.325105 -0.0353489)
(325.965 -0.0698996 0.453061)
(340.982 5.52861 3.39467)
(375.308 0.418451 -0.425514)
(331.513 9.91627 1.18436)
(313.113 -7.4511 31.351)
(330.283 8.73554 -10.8639)
(316.893 -0.842294 -11.4516)
(327.68 -0.401901 13.1752)
(325.38 -2.19813 1.76876)
(332.244 2.6058 3.62179)
(348.209 -9.1704 -13.0849)
(322.282 -2.67478 -5.70669)
(353.84 -2.03432 -21.0952)
(333.682 3.04454 3.79784)
(344.118 7.92491 -6.21013)
(320.119 1.26811 7.14594)
(349.102 -10.298 1.91879)
(334.839 2.23546 7.40676)
(349.215 1.16773 -6.32638)
(325.743 -3.64713 11.0349)
(328.29 2.08316 13.4846)
(334.375 5.95166 26.4724)
(311.916 12.6864 6.25629)
(334.756 0.19796 16.0076)
(330.112 -0.86552 -9.16544)
(342.562 -28.6952 -25.1308)
(317.305 -10.528 19.0714)
(327.969 -0.827213 3.83962)
(339.561 2.95886 12.4691)
(319.662 6.75812 21.979)
(343.29 3.3493 -26.0515)
(328.754 -2.10477 3.09667)
(320.103 -1.91641 -3.34842)
(319.547 -4.57507 31.8615)
(340.051 0.141977 5.95988)
(334.045 4.01722 -2.79794)
(327.134 -7.60845 12.5966)
(322.247 0.619148 -10.1804)
(322.044 1.45179 -1.87825)
(323.271 -0.227166 1.60083)
(333.728 -0.906915 2.12806)
(317.119 0.895489 2.2821)
(305.502 -0.728389 -14.0179)
(312.918 -15.1309 12.8669)
(338.803 0.083751 5.76079)
(337.556 -6.96617 16.7266)
(331.117 -5.04888 -34.5013)
(317.199 -0.307699 1.92754)
(325.6 1.92711 1.99262)
(323.698 0.182938 0.630487)
(353.63 -6.42245 -22.2625)
(287.581 1.55221 16.6117)
(330.537 1.26751 -4.10173)
(329.358 0.868878 -0.464456)
(319.177 4.24582 7.24473)
(333.848 12.3882 -6.98841)
(326.862 1.96924 8.19732)
(348.007 0.142718 1.64589)
(322.951 -1.60537 2.90254)
(356.742 16.4334 8.50194)
(337.43 -0.817982 1.25619)
(343.304 -1.18865 4.53694)
(337.468 0.00855834 1.15326)
(325.552 -2.75968 -2.97727)
(327.993 -0.0249004 1.16061)
(323.549 1.34543 10.1818)
(328.522 -0.376484 6.8212)
(340.259 -0.020231 -7.20889)
(309.944 -2.85972 -9.83847)
(310.622 -4.35169 -15.7083)
(348.243 -28.9572 9.08497)
(348.54 -0.738464 4.37847)
(325.182 0.00783483 -8.24724)
(333.688 -1.91585 3.01139)
(336.797 -8.7475 -13.9044)
(338.103 3.604 30.3297)
(345.607 0.478573 21.4438)
(317.857 2.69279 4.84047)
(343.671 -0.202124 13.13)
(342.487 -1.67959 -2.70863)
(343.399 0.362124 -9.189)
(330.084 2.20428 -5.02064)
(342.245 -1.34802 -41.4369)
(332.524 -0.0428571 -0.190835)
(317.718 1.41139 -3.73252)
(330.371 -0.357341 -2.09216)
(347.821 -9.0429 -20.5908)
(328.805 0.274409 -5.37495)
(338.621 -2.92617 2.86216)
(320.939 -4.2479 -24.7095)
(328.482 -3.94105 -4.10324)
(338.649 4.92199 -7.84475)
(324.899 0.0561695 1.10326)
(320.858 -27.5974 -16.677)
(316.595 -0.626544 30.1415)
(341.874 -3.10884 16.6031)
(337.484 1.75047 0.627037)
(342.455 14.7199 10.9936)
(333.868 -1.57169 0.959306)
(315.752 -2.07871 -3.09268)
(336.292 1.23355 -1.89428)
(317.067 0.760709 -7.52905)
(300.847 -0.742206 5.65354)
(294.688 10.4633 -24.4022)
(337.231 6.31913 -8.38535)
(322.942 2.61105 7.92193)
(314.922 0.617704 8.68759)
(322.761 4.16411 14.0384)
(322.894 -0.0892715 -1.79877)
(328.188 2.73445 7.16575)
(334.952 -0.146468 -2.88997)
(349.425 -8.87387 19.2923)
(320.245 -1.11224 -2.92335)
(344.69 0.0975199 2.30256)
(307.478 2.23059 -8.59154)
(334.675 -4.05349 5.90814)
(317.471 -1.16139 -6.65609)
(330.285 -11.6488 -18.1263)
(349.652 -2.43591 9.02979)
(327.862 0.416613 -1.03697)
(325.646 4.91073 -5.32957)
(330.85 -3.11942 -5.19302)
(332.169 0.212479 18.8043)
(325.389 -2.73816 20.4492)
(311.446 0.27152 7.96443)
(321.934 3.14233 17.8419)
(328.078 0.316805 -11.046)
(344.77 -0.567577 10.5362)
(317.529 -8.55353 -10.8504)
(320.561 1.40832 -2.32819)
(331.465 -2.93731 0.940732)
(341.308 -4.42078 -3.84406)
(315.75 -14.2931 28.8506)
(323.989 0.0418267 -1.63499)
(310.165 -7.10572 4.32393)
(340.517 0.227564 0.584991)
(338.691 -1.42764 -2.08732)
(321.988 -0.359284 2.22498)
(342.268 2.79107 2.24954)
(315.41 -1.44074 9.62946)
(330.691 -3.1234 10.7631)
(318.546 -1.91718 -21.7462)
(329.366 -29.642 -19.1162)
(353.874 -8.03687 -24.7862)
(325.981 16.2274 11.6686)
(322.743 8.42994 18.5905)
(340.075 2.36735 -12.1303)
(318.736 -4.4918 -7.01109)
(325.278 -7.66769 -14.2176)
(324.679 0.00406197 0.28629)
(330.598 -0.13468 6.87512)
(347.263 -8.98082 -8.04364)
(323.332 0.671345 0.464423)
(330.186 2.4075 -7.34027)
(337.446 -3.45219 -26.5269)
(205.333 22.0977 -1.41531)
(341.587 0.0138476 3.93169)
(250.71 6.41906 1.07189)
(239.665 18.1909 -8.45731)
(333.42 0.019972 0.0260366)
(306.731 1.41851 15.0869)
(244.811 23.3905 21.5988)
(329.967 -2.8854 8.63566)
(261.034 5.70289 -0.973125)
(225.01 40.6571 22.2375)
(340.343 -0.0941017 3.16354)
(251.677 14.3873 -9.97304)
(289.138 0.265294 -1.05539)
(336.49 -1.38303 -5.15946)
(336.158 3.37299 6.29145)
(362.174 5.6366 8.14309)
(340.961 -9.10155 -15.2653)
(246.729 16.3896 -5.82268)
(260.043 7.56811 -9.60477)
(291.756 -3.11273 2.49405)
(243.166 17.8178 7.39489)
(322.093 -5.98821 -12.9605)
(269.882 14.117 9.32183)
(282.108 14.3145 -8.13513)
(298.975 1.69501 0.674825)
(288.135 9.48117 -9.21238)
(243.879 20.4092 -6.29737)
(303.529 2.26895 -4.78821)
(306.567 -4.7158 4.22427)
(316.728 0.668257 -8.57248)
(292.171 2.32221 0.0359758)
(250.376 7.58087 -10.88)
(240.49 35.0764 -1.82147)
(316.534 7.35073 -7.84873)
(315.014 -1.69837 -0.945565)
(260.333 35.7255 8.33086)
(236.178 29.1662 -14.4001)
(268.471 1.81421 5.31618)
(302.806 -5.13312 3.28)
(279.69 12.5759 9.5338)
(319.522 -1.9273 -0.517173)
(277.458 0.231559 4.50374)
(318.026 -7.14769 11.96)
(317.652 7.01744 6.92942)
(328.741 2.82976 11.0039)
(330.002 -0.355307 1.2862)
(310.982 0.799483 -5.7234)
(325.092 1.97183 -15.8563)
(309.892 -0.720314 7.08328)
(333.053 -3.28313 -40.0071)
(347.231 6.39614 -13.6991)
(298.314 -1.85439 2.31575)
(309.312 13.081 21.6956)
(319.884 -1.35269 -0.612181)
(269.717 4.51675 -0.167131)
(325.082 10.9792 16.0787)
(299.067 -8.41391 -20.0851)
(319.644 -0.541196 0.263371)
(317.425 1.60448 -0.774824)
(309.185 0.515676 -9.01498)
(326.749 2.61404 -5.0986)
(313.478 -0.922666 0.0522278)
(271.082 18.5934 9.46972)
(299.313 1.86085 -7.27664)
(327.685 -8.56559 -3.59129)
(320.996 -0.235105 0.161181)
(318.166 -0.193385 -4.09587)
(320.398 1.89481 1.08436)
(317.843 -8.74739 5.07269)
(332.789 -0.421273 7.0724)
(299.924 5.9594 4.01295)
(331.968 3.30912 2.6242)
(308.575 6.334 -25.9757)
(258.972 23.1817 18.8805)
(330.198 3.87388 11.1441)
(334.348 -4.33469 -4.1116)
(325.876 -2.1584 -1.1091)
(334.026 -9.03581 5.69622)
(322.674 0.00283523 -0.0324052)
(319.92 4.91202 -14.3035)
(272.803 -0.70679 -0.229546)
(253.83 11.2653 15.4737)
(263.217 24.1041 -14.8991)
(320.591 2.64519 -19.6132)
(255.13 21.418 29.1855)
(293.658 -3.97708 -3.6731)
(268.417 20.4936 11.1761)
(324.12 -9.79782 -3.97857)
(279.918 20.8824 22.7216)
(296.773 -14.9246 -1.33577)
(312.171 13.2065 4.4254)
(305.709 -0.617817 -0.452518)
(305.69 20.0254 -2.11867)
(317.296 -5.78615 12.4353)
(315.976 -8.88298 -29.4663)
(320.126 -4.16924 5.16405)
(281.849 -4.01251 -4.35753)
(313.049 4.58142 -5.0018)
(330.83 5.03183 -2.29963)
(329.454 -0.248835 -0.537952)
(287.202 -0.587777 -0.211763)
(302.488 -0.375432 0.332649)
(325.023 -5.78815 -1.09544)
(288.423 7.34164 19.833)
(325.943 -8.9847 2.92562)
(340.819 4.07848 -17.3562)
(277.796 6.35262 -9.63748)
(279.751 15.4212 -7.38076)
(312.189 12.7184 9.79458)
(323.657 2.78995 1.12189)
(326.676 22.2385 10.402)
(323.728 3.20422 -36.546)
(331.403 -3.83131 -2.57763)
(331.387 -13.5397 1.87293)
(320.359 -6.27263 3.07798)
(318.967 6.4662 -5.20904)
(334.868 -0.931796 -7.43624)
(309.868 1.98794 0.783786)
(328.589 0.45735 6.80157)
(307.434 -8.26749 -4.4441)
(327.532 7.41752 7.54763)
(279.457 12.4402 1.37229)
(314.565 8.15423 -24.1154)
(303.875 -0.138815 -3.19466)
(341.49 -8.09086 -35.6995)
(225.566 36.3553 -0.430075)
(307.088 4.04468 -29.9753)
(302.49 0.493688 -0.645409)
(333.622 -8.93854 -18.9104)
(327.125 6.37395 2.91587)
(312.586 -3.68373 -1.03922)
(237.927 22.7734 -1.45182)
(245.917 29.6969 6.57245)
(295.801 19.7873 27.2109)
(297.973 12.9073 9.09117)
(316.065 1.51136 -5.5963)
(306.319 -20.224 -3.2081)
(345.211 2.73795 19.6503)
(280.301 38.4511 -16.7022)
(309.121 11.6415 -14.0885)
(327.866 -0.736398 1.58022)
(323.346 2.51349 -20.4117)
(336.1 5.47317 5.53636)
(274.384 5.44125 -4.19535)
(286.4 0.238953 0.747819)
(247.544 23.1612 -18.6469)
(321.964 1.2874 1.96734)
(321.432 9.89062 -1.94147)
(293.359 -8.59442 -4.87501)
(333.169 5.32844 1.85548)
(311.817 12.2883 6.01443)
(316.238 5.80166 -7.14299)
(285.963 -8.10196 -12.787)
(331.454 -19.9441 4.09111)
(326.578 7.32787 -25.2821)
(313.525 -9.63814 -8.11516)
(339.359 -6.25051 4.45795)
(334.56 2.40116 1.60859)
(332.58 0.810644 -0.482782)
(337.482 0.33492 15.916)
(320.463 3.18388 30.766)
(310.227 -0.0954845 0.0447979)
(299.045 -0.0430332 -0.00976116)
(320.05 7.44565 2.30798)
(289.372 -2.26449 9.55172)
(333.224 -0.0518571 -1.22389)
(329.355 0.55933 -12.4585)
(303.479 30.5541 -15.384)
(297.263 11.2791 -3.40767)
(322.332 -22.7655 3.28243)
(321.411 -1.18119 8.1162)
(331.221 0.749297 -0.719867)
(301.198 13.0862 8.88956)
(307.472 11.5958 10.1486)
(309.363 8.13652 -5.67919)
(327.691 0.00938019 10.2088)
(284.435 19.22 -24.6635)
(339.084 -9.39362 1.20842)
(347.316 0.729168 -5.99591)
(327.903 1.69335 -1.98756)
(311.613 15.2898 -9.67503)
(339.503 -4.17316 4.90474)
(336.279 1.93628 -0.978294)
(321.404 12.3103 -8.34244)
(262.382 17.9148 37.7276)
(279.367 11.4503 16.3738)
(338.678 -10.5406 -2.49002)
(283.744 3.38693 3.84674)
(300.246 0.860117 5.55954)
(335.31 -5.39467 26.0636)
(304.802 5.7223 -4.58079)
(282.799 4.36679 4.36228)
(311.808 2.2794 -11.9464)
(289.505 0.208117 6.01622)
(328.971 -3.11626 -6.31126)
(294.711 4.51546 -6.62791)
(316.884 0.32959 -3.97973)
(293.143 -6.68136 19.1309)
(280.355 -0.47368 12.605)
(314.414 -1.63276 2.00356)
(299.035 -0.46749 -2.33472)
(322.926 2.05211 -4.96452)
(325.849 -9.05414 0.721284)
(334.623 2.71877 -18.2098)
(321.799 -3.57512 32.3455)
(295.568 3.66798 -17.1097)
(294.782 6.32372 -7.3731)
(303.604 -4.87399 8.22477)
(302.395 -0.690036 -16.8171)
(317.384 7.34632 -2.73012)
(293.933 0.108565 31.6198)
(293.092 6.88298 -8.4881)
(308.878 -4.36473 11.1368)
(305.754 -0.0664854 -0.069513)
(300.577 0.690589 1.94992)
(308.383 11.0231 -16.7644)
(307.917 4.17557 8.79306)
(296.989 0.140905 -1.70697)
(317.459 -1.4414 -12.6196)
(296.583 -0.642036 -8.09057)
(300.167 -0.679291 -2.44981)
(311.246 -4.26691 -2.54441)
(302.383 0.0357852 -0.396469)
(294.544 28.1231 24.8822)
(303.186 -0.234773 1.32113)
(305.994 0.117292 -5.3029)
(300.219 -1.91327 0.934921)
(288.408 -0.648457 -10.3535)
(301.635 0.123401 0.488381)
(286.007 3.74421 5.37622)
(309.008 -8.97482 -27.0969)
(309.386 -1.24171 0.867175)
(256.802 -3.24264 -13.1816)
(302.349 -3.07975 -4.63565)
(296.478 15.3406 8.02776)
(313.478 7.16446 -25.8687)
(315.869 4.77183 -8.44096)
(299.72 -4.65237 4.88081)
(295.015 -7.31132 -10.4516)
(307.557 0.146301 8.17422)
(315.73 4.69211 -10.4911)
(308.569 -3.12585 -17.7523)
(294.29 -0.0988352 -0.336851)
(302.531 -0.319855 14.2132)
(330.189 -13.4004 12.585)
(280.297 1.28296 -11.2331)
(305.096 -4.88832 5.08027)
(301.814 0.48995 -3.77428)
(309.169 -0.276956 1.43361)
(297.064 0.872774 3.64049)
(280.582 1.95272 15.163)
(299.311 -1.27634 -7.38363)
(310.782 -7.47312 -9.76449)
(310.839 2.22526 7.01796)
(315.093 0.213588 -0.86479)
(296.204 0.334663 -2.36525)
(297.907 -0.706846 1.56771)
(303.669 5.56176 3.19775)
(300.053 -5.3486 -9.39926)
(296.044 0.727429 -2.87513)
(335.212 -6.72888 9.01536)
(296.792 -4.29507 -4.7878)
(300.264 -0.693383 2.85878)
(315.695 -0.820324 -1.3302)
(287.866 -7.73107 -5.50015)
(316.748 8.22893 -11.7112)
(311.179 -2.92314 -6.11418)
(294.181 -1.96558 -8.4356)
(306.636 2.65158 7.13921)
(307.654 -1.00213 -7.20117)
(301.627 0.723736 1.22952)
(307.905 -0.509914 -4.05004)
(294.934 1.05027 -3.17601)
(306.474 -1.96764 -6.88668)
(326.145 -4.74448 25.3975)
(304.502 -0.738235 -1.45339)
(302.745 -1.77835 6.20642)
(297.063 5.93121 -8.3154)
(309.154 0.39344 -0.826978)
(306.734 -1.38582 -5.61392)
(291.234 -0.883191 3.52201)
(303.29 1.55212 -3.08427)
(301.613 3.3264 20.4352)
(306.926 -1.8021 5.62673)
(320.27 1.04504 -2.56111)
(281.557 -1.37535 8.11195)
(305.778 -1.81169 -7.84814)
(285.117 5.14834 7.50266)
(316.585 -0.999272 6.35264)
(290.931 2.12891 1.72358)
(319.118 -6.95034 -26.4129)
(291.999 -2.19845 24.1998)
(295.257 -0.284396 11.0187)
(323.698 -2.44956 -36.2741)
(302.786 4.52213 9.29529)
(289.575 3.05607 6.57544)
(307.803 5.78087 13.4581)
(305.317 -2.80627 -12.1449)
(302.423 12.6797 -24.731)
(309.4 0.362693 -3.70948)
(299.897 1.05184 5.14856)
(276.335 13.6308 -17.952)
(313.872 0.326581 -0.236133)
(308.803 4.52668 -8.70224)
(301.932 -0.0449346 -0.76579)
(309.098 -0.10745 -1.33346)
(304.148 -2.28261 4.78129)
(289.281 -1.19721 -3.11191)
(333.727 4.17336 15.157)
(297.518 -8.33831 10.9248)
(309.367 0.548253 5.32046)
(313.741 -2.55268 6.96863)
(311.965 0.752421 -1.39347)
(292.431 0.801993 -4.7569)
(316.692 1.77881 5.37132)
(308.512 -0.7492 -12.5368)
(308.966 2.54017 7.41227)
(306.074 -0.231214 -5.88677)
(298.593 -0.989718 14.1131)
(311.033 -3.00298 -3.48111)
(302.683 -0.0181058 0.531068)
(320.672 -4.95386 -41.4211)
(285.585 -8.80658 -5.5485)
(277.49 2.4068 7.38192)
(293.065 0.0064429 -0.203559)
(284.181 -1.64477 9.81165)
(308.809 0.557053 2.39101)
(287.61 0.343172 -11.2268)
(294.956 -3.32804 11.6771)
(300.423 -0.755864 -4.11884)
(281.822 2.14991 -14.8177)
(308.408 -0.0775098 9.21188)
(310.179 -1.86492 4.20707)
(221.605 14.046 -8.41844)
(304.187 -0.835193 0.355881)
(220.664 21.4202 1.80379)
(301.746 -0.638945 -1.94204)
(289.036 1.98237 2.6463)
(241.686 30.5686 -1.44581)
(293.849 -0.0703956 -0.476734)
(225.529 22.8326 15.4441)
(319.453 -0.394105 10.3654)
(293.778 -5.23465 8.81593)
(249.213 10.4709 -2.61997)
(238.995 20.3478 8.18837)
(247.379 24.7162 -10.7616)
(254.832 21.1797 -2.76936)
(268.436 -0.146909 -0.972667)
(317.638 -3.90756 18.9914)
(267.303 22.414 15.2914)
(297.518 0.561397 -2.51007)
(315.386 1.63688 -4.7516)
(247.515 20.0746 -7.32786)
(275.312 36.7965 -5.24433)
(251.908 15.5226 -26.6896)
(215.783 24.8473 11.6558)
(303 0.0175546 0.0307259)
(317.664 -5.89275 7.68533)
(239.818 22.3529 -10.1056)
(247.05 26.5764 -11.5692)
(297.514 6.05622 3.81482)
(283.405 -1.55586 8.46253)
(275.323 -7.86944 -2.29551)
(274.016 6.72032 -2.71694)
(274.382 5.3164 -1.13983)
(264.916 8.09907 -9.44322)
(271.95 11.3446 17.856)
(282.26 4.02578 -5.27554)
(277.783 4.91306 6.69338)
(269.728 17.315 -3.60427)
(301.125 6.11395 5.60423)
(282.229 8.83434 11.0958)
(248.256 37.1689 2.54001)
(291.762 -0.867594 1.53238)
(268.882 3.33543 -30.1683)
(263.604 -1.82546 6.05571)
(268.113 11.8464 1.63469)
(296.412 3.31185 -17.8261)
(297.649 4.84328 6.64312)
(283.973 7.72801 -8.16883)
(291.907 -0.00558862 -0.554267)
(237.254 19.2262 16.5313)
(292.791 3.25306 -2.83397)
(274.758 12.2361 -2.69015)
(295.344 0.466913 12.4659)
(293.05 0.263097 -0.0344239)
(297.5 -1.01219 0.88222)
(283.135 -0.0683405 3.87247)
(285.313 0.203032 -0.0239772)
(265.122 11.8337 -2.59268)
(285.296 2.26656 1.33058)
(290.038 -6.69428 10.6476)
(287.75 1.11406 4.483)
(274.99 9.92535 1.82995)
(287.611 0.89181 -1.29715)
(298.006 1.9307 7.04725)
(251.541 18.7848 -7.60278)
(272.725 -2.57398 8.43946)
(288.204 1.88766 -0.900029)
(293.046 -0.379961 -8.17506)
(307.554 -2.68552 6.73066)
(288.555 -2.93151 -2.69451)
(267.163 13.9961 -18.6915)
(286.385 6.07201 -2.16283)
(285.531 0.964007 -1.39869)
(271.513 3.03554 9.30524)
(294.27 -3.77393 6.4733)
(262.244 7.8884 -9.21016)
(293.872 6.37143 -1.37873)
(270.273 38.987 -0.933802)
(291.549 7.95316 5.1511)
(266.426 -6.42391 8.66953)
(314.224 -6.75268 -14.6483)
(293.248 0.0491941 0.502434)
(248.62 34.436 -1.74633)
(296.145 10.0342 5.78883)
(322.195 -13.7767 -16.4387)
(263.443 -11.463 -3.68891)
(289.381 -13.4937 8.52528)
(293.597 -1.28112 0.698563)
(264.166 25.2813 21.5019)
(229.081 22.3456 -21.9719)
(315.223 24.8695 -0.530429)
(265.663 13.9134 -13.5765)
(291.785 -0.196636 -16.7233)
(280.737 -5.09155 -3.87981)
(270.58 5.70039 -7.29909)
(271.116 2.17475 1.12295)
(301.089 27.559 8.08737)
(295.899 -7.5186 -7.32244)
(311.637 3.90986 11.6251)
(294.488 -0.0227656 -0.0284415)
(300.537 7.87288 12.423)
(289.455 6.56117 -3.39371)
(268.142 24.2627 17.4375)
(290.238 18.714 8.60695)
(287.622 8.87535 5.7453)
(262.321 25.4061 16.9024)
(295.709 1.54226 -2.55235)
(272.609 0.645099 7.49498)
(266.426 13.7604 0.388079)
(244.961 22.6571 -15.3853)
(291.102 0.496991 7.02748)
(260.983 20.6974 -3.78727)
(305.934 -6.31012 -18.2863)
(273.519 0.202927 -2.54679)
(293.67 1.19975 -5.39275)
(281.388 5.89681 -0.22362)
(299.159 -0.167894 -0.381681)
(292.335 -0.0167016 0.0184816)
(293.985 2.10394 -1.00797)
(283.868 10.2981 -8.92402)
(263.231 12.2865 2.03155)
(286.388 -3.55913 3.18821)
(258.165 -3.27135 -0.826151)
(295.373 0.512635 17.4028)
(268.129 7.78796 -14.2547)
(313.518 -4.86986 8.37315)
(256.196 21.7687 5.07031)
(297.005 1.04142 -8.20986)
(280.955 -2.70609 10.7907)
(296.392 0.0518854 0.54628)
(308.69 3.11975 12.0402)
(300.453 -0.904227 0.428071)
(310.152 7.84273 -1.42922)
(283.165 7.15693 -2.86998)
(304.935 3.68704 -20.2057)
(278.206 3.91629 -18.6656)
(297.375 -2.46825 1.66397)
(295.348 2.9658 -12.4817)
(295.404 1.55312 -0.130296)
(306.015 4.39004 -18.6094)
(324.853 2.65182 -14.7662)
(290.319 8.23568 -10.4902)
(278.731 23.6858 15.7147)
(281.029 6.85593 -0.770661)
(280.232 -0.625108 0.035762)
(279.649 17.7307 5.61383)
(294.63 5.59035 -5.94646)
(297.262 -2.52149 10.831)
(303.999 5.56391 -7.1124)
(295.638 -1.50748 -4.08946)
(305.275 -5.82019 33.9443)
(282.449 5.99104 1.91679)
(277.556 1.30269 -0.139463)
(280.287 12.1438 -22.285)
(253.31 15.6059 -8.9313)
(297.73 -7.35787 -7.65627)
(304.115 0.132674 7.58085)
(259.21 15.1531 -13.3167)
(285.571 5.74736 7.87788)
(266.315 5.62355 -2.50993)
(296.249 -0.662711 -0.497179)
(268.11 0.939557 -0.0735466)
(268.519 -2.31831 -3.5556)
(303.838 -3.60816 -14.5388)
(280.967 -4.03849 -0.772819)
(299.908 1.26809 1.44434)
(255.173 22.7318 -4.15805)
(237.606 26.2556 -11.8696)
(297.817 -0.0197132 0.0200742)
(263.069 18.1425 -2.70245)
(301.913 1.78875 13.846)
(295.905 -0.00863887 -0.0205416)
(239.101 18.9141 -32.5442)
(286.892 37.9525 -0.809574)
(286.668 0.711459 8.55807)
(295.118 -1.90161 -7.18391)
(287.404 -13.233 -6.2976)
(312.454 -7.16421 -12.016)
(297.029 6.91621 -1.20086)
(294.289 10.29 1.40971)
(309.429 2.19432 8.47173)
(278.478 -3.77269 -1.25743)
(253.911 24.2916 30.2703)
(285.348 4.62432 -0.819214)
(308.725 1.679 -17.9529)
(303.862 7.82699 2.77456)
(306.64 4.37804 -2.5073)
(305.049 3.5348 -15.122)
(237.315 21.8868 -20.6217)
(272.12 9.38599 15.4438)
(281.27 -0.0435488 -0.172523)
(256.676 13.8361 9.3354)
(305.204 -5.04075 4.01499)
(297.893 1.92079 -14.2778)
(290.514 5.56285 2.6497)
(296.506 5.51825 7.61038)
(224.089 28.3099 0.0661645)
(290.669 1.38519 1.54468)
(298.383 11.3145 -6.46873)
(274.156 -2.5859 -1.25016)
(292.66 7.7658 2.89205)
(254.441 20.4462 13.7788)
(272.402 -1.05864 -0.698311)
(323.227 -0.512278 13.5267)
(261.038 39.2107 3.38149)
(300.289 -2.62399 -3.71886)
(241.686 28.5491 -1.35006)
(298.642 -0.818368 0.0441707)
(294.917 -5.56069 1.33108)
(239.577 13.622 10.4463)
(276.765 4.62022 -2.60779)
(234.159 17.5122 11.8103)
(277.906 5.34125 -2.7296)
(251.721 19.5607 -1.42214)
(290.871 -3.33449 1.97739)
(284.535 0.115299 -2.77015)
(287.659 -12.6073 -0.111741)
(300.404 17.9341 12.2024)
(297.121 3.60648 10.622)
(296.332 4.17285 12.289)
(295.651 0.700018 -3.11782)
(250.534 16.1967 12.3794)
(310.595 -1.06033 -8.74894)
(286.466 -4.10601 4.44188)
(273.01 19.184 13.0342)
(277.242 8.72239 2.31439)
(295.008 1.07047 -2.13178)
(290.739 3.30043 1.31989)
(249.618 18.2024 0.0361502)
(296.276 -1.97675 -3.55032)
(298.716 -0.230782 -19.6011)
(303.918 -6.30216 3.13095)
(300.504 1.10385 5.61183)
(291.273 22.0006 10.1053)
(303.595 9.98124 -2.1777)
(298.576 1.94161 6.81541)
(269.101 28.5064 -4.06109)
(248.927 23.1856 -3.32668)
(246.079 18.2339 -5.62545)
(305.912 0.571067 -0.142393)
(303.543 10.1458 -12.5214)
(304.224 -2.97482 -1.66365)
(279.1 3.68257 -15.609)
(236.675 18.5979 -21.4605)
(293.636 0.0973759 -20.2621)
(317.552 -3.85626 21.3646)
(308.399 -5.38725 4.28925)
(295.982 6.89854 -15.886)
(291.464 0.228391 -3.30729)
(247.103 18.8894 -4.31652)
(301.744 0.972801 0.365477)
(264.518 0.59688 18.9343)
(270.061 -2.95352 0.913227)
(327.451 3.92535 11.7112)
(288.267 11.2989 8.60952)
(281.132 4.48656 0.903387)
(287.943 1.61614 1.33756)
(296.193 -6.83851 -5.47065)
(302.441 -0.0469785 0.00491338)
(296.701 -0.954159 0.52618)
(305.759 -1.59032 6.77973)
(303.109 7.46753 -19.5239)
(271.343 27.3136 -20.4726)
(279.706 8.84423 6.96969)
(284.653 0.0895443 -0.136859)
(317.768 1.34948 -12.984)
(275.489 19.1871 11.7614)
(285.267 -4.00622 -0.212476)
(299.143 -0.663369 0.320881)
(288.314 5.32639 -2.29161)
(286.245 0.943867 9.21381)
(273.38 0.23814 -0.0221688)
(280.296 23.7634 -8.28317)
(303.654 -0.0156996 -0.0132886)
(278.13 3.0212 2.2376)
(305.119 1.03045 -2.7904)
(309.863 -1.48432 -2.35607)
(316.809 1.53498 6.06763)
(306.608 2.47121 1.16472)
(325.088 -4.99578 7.06057)
(308.449 0.735851 6.69754)
(307.177 -4.84282 5.18626)
(324.716 2.77651 17.1714)
(303 4.5348 -4.22066)
(296.049 10.2006 7.82712)
(259.238 31.5635 2.72196)
(316.791 11.4093 1.56975)
(255.012 23.0134 22.3371)
(305.212 -8.97614 4.21059)
(298.281 -0.267201 -3.89172)
(295.53 4.32872 -5.28286)
(223.14 28.1035 -27.6272)
(314.901 7.55844 4.81386)
(292.087 16.0593 -3.32034)
(319.229 -3.20849 11.1592)
(274.424 11.7306 9.90856)
(311.573 0.164952 9.33274)
(241.437 19.1409 -8.64833)
(303.136 2.89356 1.51997)
(272.501 13.5248 11.4909)
(314.828 -12.5932 -2.91387)
(279.894 3.66737 14.2686)
(297.207 0.63843 -1.01798)
(312.394 -1.55239 7.37478)
(312.5 2.24521 -16.8895)
(306.29 2.18486 -15.9526)
(311.608 4.61096 -0.776389)
(298.858 1.58384 -6.18703)
(289.558 4.88259 7.27306)
(307.668 0.795588 1.01358)
(257.932 30.9892 7.21554)
(306.62 1.94706 -9.96069)
(248.775 9.30842 -4.39575)
(238.269 28.251 11.7241)
(262.619 15.4647 0.819164)
(272.397 7.3203 -2.34603)
(300.682 -2.99166 -4.24862)
(260.068 26.8543 38.4739)
(302.204 6.33969 20.5075)
(307.233 -0.469325 0.228995)
(269.632 6.83192 1.24713)
(305.065 -8.00293 1.92475)
(282.971 12.3043 7.07331)
(306.322 3.2197 -2.29992)
(310.156 0.609112 1.71593)
(240.868 30.8529 -15.0589)
(300.566 -3.7924 -9.68868)
(245.594 19.2792 0.785025)
(289.721 10.5073 10.0888)
(297.413 0.106901 -9.24487)
(284.371 -2.43177 14.5428)
(317.136 -7.14299 -11.6901)
(297.847 1.2634 27.9631)
(308.409 0.201663 -0.00296198)
(297.135 8.69835 1.6056)
(301.84 8.50268 1.76341)
(300 -0.371248 -1.54517)
(232.664 26.767 -0.316477)
(292.587 -0.58497 2.24967)
(314.922 1.20854 -2.64167)
(296.389 -3.87469 -1.83748)
(260.278 2.77288 -6.42606)
(291.578 4.94193 -4.57288)
(306.446 -7.17833 -5.54128)
(320.316 -4.78205 31.6344)
(306.446 8.55608 0.791941)
(272.092 34.2867 -4.88569)
(324.619 31.3547 -0.668396)
(302.924 2.0824 -2.49776)
(312.835 -2.26536 -13.7868)
(308.596 7.17332 -6.48781)
(278.684 15.8824 -5.5629)
(281.184 1.11467 -8.21152)
(294.249 3.11348 4.9267)
(246.923 22.8501 -8.33078)
(218.673 33.6251 0.0785912)
(290.624 -3.19798 12.0728)
(304.826 0.816271 -3.65658)
(304.556 -7.5998 -0.67702)
(330.573 -3.30739 -25.4142)
(308.013 1.54788 0.588161)
(309.696 6.25761 6.16967)
(300.775 7.62982 -5.60164)
(284.798 4.79281 -0.18067)
(273.153 9.46633 2.5275)
(291.853 10.7984 7.31215)
(303.55 -2.89703 1.49855)
(309.651 -1.06569 -3.89627)
(301.226 -1.14532 -0.141931)
(295.086 -8.03579 -9.5866)
(306.464 -0.15607 -0.0379021)
(307.18 11.464 27.9884)
(304.935 -1.7333 2.13987)
(310.039 0.96287 1.55124)
(310.674 0.0259567 -0.00575761)
(299.024 7.88983 -10.1627)
(295.531 2.58733 -2.84512)
(308.579 2.01028 -3.33781)
(304.947 -4.09406 -4.48861)
(270.205 -11.8547 -0.105594)
(308.412 -4.89336 -0.901406)
(290.912 13.7137 -14.0993)
(306.126 -6.58007 1.57008)
(282.666 20.3593 6.44346)
(290.6 21.8811 -22.4023)
(310.971 0.141554 0.910831)
(285.274 4.15227 1.95758)
(299.925 8.25908 12.3309)
(286.152 17.2268 -1.21754)
(272.397 15.9246 8.60607)
(326.468 -6.48034 -7.92668)
(257.891 16.309 11.236)
(311.159 -2.19138 -0.0152123)
(274.114 10.5217 -19.2061)
(309.774 -13.6019 -2.79845)
(313.876 0.406825 5.92995)
(296.991 9.08271 -3.09383)
(313.448 2.58703 10.3545)
(305.185 -13.7779 -2.83619)
(306.512 8.04981 -5.51456)
(315.174 5.2814 12.2045)
(331.704 -2.98781 -36.6515)
(315.503 0.285363 0.767733)
(307.67 9.89448 3.50538)
(318.421 10.4148 16.4553)
(325.535 5.50867 13.928)
(299.943 11.7816 11.3602)
(304.978 -0.236087 -1.83512)
(317.21 5.75371 6.41189)
(309.965 1.97428 -7.74713)
(275.175 13.3175 4.36691)
(261.266 20.9581 -11.054)
(310.997 2.52057 1.01605)
(307.043 -1.62457 -0.240782)
(320.492 -2.20932 -0.452243)
(319.23 7.05012 -9.02911)
(323.852 -19.1637 4.24479)
(315.705 -1.55808 1.66893)
(310.024 7.07352 22.9107)
(265.334 17.777 12.3127)
(307.647 -0.224372 -1.81664)
(273.448 17.2241 -2.02848)
(283.211 -6.52335 -0.587607)
(310.247 1.62004 -6.77345)
(311.273 9.32468 -3.76016)
(316.874 13.9935 10.4179)
(304.412 -2.29289 11.9191)
(295.387 9.30214 -1.68004)
(253.042 22.2176 -0.168064)
(321.784 0.187382 -4.36773)
(316.072 1.3633 -0.114607)
(310.584 6.51493 -3.36367)
)


// ************************************************************************* //
