221.316
326.55
272.787
327.983
324.127
324.614
328.156
327.102
306.556
327.353
328.809
306.556
325.485
311.531
160.181
314.273
323.799
327.209
329.642
329.334
298.547
327.496
300.7
218.563
316.62
222.335
328.027
304.594
328.277
179.998
128.274
329.892
330.082
128.274
307.984
326.932
330.418
330.427
323.19
330.521
330.539
330.746
298.173
202.981
317.759
326.067
318.704
262.664
262.664
327.17
327.17
332.27
332.497
331.582
307.713
333.488
310.512
334.624
595.199
599.468
595.641
595.391
598.356
595.012
593.803
595.199
593.06
592.596
589.889
589.926
589.379
588.329
587.975
586.448
586.878
585.827
570.503
575.769
584.912
584.938
579.714
578.735
577.103
581.768
582.234
574.218
581.552
575.756
575.567
573.592
576.006
579.209
574.89
578.857
577.597
575.856
576
576.418
577.231
578.335
576.166
578.007
577.475
575.911
576.668
576.917
577.028
576.237
576.786
576.856
576.514
576.958
576.554
576.684
576.641
576.778
576.654
576.735
576.813
576.763
576.742
576.749
576.818
576.783
576.792
576.789
576.773
605.378
603.284
604.507
601.308
600.062
603.22
608.89
600.007
601.905
598.746
599.813
599.813
597.359
599.251
597.359
600.166
601.14
604.305
601.531
607.242
601.897
602.239
604.665
600.339
599.444
607.887
600.721
604.953
599.769
598.5
599.902
606.08
599.906
608.066
607.265
599.873
598.705
608.467
601.951
606.141
603.387
605.839
600.272
604.067
599.472
601.039
598.302
597.384
599.611
605.797
599.832
597.67
603.153
598.177
601.492
601.886
599.653
531.633
592.768
551.711
570.934
275.293
589.982
431.72
439.952
446.495
449.53
435.678
465.552
472.881
476.054
478.785
534.44
484.368
498.745
497.05
507.672
543.178
536.576
552.933
547.031
558.677
544.096
548.801
569.093
570.134
561.328
569.532
578.915
575.955
574.048
575.35
588.642
589.842
586.089
584.899
589.842
583.02
591.42
585.362
594.013
601.577
592.174
592.586
591.179
591.383
592.501
597.644
601.577
595.808
601.775
600.924
595.089
599.538
6.05661
335.301
313.307
334.945
32.2847
327.059
316.21
335.81
336.93
329.334
319.333
319.333
341.034
341.742
342.861
326.597
349.343
143.429
351.634
353.112
351.284
361.883
356.472
369.839
381.145
380.182
377.337
383.241
381.761
390.847
390.597
392.794
396.098
397.591
246.143
403.884
372.69
401.752
414.932
7.09894
29.8231
4.40176
29.929
37.5935
93.2252
73.8919
95.5596
49.5
30.1897
30.1897
20.0994
133.983
13.6733
87.5703
241.776
191.939
164.336
114.001
30.9485
299.87
24.8921
309.185
40.4924
74.4184
269.29
302.261
223.224
54.6247
276.443
276.443
276.443
6.46314
227.044
294.461
227.044
2.4815
253.355
318.901
25.3115
58.5159
13.093
319.632
234.672
257.133
234.672
316.127
299.713
320.32
264.542
12.8465
311.771
286.353
185.278
286.353
268.162
214.174
289.399
2.82145
304.296
313.228
306.34
319.021
322.133
7.64067
249.905
47.0395
137.068
221.681
308.224
66.2263
253.701
278.604
253.701
253.701
7.37165
225.456
309.954
257.479
300.129
318.711
285.133
285.133
172.507
285.133
323.865
285.133
288.233
206.533
20.2271
264.944
314.296
264.944
319.502
210.151
304.583
119.991
240.691
73.1344
213.8
291.213
320.214
294.06
213.8
294.06
308.452
217.48
248.345
310.176
185.804
310.176
310.176
321.437
296.766
9.16216
189.219
279.192
157.878
221.194
321.961
311.763
160.952
192.677
164.063
303.97
196.181
109.006
320.75
135.922
232.532
306.057
263.472
170.399
111.34
170.399
170.399
210.655
321.372
236.367
267.161
206.967
214.388
294.639
309.768
244.099
325.01
318.797
322.448
297.303
274.348
152.969
311.403
152.969
32.5733
120.99
312.897
152.969
277.822
319.623
322.914
155.964
324.535
221.979
33.7674
284.464
304.347
325.696
225.827
287.609
306.382
308.268
233.607
324.063
194.006
290.623
267.119
322.204
267.119
326.46
237.526
311.61
323.149
208.579
325.956
208.579
241.456
108.823
212.344
18.162
212.344
301.214
277.915
245.389
212.344
145.099
284.589
257.109
185.261
326.482
326.769
317.819
317.819
188.785
325.14
192.361
227.815
318.759
326.263
154.007
327.119
296.292
326.263
325.619
326.41
199.668
207.168
239.705
315.228
166.627
303.462
326.815
210.986
282.433
282.433
326.94
251.598
133.946
173.263
173.263
214.843
100.417
325.591
327.062
288.697
259.385
326.089
327.488
263.197
142.467
326.314
312.456
327.061
270.594
327.88
315.162
322.284
322.284
194.47
301.797
316.354
317.449
32.8337
305.992
198.185
318.454
201.944
327.45
246.511
328.228
307.876
250.446
327.614
328.297
324.801
327.21
327.21
295.565
314.114
325.925
1.29811
1.34188
4.70886
2.47954
3.11294
1.92925
3.14064
3.63632
23.6674
68.9082
53.4493
114.661
40.3461
53.4493
46.266
61.242
114.661
41.6839
79.6986
114.661
41.1634
147.739
134.234
10.7316
134.234
108.432
132.457
53.4493
54.0486
25.6849
136.432
134.234
134.234
129.617
138.574
132.36
138.574
114.01
64.7279
76.0469
114.01
32.1508
147.739
145.555
162.9
103.008
123.048
147.739
150.253
145.014
124.354
65.6805
152.594
65.6805
149.547
150.253
113.147
157.645
157.645
138.809
63.8151
123.048
58.0562
126.273
157.645
162.9
129.607
48.8175
42.5685
9.54649
104.63
159.125
154.251
154.251
129.607
142.737
154.504
74.7573
104.63
6.31256
76.0469
69.9171
95.0374
174.01
159.154
129.607
179.862
109.512
140.243
179.862
163.934
174.721
159.154
140.243
91.1756
185.9
129.607
174.721
22.7878
180.214
95.0374
194.452
9.03725
198.474
88.431
173.85
198.474
173.85
164.09
16.7597
120.356
76.2725
191.537
204.95
211.498
204.95
18.6242
211.498
211.498
218.069
106.055
63.2164
224.616
159.969
64.2037
203.131
182.753
129.441
164.17
219.543
73.5747
164.17
33.3958
45.2341
63.2164
224.616
148.813
168.441
231.093
29.0722
148.813
187.541
98.3325
214.748
168.441
132.638
220.487
5.59111
231.093
168.441
220.487
22.6377
33.5402
205.214
90.2708
172.771
205.214
98.3325
113.646
126.327
100.533
90.2708
243.645
116.34
197.177
119.118
156.442
237.919
6.69017
231.684
66.2911
56.2236
66.2911
249.635
181.552
231.684
164.312
206.81
67.3906
255.387
11.8179
237.102
255.387
39.9865
164.312
206.81
33.9643
127.964
127.964
254.806
149.78
211.587
230.914
110.152
247.538
266.133
112.776
194.85
194.85
266.133
252.545
235.84
240.667
265.034
172.362
199.278
275.84
240.667
275.84
22.1399
190.414
280.298
160.889
160.889
7.75879
115.491
245.386
249.988
72.2145
208.073
184.654
34.5049
280.298
284.498
140.954
164.704
140.954
188.784
60.3635
188.784
284.498
188.784
22.0321
188.784
91.2755
168.567
188.784
121.195
144.394
270.995
121.195
168.567
258.828
95.3999
292.127
197.064
243.376
201.206
295.521
201.206
247.621
282.916
225.251
76.389
293.733
201.206
42.5247
296.82
205.347
79.5166
271.122
29.4162
233.628
303.935
158.699
233.628
162.365
289.833
289.833
102.273
302.224
241.885
241.885
192.19
263.793
241.885
267.636
54.3904
267.636
221.795
221.795
69.3485
146.99
308.54
177.15
291.705
177.15
112.773
177.15
313.013
56.1388
153.89
9.55978
112.773
112.773
233.877
294.588
153.89
278.621
207.842
157.366
313.096
261.785
57.1014
157.366
115.62
211.709
184.55
282.07
22.6893
22.6893
40.9447
25.1309
40.9447
31.0973
45.7999
33.5052
49.2692
46.1041
31.0973
36.1718
40.9447
23.9627
52.9427
52.4482
52.4482
51.5086
46.1041
52.7245
46.1041
52.9427
53.4187
52.9641
53.3892
53.8725
46.9553
53.8725
52.3153
54.7782
47.2626
53.1595
31.1416
54.3203
41.8913
54.9736
52.3153
33.8079
39.4633
54.0477
55.2602
39.0665
50.449
53.6222
46.9553
34.1578
17.7906
36.7802
55.2602
54.2822
54.9736
55.2602
55.2602
53.8239
55.7774
33.9659
29.1805
55.7774
47.5991
46.0302
56.3397
55.3113
46.0302
55.8987
58.0324
58.3607
56.954
53.5748
56.954
57.3074
40.6957
49.9153
54.1973
41.0871
57.3074
58.3607
57.626
43.8509
50.5164
58.0108
59.1621
32.3659
59.1621
56.696
58.8447
25.9566
41.0871
60.034
59.7476
54.7642
60.9791
52.5917
57.2675
61.9999
30.6425
45.8603
60.9791
59.2692
22.4795
49.3002
60.722
59.2692
60.722
60.6164
61.9999
22.4795
61.3303
60.034
34.0515
55.5974
57.4517
50.7182
43.965
63.8745
48.4661
64.2828
62.4764
63.8745
61.3303
64.2828
43.4057
37.7376
64.1087
65.5521
64.1087
65.126
56.135
56.135
66.9102
64.1087
26.4379
66.9102
67.8945
65.021
24.7608
31.1401
68.3581
41.9756
65.4051
66.7896
68.3581
39.9982
60.7924
67.9071
24.9658
46.7672
71.5132
68.2616
62.1511
51.0616
65.2997
71.0109
68.2616
71.5132
71.5132
63.4146
71.4451
63.4146
72.6851
73.2067
72.6851
74.4227
44.8706
60.8357
74.9641
39.9982
71.0855
23.6978
66.2715
73.1369
69.8574
58.8803
54.1212
72.7544
31.0493
78.6328
63.4911
78.0492
26.1386
80.5341
78.6328
78.6328
69.2459
78.4872
78.4872
73.0873
78.4872
78.4872
80.5341
74.7356
66.1957
78.4872
80.5341
81.8489
62.4654
80.3485
81.8489
81.8489
81.8489
82.2575
35.0494
35.4235
76.41
72.2739
58.255
63.6523
63.6523
86.5685
78.122
64.8479
85.8726
48.554
88.7393
88.0067
88.7393
83.5548
54.6267
86.2789
77.032
88.7393
88.7393
79.8866
90.2461
77.032
91.0197
92.6075
91.0197
45.3932
61.3318
88.4252
91.0197
91.0197
50.647
93.4265
87.6679
87.6679
80.5025
36.8479
95.9741
80.5025
74.7282
95.9741
95.5908
93.0687
85.6412
95.1054
95.5908
63.514
87.7556
87.7556
64.67
84.3181
78.0021
89.9824
101.535
101.535
101.535
79.7558
47.1763
47.1763
101.535
60.1732
104.56
103.512
92.3243
86.3696
104.56
74.3477
104.56
94.78
94.78
67.1222
107.748
107.748
106.63
30.6513
107.748
68.4126
48.4355
15.9069
100.034
21.0472
109.903
75.9315
90.7544
114.601
43.5332
62.2623
105.882
114.601
95.4868
23.5869
118.254
56.1678
64.4381
89.5999
122.047
122.047
80.9843
120.594
122.047
18.6605
57.864
125.976
124.423
120.866
125.976
31.5595
125.976
45.3931
103.098
128.377
111.587
1.29949
1.29803
1.30159
1.30234
1.98817
15.5585
12.7599
2.85106
1.31394
8.91758
4.67267
5.44407
2.83759
1.30708
1.33406
2.19241
11.6992
9.88302
7.04292
9.21577
11.6126
2.56486
4.6291
5.29961
13.3304
9.77671
5.24685
13.3237
15.1545
13.3541
13.296
16.968
15.0424
13.2082