422.431
505.741
464.392
506.742
503.921
504.253
506.838
506.087
490.527
506.243
507.263
490.527
504.84
494.203
369.853
496.212
503.413
505.966
507.626
507.454
484.069
506.147
485.677
420.032
497.92
423.172
506.477
488.573
506.628
387.303
342.14
507.734
507.801
342.14
491.072
505.513
507.949
507.961
502.567
508.002
507.974
508.069
482.942
406.969
498.029
504.431
498.659
455.277
455.319
505.087
505.087
508.728
508.831
508.071
489.482
509.247
491.241
509.659
592.337
593.301
592.758
591.824
592.748
591.728
591.375
592.337
591.307
591.815
590.254
590.263
590.109
589.865
589.713
589.929
589.408
589.117
586.047
586.655
588.85
588.864
587.448
587.159
587.059
587.966
588.101
586.166
587.914
586.28
586.226
585.921
586.37
587.247
586.836
587.148
586.788
586.961
586.352
586.453
586.685
587.002
586.396
586.909
586.757
586.369
586.527
586.599
586.631
586.444
586.561
586.582
586.492
586.612
586.892
586.534
586.525
586.561
586.842
586.549
586.571
586.557
586.572
586.708
586.574
586.563
586.566
586.566
586.56
596.629
595.996
596.36
594.585
593.5
595.111
597.828
593.308
593.986
592.811
593.126
593.126
592.385
592.944
592.385
593.185
593.475
594.638
593.578
595.8
593.676
593.767
594.74
593.182
592.931
596.543
593.289
594.656
593.023
592.668
593.062
595.17
593.062
596.643
595.816
593.052
592.723
597.852
593.65
595.228
594.103
595.152
593.17
594.365
592.945
593.404
592.616
592.359
592.997
595.422
593.071
592.443
594.39
592.609
593.903
594.294
593.213
576.864
593.056
582.209
587.268
446.446
592.307
544.822
547.542
548.874
550.747
545.74
555.559
557.559
558.928
559.734
576.029
561.148
565.288
564.685
567.77
578.245
576.004
581.074
579.102
582.471
578.005
579.364
586.029
585.561
582.761
584.997
587.907
586.723
586.157
586.494
591.184
590.982
589.562
589.145
590.982
588.576
591.217
589.194
592.611
595.509
591.078
591.159
590.749
590.791
591.108
592.872
595.509
592.011
595.531
594.497
591.786
593.366
234.407
509.924
492.906
509.802
259.782
503.555
494.545
509.955
510.571
504.697
496.219
496.219
512.299
512.432
512.949
499.885
516.127
357.383
516.395
516.54
514.46
520.354
516.622
523.356
527.526
526.996
525.101
528.143
525.293
530.897
530.885
531.638
532.824
533.223
430.288
535.512
514.134
533.71
539.259
234.574
257.334
230.686
257.422
264.18
313.695
297.313
316.305
274.33
261.934
257.604
248.658
348.112
242.891
307.023
441.834
399.199
374.848
330.051
258.023
487.882
252.537
494.705
266.046
294.752
464.155
489.562
426.072
278.101
469.615
469.615
469.615
236.214
429.235
483.519
429.235
229.978
451.103
501.544
252.558
280.686
242.414
502.016
435.535
454.118
435.535
499.392
487.313
502.441
460.007
242.14
496.153
477.125
392.499
477.125
462.868
417.838
479.421
231.687
490.609
497.15
492.076
501.264
503.489
237.664
447.979
270.232
349.362
424.108
493.426
286.434
451.037
471.027
451.037
451.037
237.43
427.254
494.666
454.061
487.435
500.902
476.033
476.033
380.857
476.033
504.482
476.033
478.382
410.708
247.601
459.983
497.774
459.983
501.452
413.816
490.714
333.668
439.875
292.002
416.946
480.622
501.949
482.745
416.946
482.745
493.521
420.096
446.154
494.757
392.467
494.757
494.757
502.805
484.748
238.407
395.445
471.081
367.487
423.265
503.172
495.887
370.209
398.455
372.931
490.022
401.497
323.434
502.304
347.647
432.857
491.537
458.4
378.518
325.494
378.518
378.518
413.98
502.727
436.07
461.346
410.814
417.172
482.829
494.219
442.485
505.28
500.819
503.455
484.828
467.032
362.847
495.397
362.847
258.968
334.077
496.473
362.847
469.752
501.392
503.768
365.52
504.928
423.626
256.73
474.902
490.079
505.727
426.879
477.315
491.585
492.974
433.412
504.538
399.284
479.612
461.074
503.186
461.074
506.222
436.681
495.422
503.849
411.952
505.827
411.952
439.941
323.108
415.194
243.14
415.194
487.562
469.526
443.185
415.194
355.733
474.677
452.735
391.481
506.147
506.332
499.901
499.901
394.571
505.212
397.698
428.35
500.569
505.984
363.695
506.529
483.578
505.984
505.524
506.073
404.056
410.537
438.259
497.839
374.966
488.949
506.308
413.815
472.711
472.711
506.377
447.982
345.829
380.859
380.859
417.112
315.801
505.408
506.443
477.515
454.242
505.722
506.688
457.277
353.513
505.863
495.591
506.387
463.112
506.882
497.561
502.877
502.877
399.477
487.392
498.425
499.216
255.862
490.512
402.698
499.938
405.946
506.532
443.504
507.028
491.907
446.69
506.623
507.057
504.599
506.294
506.294
482.303
496.484
505.338
219.352
219.723
226.258
223.397
222.913
222.384
221.399
222.738
247.711
296.207
280.215
343.109
266.379
280.212
270.493
288.247
343.109
268.08
306.999
343.109
267.393
374.358
363.131
232.631
363.131
336.26
361.302
280.212
280.82
250.885
363.807
363.131
363.131
356.98
366.738
360.427
366.738
340.926
291.526
302.6
340.926
257.973
374.358
372.18
386.914
330.031
348.422
374.358
376.059
370.907
350.697
292.39
378.369
292.39
374.624
376.059
338.506
382.517
382.517
363.093
291.368
348.422
284.683
351.057
382.517
386.792
353.759
275.493
269.125
232.598
329.71
382.371
378.445
378.445
353.759
366.163
377.269
302.082
329.806
228.177
302.731
296.068
320.06
395.71
380.957
353.759
400.336
333.691
362.282
400.336
384.719
394.697
380.957
362.282
317.778
405.055
354.055
394.697
248.781
398.961
320.063
411.072
232.564
414.714
312.902
392.446
414.714
392.446
383.018
241.941
342.397
301.323
407.648
419.615
424.531
419.615
244.187
424.531
424.531
429.439
328.969
289.117
434.311
377.829
289.933
416.448
397.527
349.64
381.121
429.958
299.639
381.121
259.918
271.717
289.119
434.311
367.021
384.465
439.119
255.551
367.021
401.243
320.898
425.226
384.465
352.198
429.561
228.239
439.119
384.465
429.561
248.9
260.094
416.534
314.389
387.856
416.534
320.899
335.084
347.155
322.68
315.496
448.428
337.239
408.723
339.483
373.071
443.675
230.328
438.042
291.653
282.07
291.955
452.875
394.754
438.042
379.352
416.208
292.559
457.153
237.155
442.155
457.153
266.499
379.352
416.208
260.642
346.652
346.652
456.321
366.022
419.93
436.263
330.496
450.055
465.113
332.63
405.283
405.283
465.113
453.819
440.033
443.725
463.914
385.823
408.812
472.182
443.725
472.182
249.056
401.785
475.361
375.043
375.043
232.501
334.865
447.328
450.838
296.692
415.851
395.775
261.332
475.361
478.301
357.196
378.143
357.196
399.13
285.567
399.13
478.301
399.13
249.069
399.13
313.549
381.278
399.13
339.476
359.99
467.457
339.476
381.278
457.558
316.91
483.476
405.857
444.849
409.217
485.728
409.217
448.177
476.062
429.675
299.97
484.182
409.217
268.981
486.282
412.567
302.518
466.819
256.737
436.384
491.286
371.649
436.384
374.653
480.995
480.995
322.504
489.954
442.924
442.924
400.492
460.742
442.924
463.677
279.641
463.677
425.805
425.805
292.877
360.51
494.298
386.862
482.046
384.806
330.939
386.862
497.42
281.018
366.187
236.83
330.939
330.939
435.5
484.125
366.187
471.926
413.34
369.058
497.509
458.391
281.769
369.058
333.234
416.534
393.023
474.473
242.913
242.913
269.431
247.659
269.298
257.12
276.429
259.767
281.748
277.633
257.121
263.923
269.457
245.378
287.375
286.496
286.478
285.234
277.193
288.064
277.215
287.189
288.135
287.617
288.562
288.99
279.378
289.012
287.749
290.851
280.628
288.555
257.892
289.967
272.72
291.404
286.992
261.616
269.573
289.548
292.114
268.423
284.276
289.828
279.364
262.631
237.9
266.004
291.832
290.381
291.405
292.216
291.954
289.427
292.752
262.061
255.736
292.748
280.869
279.159
293.765
292.233
279.593
293.24
296.217
296.711
294.685
289.862
294.686
295.231
271.864
284.671
290.902
272.356
295.236
296.673
295.705
276.236
285.401
296.859
297.713
260.343
298.005
294.24
297.058
251.645
272.641
299.017
298.564
291.008
299.833
287.772
294.411
300.93
258.002
278.66
299.833
297.151
246.975
283.314
299.155
297.145
299.155
299.895
301.138
247.042
299.294
299.508
262.456
292.028
293.72
284.823
275.756
302.815
281.287
303.278
300.411
302.727
299.277
304.33
275.085
267.133
302.595
304.533
302.594
303.958
291.373
291.228
305.816
302.686
252.281
305.831
306.559
303.005
249.947
255.227
307.17
272.392
303.82
305.108
307.17
268.857
296.772
305.352
250.076
278.056
310.018
306.444
295.704
283.902
302.228
309.365
306.637
310.018
310.018
298.989
309.237
299.473
310.838
311.514
310.838
312.371
274.476
295.163
313.072
268.895
308.284
248.043
301.634
310.718
305.844
291.757
285.883
309.516
257.039
316.326
297.278
315.574
253.68
318.027
316.326
316.341
303.809
315.408
315.408
308.604
315.586
315.408
318.027
310.028
299.528
315.409
318.033
318.306
294.51
317.074
318.981
318.981
318.994
318.786
261.555
261.84
311.494
306.407
289.079
295.483
295.762
323.492
314.06
296.542
323.318
277.562
325.441
324.528
325.476
319.04
284.213
322.683
310.571
325.441
325.442
315.691
326.519
311.395
327.471
328.583
327.471
273.085
291.725
324.292
327.471
327.472
279.335
329.576
322.694
322.644
313.561
263.18
331.775
313.561
306.867
331.775
330.445
328.315
319.585
330.736
330.92
293.667
321.342
321.356
294.562
316.753
309.606
323.192
336.452
336.452
336.452
311.039
274.604
274.84
336.452
288.895
338.942
337.746
325.106
318.686
338.942
305.186
338.942
327.094
327.094
296.579
341.543
341.543
340.288
255.701
341.543
297.622
275.66
234.236
332.926
244.44
342.934
305.824
321.96
347.087
270.082
291.144
337.644
347.087
325.727
247.313
350.038
283.854
292.392
318.922
353.117
353.117
309.868
351.57
353.117
241.541
285.202
356.322
354.688
350.96
356.322
256.644
356.322
271.812
331.854
357.933
340.586
219.076
219.012
219.01
219.069
219.086
229.919
228.403
219.141
219.225
227.382
222.41
221.91
220.236
219.383
219.452
219.748
232.396
221.507
226.427
227.08
232.422
220.296
222.457
224.082
234.675
230.222
224.112
234.798
230.006
234.823
233.471
239.397
236.809
234.929