/*--------------------------------*- C++ -*----------------------------------*\
  =========                 |
  \\      /  F ield         | OpenFOAM: The Open Source CFD Toolbox
   \\    /   O peration     | Website:  https://openfoam.org
    \\  /    A nd           | Version:  7
     \\/     M anipulation  |
\*---------------------------------------------------------------------------*/
FoamFile
{
    version     2.0;
    format      ascii;
    class       vectorField;
    location    "0.7/lagrangian/reactingCloud1";
    object      coordinates;
}
// * * * * * * * * * * * * * * * * * * * * * * * * * * * * * * * * * * * * * //


2449
(
(-1.0458 0.408926 1.0842e-19)
(-1.05449 0.319446 -7.42213e-20)
(-1.07055 0.305251 -1.0842e-19)
(-1.08754 0.236403 0)
(-1.09212 0.369696 -2.1684e-19)
(-1.10897 0.360029 -4.06576e-20)
(-1.13231 0.204732 -2.71051e-20)
(-1.13734 0.368866 2.1684e-19)
(-1.15494 0.352003 -2.71051e-20)
(-1.17595 0.243604 5.42101e-20)
(-1.19499 0.132723 5.42101e-20)
(-1.205 0.299904 5.42101e-20)
(-1.22021 0.378177 -1.21973e-19)
(-1.24484 0.0502793 -2.03288e-20)
(-1.25551 0.285726 2.1684e-19)
(-1.27174 0.262372 0)
(-1.29032 0.18175 1.0842e-19)
(-1.30419 0.263698 0)
(-1.31864 0.33865 9.48677e-20)
(-1.3327 0.370049 0)
(-1.35039 0.334021 2.71051e-20)
(-1.36717 0.220966 -1.0842e-19)
(-1.38591 0.140539 0)
(-1.40141 0.216716 -1.0842e-19)
(-1.41617 0.261707 2.1684e-19)
(-1.432 0.209643 0)
(-1.44852 0.3148 -1.0842e-19)
(-1.44781 0.369713 -2.1684e-19)
(-1.46281 0.328245 -1.0842e-19)
(-1.47961 0.27195 -1.0842e-19)
(-1.49681 0.355346 0)
(-1.51227 0.134812 -2.71051e-20)
(-1.53011 0.250051 0)
(-1.54279 0.343118 2.1684e-19)
(-1.56157 0.325929 0)
(-1.57635 0.268702 -1.0842e-19)
(-1.59398 0.251996 0)
(-1.60954 0.332696 2.1684e-19)
(-1.62351 0.075326 2.71051e-20)
(-1.64143 0.0725776 -2.71051e-20)
(-1.65871 0.28925 0)
(-1.67489 0.235115 5.42101e-20)
(-0.873675 0.466704 1.0842e-19)
(-0.531283 0.410999 -4.33681e-19)
(-0.822038 0.473908 0)
(-0.391118 0.412487 6.77626e-20)
(-0.378938 0.414621 3.25261e-19)
(-0.53847 0.456832 0)
(-0.462291 0.422995 2.71051e-20)
(-0.321166 0.348511 0)
(-0.323077 0.335419 -1.0842e-19)
(-0.315136 0.289298 0)
(-0.364516 0.341418 0)
(-0.365967 0.318679 -1.0842e-19)
(-0.34681 0.219306 -1.35525e-20)
(-0.421267 0.378644 -6.77626e-21)
(-0.453475 0.402296 2.1684e-19)
(-0.410235 0.307571 0)
(-0.40467 0.244473 -1.0842e-19)
(-0.455782 0.371907 -1.0842e-19)
(-0.450194 0.326715 0)
(-0.464123 0.333622 -2.1684e-19)
(-0.453365 0.234582 0)
(-0.535908 0.409879 0)
(-0.450458 0.108017 -5.42101e-20)
(-0.483126 0.187209 -2.71051e-20)
(-0.496773 0.201344 0)
(-0.540942 0.378891 -1.0842e-19)
(-0.531027 0.281274 1.0842e-19)
(-0.538078 0.251699 0)
(-0.597004 0.413868 -3.79471e-19)
(-0.600478 0.404822 1.35525e-19)
(-0.5486 0.0802248 -2.71051e-20)
(-0.656612 0.438499 -3.08108e-20)
(-0.622544 0.415419 -1.0842e-19)
(-0.627727 0.329586 -4.33681e-19)
(-0.599614 0.105096 0)
(-0.629609 0.217132 0)
(-0.636868 0.385882 5.42101e-20)
(-0.660426 0.41053 0)
(-0.678835 0.389899 5.42101e-20)
(-0.671697 0.178075 0)
(-0.700032 0.390147 2.1684e-19)
(-0.707692 0.362052 -1.0842e-19)
(-0.723726 0.405816 0)
(-0.732786 0.387993 0)
(-0.733871 0.2734 -1.35525e-20)
(-0.748682 0.352696 0)
(-0.760162 0.342524 -5.42101e-20)
(-0.768321 0.235796 -1.0842e-19)
(-0.787907 0.390527 -1.0842e-19)
(-0.817396 0.430082 -2.1684e-19)
(-0.804252 0.315394 -5.42101e-20)
(-0.827698 0.3051 0)
(-0.813862 0.0377369 0)
(-0.837769 0.234871 -5.42101e-20)
(-0.849709 0.239864 5.42101e-20)
(-0.861587 0.237189 -1.0842e-19)
(-0.886445 0.174155 -5.42101e-20)
(-0.875397 0.133969 -8.13152e-20)
(-0.900105 0.256232 -5.42101e-20)
(-0.924016 0.366598 -5.42101e-20)
(-0.94599 0.42422 -2.1684e-19)
(-0.950536 0.235589 -5.42101e-20)
(-0.940609 0.146848 -3.38813e-21)
(-0.972568 0.341371 0)
(-0.986103 0.340562 0)
(-1.00342 0.251572 1.35525e-19)
(-1.02151 0.422715 -1.0842e-19)
(-1.01768 0.256999 1.0842e-19)
(-1.03121 0.379741 1.0842e-19)
(0.0940742 0.243534 -2.71051e-19)
(0.0319444 0.249272 6.60686e-20)
(0.0503833 0.170975 -3.38813e-20)
(0.0215583 0.203751 1.69407e-21)
(0.0132937 0.232687 -1.0842e-19)
(0.00514392 0.259039 2.71051e-20)
(-0.0176192 0.267332 1.0842e-19)
(-0.0178745 0.162736 5.42101e-20)
(-0.0834776 0.274778 0)
(-0.0917755 0.27101 0)
(-0.125621 0.157682 0)
(-0.134839 0.175043 0)
(-0.157164 0.250221 0)
(-0.168486 0.288408 0)
(-0.172795 0.177274 2.71051e-20)
(-0.190821 0.248913 0)
(-0.201342 0.207042 1.35525e-20)
(-0.199938 0.0618613 5.42101e-20)
(-0.231864 0.346954 0)
(-0.2361 0.327906 8.80914e-20)
(-0.235984 0.247026 -5.42101e-20)
(-0.277285 0.122907 5.42101e-20)
(-0.292312 0.363082 -1.0842e-19)
(0.578345 0.181765 5.42101e-20)
(0.484829 0.212667 0)
(0.385405 0.138453 0)
(0.327831 0.157141 0)
(0.312756 0.236305 0)
(0.255763 0.155887 -1.0842e-19)
(0.252491 0.0448813 -1.35525e-20)
(0.223461 0.252931 0)
(0.202654 0.244637 0)
(0.173033 0.291931 -5.42101e-20)
(0.175716 0.237261 1.0842e-19)
(1.19478 0.118736 0)
(1.20894 0.198525 8.13152e-20)
(1.14111 0.266171 5.42101e-20)
(1.18839 0.23403 0)
(1.16424 0.176974 -1.35525e-20)
(1.05584 0.115224 2.71051e-20)
(1.04732 0.183898 0)
(1.00135 0.121141 0)
(0.930878 0.225502 0)
(0.871572 0.262482 -1.0842e-19)
(0.696192 0.175751 5.42101e-20)
(0.648551 0.22009 -1.0842e-19)
(0.637181 0.242983 0)
(0.612727 0.116634 0)
(0.625333 0.252674 0)
(0.625564 0.137748 -5.42101e-20)
(0.617474 0.202096 -1.0842e-19)
(2.04817 0.394025 0)
(2.09214 0.125335 5.42101e-20)
(1.9736 0.148958 1.35525e-20)
(1.96691 0.189985 -2.71051e-20)
(1.78707 0.270683 -5.42101e-20)
(1.88737 0.0310006 1.01644e-20)
(1.85073 0.191001 0)
(1.80101 0.2241 -4.06576e-20)
(1.78672 0.214467 1.01644e-20)
(1.78236 0.0739186 0)
(1.6579 0.220191 1.0842e-19)
(1.57223 0.111849 -6.09864e-20)
(1.55434 0.245355 -6.09864e-20)
(1.52538 0.219695 1.0842e-19)
(1.49892 0.13387 5.42101e-20)
(1.37185 0.18547 1.0842e-19)
(1.30413 0.0979485 1.0842e-19)
(1.25411 0.201 5.42101e-20)
(3.37953 0.306685 6.43745e-20)
(3.36631 0.175214 8.13152e-20)
(3.32952 0.0810978 -5.42101e-20)
(3.29677 0.148817 -6.77626e-21)
(3.26594 0.243663 -5.42101e-20)
(3.20205 0.214987 2.57498e-19)
(3.12124 0.118518 -6.77626e-21)
(2.93945 0.24421 0)
(2.97242 0.129312 -8.13152e-20)
(2.87795 0.254989 0)
(2.84114 0.235936 0)
(2.85652 0.228302 0)
(2.82708 0.165687 -5.42101e-20)
(2.74388 0.184249 0)
(2.7105 0.120635 -5.42101e-20)
(2.70606 0.214721 0)
(2.68576 0.107744 -8.47033e-21)
(2.62489 0.225591 0)
(2.50147 0.149826 -1.35525e-20)
(2.40105 0.226759 -8.13152e-20)
(2.27617 0.117981 0)
(2.21057 0.208416 5.42101e-20)
(2.20699 0.234221 -1.0842e-19)
(2.18831 0.115949 1.35525e-20)
(2.17229 0.179159 -5.42101e-20)
(2.17164 0.157254 5.42101e-20)
(2.15255 0.227249 0)
(5.00751 -1.93292e-33 1.68683e-35)
(5.2344 0.0955657 -2.71051e-20)
(5.14422 0.128868 -5.42101e-20)
(5.07725 0.214575 0)
(5.11251 0.140527 2.71051e-20)
(5.01969 0.216346 0)
(5.03867 0.186737 5.42101e-20)
(4.94981 0.188272 -1.0842e-19)
(4.92983 0.0616595 -2.71051e-20)
(4.81758 0.186208 0)
(4.80696 0.142018 -2.71051e-20)
(4.76573 0.135208 0)
(4.70737 0.189722 -2.71051e-20)
(4.59243 0.18234 -6.77626e-20)
(4.50694 0.216913 -1.0842e-19)
(4.54403 0.0705556 0)
(4.48055 0.100249 -2.71051e-20)
(4.3114 0.290643 0)
(4.32406 0.21432 0)
(4.32503 0.178962 0)
(4.23158 0.240037 -1.0842e-19)
(4.1637 0.190198 -6.77626e-21)
(4.0464 0.262773 0)
(4.09422 0.0437132 0)
(3.97209 0.235845 -4.06576e-20)
(3.9757 0.207911 8.13152e-20)
(3.80383 0.279424 1.0842e-19)
(3.8175 0.252174 2.71051e-20)
(3.77529 0.223748 2.71051e-20)
(3.76527 0.219707 0)
(3.76281 0.177763 0)
(3.72391 0.166596 1.35525e-20)
(3.7146 0.117645 2.71051e-20)
(3.65251 0.431432 0)
(3.62321 0.23642 0)
(3.63537 0.095582 -1.35525e-20)
(3.62244 0.201095 0)
(3.60284 0.0821509 -4.06576e-20)
(3.55282 0.289784 5.42101e-20)
(3.50428 0.210101 1.0842e-19)
(3.49541 0.183765 8.13152e-20)
(3.43994 0.14498 -1.0842e-19)
(3.41932 0.12382 0)
(7.70868 -1.70399e-33 1.48705e-35)
(7.28412 -1.73997e-33 1.51845e-35)
(6.38299 -1.81634e-33 1.5851e-35)
(5.82276 -1.86382e-33 1.62653e-35)
(5.66278 -1.87738e-33 1.63837e-35)
(6.73183 -1.78678e-33 1.5593e-35)
(7.63456 0.327131 0)
(7.76651 0.257691 -5.42101e-20)
(7.50435 0.28155 8.13152e-20)
(7.40713 0.262831 0)
(7.69736 0.168726 0)
(7.55573 0.215445 1.0842e-19)
(7.71294 0.108313 0)
(7.63935 0.0419437 -2.71051e-20)
(7.33281 0.261355 -1.35525e-20)
(7.43316 0.203919 0)
(7.45155 0.00702019 3.38813e-21)
(7.31503 0.220201 0)
(7.46771 0.0996994 5.42101e-20)
(7.34887 0.0764033 0)
(7.26973 0.188831 8.13152e-20)
(7.23892 0.219725 -1.0842e-19)
(7.273 0.00197103 0)
(7.209 0.169779 -5.75982e-20)
(7.17659 0.188744 0)
(7.17269 0.157275 -3.38813e-20)
(6.7948 0.32549 1.0842e-19)
(7.08232 0.121366 5.42101e-20)
(7.04295 0.124392 -4.06576e-20)
(7.00509 0.180365 -2.71051e-20)
(6.92893 0.0343768 6.77626e-21)
(6.86124 0.0674562 2.71051e-20)
(6.77004 0.228136 1.0842e-19)
(6.90642 0.153005 0)
(6.75885 0.208298 0)
(6.63425 0.255773 1.0842e-19)
(6.77418 0.206575 -5.42101e-20)
(6.78027 0.10661 0)
(6.37343 0.484286 -4.33681e-19)
(6.71814 0.135741 2.03288e-20)
(6.43005 0.291918 -3.38813e-20)
(6.59757 0.115439 0)
(6.54358 0.124622 0)
(6.52615 0.167028 0)
(6.3387 0.224044 0)
(6.41923 0.137117 -3.21873e-20)
(6.37594 0.126001 0)
(6.24193 0.115432 -5.42101e-20)
(6.15678 0.160146 1.0842e-19)
(6.13702 0.0864978 4.65868e-21)
(6.0869 0.182848 5.42101e-20)
(6.00712 0.26258 -1.0842e-19)
(5.95298 0.0741778 4.06576e-20)
(5.90873 0.0636013 2.71051e-20)
(5.97136 0.136148 -5.42101e-20)
(5.8456 0.260397 2.71051e-20)
(5.89427 0.150847 0)
(5.84607 0.209786 -1.0842e-19)
(5.73126 0.273207 1.0842e-19)
(5.7296 0.0553448 -1.35525e-20)
(5.71019 0.15804 -2.71051e-20)
(5.6438 0.247695 -1.0842e-19)
(5.64584 0.182789 0)
(5.54689 0.339435 -1.0842e-19)
(5.54287 0.220954 5.42101e-20)
(5.54032 0.137662 0)
(5.50746 0.107401 5.42101e-20)
(5.50683 0.145926 2.71051e-20)
(5.47254 0.189467 0)
(5.43664 0.246545 0)
(5.41357 0.103333 -5.42101e-20)
(5.34773 0.254291 -1.0842e-19)
(5.33154 0.202123 1.35525e-20)
(5.32554 0.100873 3.38813e-21)
(10.2494 -1.48865e-33 1.29913e-35)
(10.5939 -1.45946e-33 1.27365e-35)
(10.3817 -1.47745e-33 1.28935e-35)
(10.7773 -1.44391e-33 1.26008e-35)
(9.13623 -1.583e-33 1.38146e-35)
(9.0427 -1.59093e-33 1.38838e-35)
(10.9009 -1.43344e-33 1.25094e-35)
(10.9291 -1.43105e-33 1.24886e-35)
(10.174 -1.49505e-33 1.30471e-35)
(9.13107 -1.58344e-33 1.38184e-35)
(8.85804 -1.60658e-33 1.40204e-35)
(8.55377 -1.63236e-33 1.42454e-35)
(8.18068 -1.66398e-33 1.45214e-35)
(9.61106 -1.54276e-33 1.34634e-35)
(8.08275 -1.67228e-33 1.45938e-35)
(10.4632 0.518657 2.1684e-19)
(10.8315 0.196396 -1.0842e-19)
(10.8469 0.200806 0)
(10.7723 0.19294 -1.0842e-19)
(10.8841 0.161372 -1.35525e-20)
(10.4356 0.316992 1.0842e-19)
(10.5624 0.277808 0)
(10.7455 0.189061 0)
(10.6231 0.201858 0)
(10.7146 0.109625 0)
(10.494 0.141223 -1.35525e-20)
(10.5007 0.0503137 -2.71051e-20)
(10.4994 0.0817057 2.71051e-20)
(10.3371 0.0724984 -1.35525e-20)
(10.2636 0.149442 0)
(10.2274 0.138328 5.42101e-20)
(10.1556 0.149316 -2.71051e-20)
(10.0114 0.151673 -5.42101e-20)
(9.92369 0.117961 0)
(9.46884 0.453449 -5.42101e-20)
(9.6974 0.235978 1.0842e-19)
(9.78098 0.212771 -4.74338e-20)
(9.87264 0.0617478 0)
(9.82641 0.0543722 1.35525e-20)
(9.64727 0.198195 2.71051e-20)
(9.67737 0.129366 0)
(9.6019 0.0405902 2.71051e-20)
(9.56929 0.141667 -2.71051e-20)
(9.58169 0.0725391 0)
(9.53986 0.0684361 -1.01644e-20)
(9.26529 0.351011 5.42101e-20)
(9.3585 0.244207 2.71051e-20)
(9.45228 0.108245 6.77626e-21)
(9.23714 0.266472 3.38813e-20)
(9.41946 0.0955189 0)
(9.14299 0.310346 0)
(9.37133 0.0853514 5.42101e-20)
(9.19548 0.238313 5.42101e-20)
(9.34637 0.0759632 0)
(9.25162 0.126327 0)
(9.24029 0.0827872 0)
(9.09368 0.226169 3.38813e-21)
(9.1371 0.204763 0)
(9.17624 0.0499016 2.03288e-20)
(8.8776 0.339338 1.0842e-19)
(8.92622 0.279969 -2.71051e-20)
(8.9472 0.239655 -1.0842e-19)
(9.01512 0.0707576 1.35525e-20)
(8.8102 0.11331 0)
(8.78135 0.0751265 0)
(8.76318 0.0234821 -1.35525e-20)
(8.73067 0.14091 1.35525e-20)
(8.6864 0.0645506 5.42101e-20)
(8.54268 0.280098 0)
(8.54039 0.264359 0)
(8.59087 0.193972 0)
(8.25288 0.137854 5.42101e-20)
(8.18825 0.23911 0)
(8.16227 0.228257 0)
(8.19425 0.0927973 -2.71051e-20)
(8.15169 0.209541 0)
(8.1322 0.175774 5.42101e-20)
(8.09745 0.13884 -2.71051e-20)
(8.08828 0.0960298 0)
(8.03858 0.25355 -2.71051e-20)
(7.94171 0.402238 1.0842e-19)
(7.91664 0.221808 0)
(7.91914 0.0826434 0)
(7.86226 0.191946 -1.0842e-19)
(7.83261 0.200976 -1.0842e-19)
(12.7796 -1.27422e-33 1.11199e-35)
(13.055 -1.25088e-33 1.09162e-35)
(12.731 -1.27833e-33 1.11558e-35)
(13.4782 -1.21501e-33 1.06032e-35)
(12.365 -1.30935e-33 1.14266e-35)
(14.0353 -1.16779e-33 1.01912e-35)
(12.8126 -1.27141e-33 1.10955e-35)
(13.0226 -1.25362e-33 1.09401e-35)
(12.7036 -1.28066e-33 1.11761e-35)
(13.5955 -1.20507e-33 1.05164e-35)
(13.1345 -1.24414e-33 1.08574e-35)
(11.9523 -1.34433e-33 1.17318e-35)
(11.9167 -1.34735e-33 1.17581e-35)
(13.9289 -1.17681e-33 1.02699e-35)
(12.1546 -1.32719e-33 1.15822e-35)
(12.514 -1.29672e-33 1.13163e-35)
(13.4567 -1.21683e-33 1.06191e-35)
(13.4557 -1.21692e-33 1.06199e-35)
(13.5673 1.47182e-26 1.28444e-28)
(11.5647 -1.37718e-33 1.20184e-35)
(14.0164 -1.16939e-33 1.02051e-35)
(12.0423 -1.3367e-33 1.16652e-35)
(14.0756 1.5136e-25 1.3209e-27)
(11.7963 -1.35755e-33 1.18471e-35)
(12.184 -1.32469e-33 1.15604e-35)
(12.8376 1.00442e-28 -8.76545e-31)
(11.6335 -1.37135e-33 1.19676e-35)
(12.4321 -1.30366e-33 1.13769e-35)
(12.8423 -1.2689e-33 1.10735e-35)
(13.8342 -1.18483e-33 1.03399e-35)
(12.3111 -1.31392e-33 1.14664e-35)
(11.2912 -1.40036e-33 1.22208e-35)
(11.652 -1.36979e-33 1.19539e-35)
(11.249 -1.40394e-33 1.2252e-35)
(13.8829 -1.18071e-33 1.03039e-35)
(11.2242 -1.40604e-33 1.22704e-35)
(13.0589 -1.25054e-33 1.09133e-35)
(11.678 -1.36757e-33 1.19346e-35)
(11.205 -1.40767e-33 1.22845e-35)
(12.5707 -1.29192e-33 1.12744e-35)
(13.7489 -1.19206e-33 1.0403e-35)
(13.8701 0.479117 -2.71051e-19)
(13.609 0.554881 0)
(13.3436 -1.22642e-33 1.07028e-35)
(13.9155 0.271685 -5.42101e-20)
(13.9466 0.181766 0)
(14.0023 0.136786 -1.35525e-20)
(13.974 0.143919 8.13152e-20)
(13.7982 0.206073 -1.6263e-19)
(13.857 0.0919439 3.38813e-21)
(13.8347 0.217595 -2.71051e-20)
(13.9446 0.0788595 0)
(13.4747 0.155445 0)
(13.6022 0.143624 0)
(13.673 0.0867821 0)
(13.2428 0.341712 0)
(13.4022 0.18321 1.0842e-19)
(13.2084 0.285123 -1.0842e-19)
(13.5155 0.163485 -2.71051e-20)
(13.3588 0.191439 5.42101e-20)
(13.3897 0.148461 5.42101e-20)
(13.4117 0.184599 5.42101e-20)
(13.2523 0.175494 -5.42101e-20)
(13.5098 0.0249784 -1.69407e-21)
(13.3952 0.0223801 -1.35525e-20)
(13.2858 0.182258 1.0842e-19)
(13.1998 0.140087 0)
(13.0951 0.115442 -5.42101e-20)
(12.9823 0.195459 2.71051e-20)
(12.6123 -1.2884e-33 1.12437e-35)
(13.0761 0.0920113 5.42101e-20)
(12.7465 0.242326 -1.0842e-19)
(12.4905 0.328092 0)
(12.6859 0.123549 1.35525e-20)
(12.5757 0.184194 5.42101e-20)
(10.9666 -1.42787e-33 1.24608e-35)
(12.2644 0.326289 1.0842e-19)
(12.3981 0.227246 1.0842e-19)
(12.3505 0.228676 5.42101e-20)
(12.4459 0.147764 2.71051e-20)
(11.5227 -1.38074e-33 1.20495e-35)
(12.3635 0.189061 -5.42101e-20)
(12.3228 0.15194 0)
(12.1642 0.301757 0)
(12.2822 0.140237 8.13152e-20)
(12.0873 0.297009 5.42101e-20)
(12.0289 0.3562 2.30393e-19)
(12.2457 0.142954 -1.35525e-20)
(11.991 0.323707 1.0842e-19)
(12.1061 0.137213 1.0842e-19)
(12.0513 0.149236 -1.35525e-20)
(11.9975 0.214733 -1.0842e-19)
(11.8477 0.348733 -2.1684e-19)
(11.9498 0.176091 5.42101e-20)
(11.8561 0.28094 0)
(11.9464 0.0990573 0)
(11.7781 0.301391 -5.42101e-20)
(11.8329 0.156449 1.0842e-19)
(11.866 0.105675 -1.35525e-20)
(11.8055 0.183909 5.42101e-20)
(11.7069 0.271734 -5.42101e-20)
(11.5888 0.357717 -4.33681e-19)
(11.6889 0.123296 6.77626e-21)
(11.631 0.147683 0)
(11.5996 0.191163 0)
(11.6225 0.126822 3.38813e-20)
(11.5706 0.126453 0)
(11.4861 0.168366 -8.13152e-20)
(11.4824 0.129378 1.0842e-19)
(11.3262 0.0177613 0)
(11.2328 0.166249 0)
(11.2098 0.182735 0)
(11.189 0.132169 0)
(11.1648 0.162261 5.42101e-20)
(11.0842 0.227481 -5.42101e-20)
(11.0502 0.149967 0)
(11.0311 0.210304 1.0842e-19)
(11.0239 0.0666496 -5.42101e-20)
(11.0077 0.153589 0)
(10.9996 0.174289 -5.42101e-20)
(10.9696 0.211424 0)
(17.133 -9.05256e-34 7.90005e-36)
(15.8663 -1.01261e-33 8.83688e-36)
(17.8286 -8.46299e-34 7.38554e-36)
(17.8943 -8.40734e-34 7.33697e-36)
(17.6307 -8.63069e-34 7.53189e-36)
(18.2657 -8.0926e-34 7.0623e-36)
(16.7244 -9.39881e-34 8.20222e-36)
(17.7057 3.09269e-34 -2.69895e-36)
(17.1551 -9.0338e-34 7.88368e-36)
(17.8457 -8.44855e-34 7.37294e-36)
(16.491 -5.78112e-34 5.0451e-36)
(18.1885 -8.158e-34 7.11937e-36)
(18.229 -8.12358e-34 7.08944e-36)
(16.2911 -9.76611e-34 8.52275e-36)
(18.7074 -7.71816e-34 6.73554e-36)
(18.6745 -7.74607e-34 6.75989e-36)
(16.7696 -9.36056e-34 8.16884e-36)
(15.5156 -1.04233e-33 9.09629e-36)
(15.434 -1.04925e-33 9.15663e-36)
(19.001 -7.46935e-34 6.5184e-36)
(18.3932 -7.9845e-34 6.96797e-36)
(18.4281 -7.95488e-34 6.94212e-36)
(14.9893 -1.08694e-33 9.48559e-36)
(17.7116 -8.56214e-34 7.47207e-36)
(18.0708 2.99656e-30 2.6165e-32)
(16.6467 -9.46474e-34 8.25975e-36)
(14.8857 -1.09572e-33 9.56218e-36)
(18.5635 -7.84014e-34 6.84199e-36)
(16.1458 -9.88918e-34 8.63016e-36)
(18.1198 -8.2162e-34 7.17017e-36)
(16.8089 -9.32726e-34 8.13977e-36)
(17.9633 -8.34885e-34 7.28593e-36)
(18.5729 -7.83223e-34 6.83508e-36)
(16.9936 -9.17069e-34 8.00314e-36)
(18.513 -7.88296e-34 6.87936e-36)
(16.4134 -9.66244e-34 8.43229e-36)
(15.1814 -1.07066e-33 9.3435e-36)
(17.5598 0.00693552 0)
(14.652 -1.11552e-33 9.73503e-36)
(17.538 -8.70931e-34 7.6005e-36)
(14.981 -1.08764e-33 9.49171e-36)
(14.9603 -1.0894e-33 9.50704e-36)
(17.5104 -8.73266e-34 7.62088e-36)
(16.3231 -9.73892e-34 8.49903e-36)
(16.8169 -9.32049e-34 8.13387e-36)
(18.9033 -7.55217e-34 6.59068e-36)
(17.9283 3.13662e-24 2.73728e-26)
(15.0025 -1.08582e-33 9.4758e-36)
(19.06 -7.4194e-34 6.47481e-36)
(14.5278 -1.12605e-33 9.82689e-36)
(17.2477 -8.95532e-34 7.81519e-36)
(19.0685 -7.41215e-34 6.46848e-36)
(19.0775 -7.40451e-34 6.46182e-36)
(17.5979 3.73282e-26 3.25759e-28)
(14.4848 2.20587e-26 1.92503e-28)
(18.853 -7.5948e-34 6.62788e-36)
(16.8446 -9.297e-34 8.11337e-36)
(17.4212 -8.80828e-34 7.68687e-36)
(18.9079 -7.54825e-34 6.58725e-36)
(16.6233 -9.48452e-34 8.27701e-36)
(17.1056 -9.07576e-34 7.9203e-36)
(18.3709 -8.00339e-34 6.98446e-36)
(14.3263 -1.14313e-33 9.97593e-36)
(18.3887 -7.98834e-34 6.97132e-36)
(18.3747 -8.00019e-34 6.98166e-36)
(17.9621 -7.63071e-35 6.65922e-37)
(14.249 -1.14968e-33 1.00331e-35)
(18.6984 -7.72581e-34 6.74221e-36)
(17.1238 -9.06036e-34 7.90686e-36)
(14.2274 -1.15151e-33 1.00491e-35)
(15.914 -1.00857e-33 8.80167e-36)
(19.0299 -7.44488e-34 6.49705e-36)
(18.4559 -7.93135e-34 6.92159e-36)
(15.9969 -1.00154e-33 8.74031e-36)
(19.0334 0.61045 0)
(18.8833 0.564972 0)
(14.168 -1.15655e-33 1.0093e-35)
(19.0451 0.259441 5.42101e-20)
(19.1848 0.196547 1.6263e-19)
(18.9103 0.204803 5.42101e-20)
(18.4417 -7.94335e-34 6.93206e-36)
(18.5205 0.319367 0)
(19.0499 0.101168 6.77626e-21)
(18.827 0.276549 0)
(17.8687 0.473523 1.0842e-19)
(18.8447 0.177129 1.35525e-20)
(18.646 0.171829 0)
(18.8459 0.132651 2.71051e-20)
(18.0781 0.478479 -2.1684e-19)
(18.7483 0.155976 0)
(18.4531 0.259915 1.0842e-19)
(18.5194 0.293095 0)
(18.9285 0.0249185 0)
(18.8754 0.0407029 -4.23516e-20)
(18.1947 0.289302 3.25261e-19)
(18.614 0.14778 -1.6263e-19)
(18.0735 0.308831 -2.1684e-19)
(17.6387 0.35077 0)
(18.3983 0.104586 2.71051e-20)
(18.0241 0.27523 5.42101e-20)
(17.3907 0.599129 0)
(18.2194 0.0253345 -6.77626e-21)
(18.0919 0.239171 0)
(17.117 0.633761 5.42101e-20)
(17.8117 0.356391 5.42101e-20)
(18.0348 0.184469 0)
(18.0599 0.118607 -2.0117e-20)
(17.7261 0.255483 1.6263e-19)
(18.0863 0.0881709 -2.71051e-20)
(17.3159 0.463886 2.1684e-19)
(17.8159 0.165981 5.42101e-20)
(18.0786 0.08427 -2.71051e-20)
(18.0058 0.197465 5.42101e-20)
(18.0381 0.0905497 -2.71051e-20)
(18.043 0.0334536 9.31736e-21)
(17.3654 0.25115 0)
(17.899 0.0488029 5.42101e-20)
(17.7371 0.124148 5.42101e-20)
(17.8523 0.0209761 0)
(17.5435 0.125517 3.04932e-20)
(17.2499 0.225914 0)
(17.3494 0.199356 -1.21973e-19)
(17.4901 0.0782394 0)
(17.083 0.205119 0)
(17.0634 0.225332 0)
(17.449 0.0794781 -2.71051e-20)
(17.452 0.0485418 -1.86347e-20)
(17.1425 0.198055 5.42101e-20)
(17.2928 0.138802 -5.42101e-20)
(16.9084 0.290752 -2.1684e-19)
(17.0101 0.225645 5.42101e-20)
(17.4307 0.0235042 -5.0822e-21)
(17.0545 0.234839 0)
(17.2107 0.12367 -5.42101e-20)
(16.6836 0.236958 5.42101e-20)
(17.1077 0.127759 -1.69407e-21)
(17.1672 0.0972628 2.71051e-20)
(16.9242 0.158369 -5.42101e-20)
(16.7388 0.185183 -1.0842e-19)
(17.0006 0.0706159 3.38813e-20)
(16.261 0.3032 5.42101e-20)
(16.2792 0.367757 2.1684e-19)
(16.832 0.0834454 -3.38813e-21)
(16.8234 0.0720268 -8.13152e-20)
(16.4705 0.236795 2.1684e-19)
(16.1765 0.310749 2.1684e-19)
(16.3982 0.186274 2.71051e-20)
(16.3768 0.210723 0)
(16.0268 0.51631 -2.1684e-19)
(16.2404 0.214038 -5.42101e-20)
(16.0252 0.378836 -1.6263e-19)
(16.2522 0.041408 -5.0822e-21)
(16.0432 0.172278 5.42101e-20)
(16.0445 0.132876 2.71051e-20)
(15.9207 0.246651 -1.0842e-19)
(16.1031 0.0295651 0)
(15.8931 0.22302 0)
(15.7839 0.238113 0)
(15.9385 0.0927459 0)
(15.9689 0.0812693 2.03288e-20)
(15.7206 0.283457 0)
(15.7505 0.160973 0)
(15.8958 0.0502037 0)
(15.7168 0.213065 -1.35525e-19)
(15.7249 0.168204 5.42101e-20)
(15.7594 0.119594 -2.71051e-20)
(15.359 0.577624 -2.1684e-19)
(15.4812 0.261096 -2.71051e-20)
(15.5851 0.13302 5.42101e-20)
(15.3324 0.498322 -1.0842e-19)
(15.6034 0.0882392 -5.42101e-20)
(15.3863 0.176604 4.06576e-20)
(15.3105 0.206938 -5.42101e-20)
(15.4028 0.110393 0)
(15.1695 0.284535 0)
(15.2606 0.0958082 1.35525e-20)
(15.2048 0.127616 6.77626e-21)
(15.2524 0.0117612 0)
(14.9722 0.331766 0)
(15.0597 0.194709 -1.01644e-20)
(15.0917 0.13279 -2.71051e-20)
(15.1029 0.096914 -2.71051e-20)
(14.9405 0.165396 0)
(14.731 0.257707 8.13152e-20)
(14.709 0.265239 0)
(14.75 0.105543 0)
(14.6848 0.194645 -7.45389e-20)
(14.6381 0.258454 -1.0842e-19)
(14.593 0.596612 -2.1684e-19)
(14.698 0.0351613 -2.71051e-20)
(14.6191 0.232211 -1.0842e-19)
(14.5473 0.167239 2.71051e-20)
(14.5351 0.402139 -2.1684e-19)
(14.4572 0.372002 -1.0842e-19)
(14.4541 0.0961044 2.71051e-20)
(14.3652 0.22798 -1.0842e-19)
(14.3799 0.0393679 6.77626e-21)
(14.3497 0.00507031 8.47033e-22)
(14.2895 0.243179 -5.42101e-20)
(14.2644 0.0592269 -2.71051e-20)
(14.2482 0.203017 1.35525e-20)
(14.2385 0.216214 5.42101e-20)
(14.1568 0.0384006 1.69407e-21)
(14.1545 0.0932044 1.35525e-20)
(14.1036 0.318133 2.1684e-19)
(22.2383 -4.72571e-34 4.12406e-36)
(22.8359 -4.21919e-34 3.68203e-36)
(24.0513 -3.18914e-34 2.78312e-36)
(22.9294 -4.13996e-34 3.61289e-36)
(22.0934 -4.84848e-34 4.23121e-36)
(23.5821 -3.58679e-34 3.13015e-36)
(23.1708 -3.93541e-34 3.43438e-36)
(24.3963 -2.89675e-34 2.52796e-36)
(23.0845 -4.00851e-34 3.49817e-36)
(24.3987 -2.89471e-34 2.52618e-36)
(24.0052 -3.22816e-34 2.81717e-36)
(20.9175 -5.84512e-34 5.10096e-36)
(23.5428 -3.62012e-34 3.15923e-36)
(23.0372 -4.04861e-34 3.53317e-36)
(21.6671 -5.2098e-34 4.54652e-36)
(23.8379 -3.36996e-34 2.94092e-36)
(23.0432 -4.04355e-34 3.52876e-36)
(24.2476 -3.02273e-34 2.63789e-36)
(22.5818 -4.43454e-34 3.86996e-36)
(21.9196 -4.99583e-34 4.35979e-36)
(23.1178 -3.98032e-34 3.47357e-36)
(20.5211 -6.18105e-34 5.39412e-36)
(23.2849 -3.83864e-34 3.34993e-36)
(23.2008 -2.83993e-34 2.47837e-36)
(22.2053 -4.75363e-34 4.14843e-36)
(21.4604 -5.38495e-34 4.69937e-36)
(24.2416 -3.02782e-34 2.64234e-36)
(21.1651 -5.63523e-34 4.91779e-36)
(20.3887 -6.29327e-34 5.49206e-36)
(23.4398 -3.70742e-34 3.23541e-36)
(21.013 3.61546e-06 -6.41038e-17)
(22.0778 -4.8617e-34 4.24274e-36)
(24.2106 -3.05414e-34 2.66531e-36)
(22.2943 3.06604e-25 -2.67569e-27)
(22.3754 -4.60951e-34 4.02266e-36)
(21.5851 -5.27925e-34 4.60713e-36)
(21.099 -5.69124e-34 4.96667e-36)
(23.3681 -3.76812e-34 3.28839e-36)
(23.078 -4.01401e-34 3.50297e-36)
(21.921 -4.99464e-34 4.35876e-36)
(23.3418 -3.79042e-34 3.30785e-36)
(21.97 -4.95307e-34 4.32248e-36)
(23.5261 -3.63424e-34 3.17155e-36)
(23.5316 -3.62959e-34 3.1675e-36)
(23.8511 -3.3588e-34 2.93118e-36)
(22.4548 -4.54222e-34 3.96394e-36)
(22.9318 5.43827e-25 -4.7459e-27)
(23.5083 3.19346e-33 3.42384e-35)
(24.2458 -3.02427e-34 2.63924e-36)
(20.7318 -6.00246e-34 5.23826e-36)
(22.0378 -4.89558e-34 4.27231e-36)
(20.3061 -6.36326e-34 5.55313e-36)
(23.561 -3.60466e-34 3.14574e-36)
(23.3547 -3.77953e-34 3.29835e-36)
(22.9521 -4.12074e-34 3.59612e-36)
(23.0316 -4.05337e-34 3.53732e-36)
(24.1767 -3.08288e-34 2.69039e-36)
(23.4574 -3.69248e-34 3.22238e-36)
(22.8195 -4.23308e-34 3.69415e-36)
(24.414 1.42669e-34 -1.24505e-36)
(21.2516 -5.56193e-34 4.85382e-36)
(21.974 -4.94966e-34 4.3195e-36)
(24.2221 -3.0444e-34 2.6568e-36)
(21.7961 -5.10045e-34 4.45109e-36)
(23.0797 -4.0126e-34 3.50174e-36)
(22.3139 -4.66162e-34 4.06814e-36)
(20.4132 -6.27249e-34 5.47392e-36)
(24.1802 -3.07987e-34 2.68777e-36)
(21.1732 -5.62837e-34 4.9118e-36)
(23.5908 -3.57937e-34 3.12367e-36)
(23.3817 -3.75661e-34 3.27834e-36)
(20.0873 -6.54873e-34 5.71499e-36)
(23.4294 -3.71624e-34 3.24311e-36)
(23.1733 -3.93323e-34 3.43247e-36)
(21.4227 -5.41692e-34 4.72728e-36)
(21.3597 -5.47032e-34 4.77388e-36)
(21.9543 -4.96637e-34 4.33409e-36)
(22.5328 0.232666 1.0842e-19)
(21.6192 -5.25037e-34 4.58193e-36)
(22.9786 -4.09828e-34 3.57651e-36)
(22.4317 -4.5618e-34 3.98102e-36)
(22.4229 -4.56924e-34 3.98752e-36)
(23.261 1.50283e-33 1.98503e-35)
(20.0499 1.23764e-31 1.09155e-33)
(23.4578 -3.69217e-34 3.2221e-36)
(23.0777 -4.0143e-34 3.50322e-36)
(23.1698 -3.93621e-34 3.43508e-36)
(20.7183 2.87257e-06 -5.87735e-16)
(21.8424 -5.06118e-34 4.41683e-36)
(22.3385 -4.64075e-34 4.04992e-36)
(23.4806 -3.67279e-34 3.20519e-36)
(22.3509 -4.63024e-34 4.04075e-36)
(23.6934 -3.49249e-34 3.04785e-36)
(21.7503 -5.1393e-34 4.485e-36)
(23.8999 -3.31745e-34 2.8951e-36)
(23.0357 -4.04985e-34 3.53425e-36)
(23.1247 -3.97442e-34 3.46842e-36)
(23.5907 -3.57945e-34 3.12374e-36)
(20.0115 -6.61295e-34 5.77103e-36)
(19.9042 -6.70385e-34 5.85036e-36)
(23.4099 -3.73276e-34 3.25753e-36)
(22.8938 -4.17014e-34 3.63923e-36)
(21.8706 -5.03729e-34 4.39598e-36)
(23.6239 -3.55137e-34 3.09924e-36)
(23.6854 -3.49927e-34 3.05376e-36)
(22.4576 -4.53978e-34 3.96181e-36)
(24.0552 -3.18581e-34 2.78021e-36)
(24.1769 -3.08268e-34 2.69021e-36)
(19.8612 -6.74033e-34 5.8822e-36)
(22.3352 -4.64358e-34 4.05239e-36)
(23.8676 -3.34479e-34 2.91895e-36)
(20.4762 -6.21909e-34 5.42732e-36)
(24.2993 -2.97896e-34 2.5997e-36)
(19.896 -6.71084e-34 5.85646e-36)
(23.5391 -3.62326e-34 3.16197e-36)
(20.2376 -6.4213e-34 5.60379e-36)
(22.666 -4.36317e-34 3.80768e-36)
(23.7071 -3.48088e-34 3.03772e-36)
(22.8076 -4.24319e-34 3.70298e-36)
(24.2241 -3.04269e-34 2.65532e-36)
(21.7758 -5.11769e-34 4.46614e-36)
(20.172 -6.47694e-34 5.65234e-36)
(24.0096 -3.2245e-34 2.81398e-36)
(21.7293 -5.15706e-34 4.50049e-36)
(21.8439 -5.05995e-34 4.41575e-36)
(22.1267 -4.82026e-34 4.20657e-36)
(24.2785 -2.99661e-34 2.6151e-36)
(23.6635 -3.5178e-34 3.06994e-36)
(20.0162 -6.60901e-34 5.76759e-36)
(24.3649 -2.92332e-34 2.55115e-36)
(19.7161 -6.86333e-34 5.98954e-36)
(20.1176 -6.52305e-34 5.69258e-36)
(22.9498 9.53246e-25 8.31885e-27)
(23.9458 2.63976e-07 -1.14653e-17)
(22.6334 -4.39082e-34 3.83181e-36)
(22.0731 -4.86573e-34 4.24626e-36)
(21.9495 5.11398e-23 -4.46291e-25)
(24.3752 2.55707e-24 2.23152e-26)
(19.6792 -6.89459e-34 6.01682e-36)
(24.4523 -2.84923e-34 2.48649e-36)
(21.0961 -5.69373e-34 4.96884e-36)
(24.2227 -3.04382e-34 2.6563e-36)
(22.8762 -4.18506e-34 3.65225e-36)
(19.8286 -6.76794e-34 5.90629e-36)
(19.6316 -6.93491e-34 6.05201e-36)
(21.221 -5.58789e-34 4.87648e-36)
(21.7316 -5.15511e-34 4.49879e-36)
(24.1399 -3.11402e-34 2.71756e-36)
(22.5376 -4.47198e-34 3.90264e-36)
(21.7895 -5.10607e-34 4.456e-36)
(19.9709 -6.64737e-34 5.80107e-36)
(23.9477 1.28102e-34 -1.11793e-36)
(22.205 -4.7539e-34 4.14867e-36)
(21.2931 -5.52678e-34 4.82315e-36)
(21.4067 -5.43051e-34 4.73914e-36)
(19.936 2.37296e-25 -2.07085e-27)
(20.8408 5.5883e-27 4.87683e-29)
(22.162 -4.79037e-34 4.1805e-36)
(22.3595 -4.62297e-34 4.0344e-36)
(20.8288 -5.92031e-34 5.16658e-36)
(21.4421 -5.4005e-34 4.71295e-36)
(22.4491 -4.54707e-34 3.96817e-36)
(21.8536 -5.05171e-34 4.40856e-36)
(20.4575 -6.23493e-34 5.44114e-36)
(21.4504 -5.39345e-34 4.70679e-36)
(21.0464 -5.73586e-34 5.00561e-36)
(20.1888 -6.46266e-34 5.63987e-36)
(19.4408 -7.0966e-34 6.19311e-36)
(19.4423 -7.09536e-34 6.19202e-36)
(23.2263 -3.8883e-34 3.39327e-36)
(22.3373 -4.64176e-34 4.0508e-36)
(20.4686 -6.22559e-34 5.43299e-36)
(23.111 -3.98608e-34 3.4786e-36)
(24.2892 -2.98753e-34 2.60717e-36)
(21.4967 -5.35423e-34 4.67257e-36)
(23.7882 3.26552e-33 -2.84977e-35)
(19.3925 -7.1376e-34 6.22889e-36)
(20.721 5.05229e-05 -1.03371e-14)
(20.7925 -5.95105e-34 5.19341e-36)
(23.0097 -4.07193e-34 3.55352e-36)
(20.8735 -5.88242e-34 5.13351e-36)
(20.0397 -6.58908e-34 5.7502e-36)
(20.1471 -6.49802e-34 5.67074e-36)
(19.7887 1.60847e-05 6.82579e-17)
(22.7772 -4.26892e-34 3.72543e-36)
(22.2145 -4.74587e-34 4.14166e-36)
(23.0003 -4.07986e-34 3.56044e-36)
(21.0389 -5.74222e-34 5.01116e-36)
(19.2748 5.32426e-24 4.64641e-26)
(21.718 -1.20077e-34 1.04789e-36)
(21.1792 -5.62327e-34 4.90735e-36)
(21.9527 -4.96775e-34 4.33529e-36)
(20.3858 -6.29574e-34 5.49421e-36)
(21.4106 -5.42714e-34 4.73619e-36)
(21.3304 -5.49518e-34 4.79557e-36)
(23.1819 -3.92592e-34 3.4261e-36)
(19.2054 9.13159e-26 7.96902e-28)
(19.2024 -7.29865e-34 6.36944e-36)
(21.2548 -5.5592e-34 4.85144e-36)
(19.1952 -7.30477e-34 6.37477e-36)
(19.1936 -7.30613e-34 6.37596e-36)
(23.1953 -3.91459e-34 3.41621e-36)
(21.8969 -5.01504e-34 4.37656e-36)
(24.3788 0.444928 4.33681e-19)
(19.1726 -7.3239e-34 6.39147e-36)
(24.1154 0.377781 1.0842e-19)
(24.1706 0.423516 -1.0842e-19)
(24.491 0.220766 -5.42101e-20)
(19.4186 -7.11542e-34 6.20953e-36)
(24.404 0.267604 0)
(24.4891 0.180654 5.42101e-20)
(24.4556 0.16123 0)
(24.3503 0.125172 1.69407e-20)
(24.2058 0.212614 -1.0842e-19)
(24.2954 0.151118 2.71051e-20)
(24.2311 0.186367 8.13152e-20)
(24.2308 0.00868998 0)
(24.3414 0.121147 -8.80914e-20)
(24.2198 0.200841 1.0842e-19)
(24.2693 0.0513741 0)
(24.041 0.126977 0)
(23.2078 -3.90402e-34 3.40699e-36)
(24.0507 0.0875536 -5.42101e-20)
(24.0329 0.0597981 0)
(23.7244 0.253387 5.42101e-20)
(22.957 0.497574 -1.0842e-19)
(23.5646 0.191568 0)
(23.7258 0.149439 -2.71051e-20)
(23.061 0.481942 5.42101e-20)
(23.6393 0.208206 7.19978e-20)
(22.8398 0.555128 -4.87891e-19)
(23.588 0.126295 -5.42101e-20)
(23.1914 0.415611 0)
(23.4834 0.241581 -1.0842e-19)
(23.3952 0.171989 0)
(23.2996 0.182255 1.0842e-19)
(22.8019 0.377723 1.0842e-19)
(22.8141 -4.23764e-34 3.69813e-36)
(23.29 0.057764 2.03288e-20)
(22.8059 0.459874 0)
(22.6349 0.391909 0)
(23.0659 0.000929694 -4.70198e-38)
(23.24 0.0644466 5.0822e-21)
(23.2322 0.0824956 0)
(19.1528 1.2631e-24 1.10229e-26)
(23.0449 0.249299 0)
(22.9376 0.270885 -2.71051e-20)
(22.9441 0.0834701 1.35525e-20)
(22.791 0.231273 0)
(22.915 0.105418 0)
(22.6651 0.226057 -3.38813e-20)
(22.8278 0.0683245 0)
(22.026 0.60696 -1.35525e-20)
(22.539 0.20321 0)
(22.6046 0.0267478 -1.35525e-20)
(22.8129 0.0310622 1.35525e-20)
(22.5264 0.190321 0)
(22.3398 0.183732 1.0842e-19)
(22.3047 0.301258 -5.42101e-20)
(22.3916 0.272465 2.1684e-19)
(22.0153 0.490306 0)
(22.4356 0.225017 1.0842e-19)
(21.0949 1.00018e-25 8.72845e-28)
(22.3084 0.234082 -2.71051e-20)
(22.4501 0.0472225 3.38813e-21)
(22.3547 0.169983 5.42101e-20)
(22.3555 0.187472 5.42101e-20)
(22.0735 0.280779 -5.42101e-20)
(21.6692 0.518508 2.1684e-19)
(22.27 0.0974129 2.71051e-20)
(21.6177 0.371796 -1.0842e-19)
(22.2427 0.0726708 0)
(22.1357 0.0125566 0)
(22.164 0.151877 -1.0842e-19)
(22.2057 0.0571647 0)
(21.6228 0.293594 1.0842e-19)
(22.1147 0.111833 -5.42101e-20)
(21.4239 0.689747 -2.71051e-20)
(21.9046 0.110207 2.71051e-20)
(21.6313 0.388872 2.1684e-19)
(21.8936 0.185171 1.69407e-20)
(21.8583 0.0373142 0)
(21.8157 0.193088 0)
(21.6997 0.303964 0)
(21.7783 0.0219342 -1.35525e-20)
(21.5528 0.360666 0)
(21.2257 0.606725 -2.1684e-19)
(21.6033 0.207111 -1.15196e-19)
(21.2263 0.643815 0)
(21.4364 0.396205 -2.71051e-20)
(21.4135 0.298892 -1.0842e-19)
(21.6398 0.0946965 5.42101e-20)
(21.484 0.219577 4.06576e-20)
(21.4752 0.169702 0)
(21.5661 0.141429 1.35525e-20)
(21.4586 0.000889584 2.42634e-40)
(21.5116 0.0142987 6.77626e-21)
(21.3521 -5.47675e-34 4.77949e-36)
(21.0073 0.531416 0)
(21.4495 0.113941 6.77626e-21)
(21.3813 0.0448729 0)
(21.288 0.195178 6.77626e-21)
(21.1376 0.356839 0)
(21.2505 0.174221 0)
(21.0614 0.350235 -4.33681e-19)
(19.9674 -6.65034e-34 5.80366e-36)
(20.9073 0.138473 0)
(20.9679 0.242358 6.09864e-20)
(21.0652 0.0674203 -2.71051e-20)
(20.8308 0.272684 -1.0842e-19)
(21.0019 0.135022 5.42101e-20)
(20.9221 0.173992 -1.0842e-19)
(20.9857 0.0735371 -6.77626e-21)
(20.972 0.109944 -3.38813e-21)
(20.5946 0.645036 4.87891e-19)
(20.6578 0.202924 8.13152e-20)
(20.7604 0.0876877 -4.06576e-20)
(20.4344 0.389546 0)
(20.4706 0.363784 0)
(20.5072 0.189025 2.71051e-20)
(20.4232 0.33374 -1.0842e-19)
(20.5773 0.0391721 -2.71051e-20)
(20.3488 0.21455 0)
(20.2902 0.102042 -2.71051e-20)
(20.2988 0.113912 1.6263e-19)
(20.3107 0.0849272 0)
(20.0749 0.473285 -6.09864e-20)
(20.2254 0.0872279 8.47033e-22)
(20.0601 0.0936164 5.42101e-20)
(19.8307 0.715213 0)
(19.995 0.235503 2.1684e-19)
(19.8852 0.00406321 -1.69407e-21)
(19.9517 0.12673 -2.71051e-20)
(19.8882 0.0993663 -5.42101e-20)
(19.7479 0.0461205 -1.35525e-20)
(19.7112 0.118167 -5.42101e-20)
(19.4869 0.00556705 0)
(19.5972 0.443204 4.33681e-19)
(19.6331 0.0633966 2.71051e-20)
(19.6251 0.101166 1.52466e-20)
(19.6071 0.0534698 -2.71051e-20)
(19.5279 0.383307 -2.1684e-19)
(19.5514 0.104553 -5.42101e-20)
(19.4894 0.306396 -2.71051e-20)
(19.5114 0.0797781 2.71051e-20)
(19.4152 0.344247 0)
(19.4055 0.418214 2.1684e-19)
(19.3971 0.185968 1.0842e-19)
(19.3753 0.157321 -2.03288e-20)
(19.191 0.0161655 3.46754e-21)
(19.2657 0.363502 2.1684e-19)
(19.2618 0.192217 0)
(27.0209 -6.72285e-35 5.86695e-37)
(27.9352 5.76365e-42 5.02986e-44)
(26.2264 -1.34568e-34 1.17436e-36)
(29.6614 6.31703e-113 5.51279e-115)
(26.152 -1.40877e-34 1.22941e-36)
(28.0143 1.03146e-136 9.00141e-139)
(27.5277 -2.42837e-35 2.1192e-37)
(27.7822 -2.70926e-36 2.36433e-38)
(29.4757 1.0393e-47 -9.06982e-50)
(27.6396 0.00704723 0)
(29.624 6.77177e-156 -5.90963e-158)
(29.5371 0.179469 0)
(26.2747 5.82226e-25 -5.08101e-27)
(27.3002 -4.35602e-35 3.80144e-37)
(28.6975 3.63067e-73 -3.16844e-75)
(26.9705 -7.15039e-35 6.24005e-37)
(26.001 -1.53668e-34 1.34104e-36)
(29.1632 3.8166e-24 3.3307e-26)
(28.2284 2.20289e-156 1.92243e-158)
(28.5341 4.68286e-155 4.08667e-157)
(28.2245 3.52459e-73 3.07586e-75)
(26.0114 -1.52786e-34 1.33334e-36)
(27.2876 -4.46304e-35 3.89483e-37)
(28.271 5.49887e-157 4.79879e-159)
(27.7779 -3.07668e-36 2.68498e-38)
(29.6619 4.87359e-34 -4.25312e-36)
(29.3017 1.32125e-121 -1.15303e-123)
(28.7969 7.78447e-122 -6.7934e-124)
(29.2413 1.11792e-48 -9.75597e-51)
(27.9627 1.11656e-87 9.74407e-90)
(28.8409 2.18782e-155 -1.90928e-157)
(26.5193 -1.09743e-34 9.57716e-37)
(29.5275 1.0262e-87 -8.95549e-90)
(27.2581 -4.71316e-35 4.11311e-37)
(26.5173 2.36831e-06 8.09464e-17)
(25.6456 -1.8379e-34 1.60391e-36)
(25.6529 -1.83177e-34 1.59856e-36)
(26.6168 -1.0148e-34 8.85599e-37)
(28.72 7.11219e-132 -6.20672e-134)
(27.8818 1.00533e-85 8.77341e-88)
(25.7332 -1.76365e-34 1.53912e-36)
(27.0474 -6.49859e-35 5.67123e-37)
(27.3371 -4.0435e-35 3.52871e-37)
(27.9969 1.15585e-155 -1.00869e-157)
(27.8917 2.16593e-86 1.89018e-88)
(27.6043 -1.77839e-35 1.55197e-37)
(26.0931 -1.45863e-34 1.27293e-36)
(27.5508 -2.23211e-35 1.94793e-37)
(29.7093 9.39111e-157 8.1955e-159)
(26.134 -1.42399e-34 1.2427e-36)
(25.7848 -1.71994e-34 1.50097e-36)
(29.6424 7.6674e-140 6.69124e-142)
(25.7692 -1.7332e-34 1.51254e-36)
(28.0077 1.04191e-73 -9.09257e-76)
(28.7003 5.69513e-42 -4.97007e-44)
(29.0067 6.36178e-113 -5.55184e-115)
(29.6865 5.672e-156 4.94988e-158)
(29.6119 2.01092e-44 -1.7549e-46)
(26.9754 -7.10845e-35 6.20345e-37)
(27.9657 2.53895e-156 2.21571e-158)
(25.5133 -1.95004e-34 1.70178e-36)
(25.6122 2.01759e-33 2.08646e-35)
(25.9295 -1.59728e-34 1.39392e-36)
(29.18 8.86851e-06 1.34997e-15)
(27.4795 -2.83668e-35 2.47554e-37)
(25.6217 -1.85814e-34 1.62158e-36)
(25.7005 -1.79136e-34 1.5633e-36)
(25.4446 -2.00829e-34 1.75261e-36)
(27.9451 4.32247e-88 -3.77216e-90)
(29.6848 7.23067e-156 -6.31011e-158)
(28.6502 1.51945e-59 -1.326e-61)
(25.4027 -2.04376e-34 1.78356e-36)
(29.2626 8.46116e-156 7.38394e-158)
(25.3729 -2.06905e-34 1.80563e-36)
(27.4256 -3.29295e-35 2.87371e-37)
(29.5926 1.36366e-42 1.19005e-44)
(26.903 -7.72269e-35 6.73949e-37)
(26.3044 -1.27961e-34 1.1167e-36)
(28.0585 8.95989e-137 -7.81918e-139)
(28.1301 1.57001e-132 -1.37013e-134)
(25.7432 -1.75519e-34 1.53173e-36)
(28.6769 1.68907e-155 -1.47403e-157)
(26.1949 -1.37234e-34 1.19762e-36)
(28.0512 1.9622e-156 1.71238e-158)
(26.7185 -9.28617e-35 8.10392e-37)
(29.5613 4.13634e-140 3.60973e-142)
(28.7217 5.46039e-88 -4.76521e-90)
(25.3098 -2.12255e-34 1.85232e-36)
(28.0172 6.79177e-88 5.92709e-90)
(26.556 -1.06632e-34 9.30561e-37)
(25.2525 -2.1711e-34 1.89469e-36)
(28.8645 0.00311236 0)
(26.2668 -1.31143e-34 1.14446e-36)
(27.6739 -1.18889e-35 1.03753e-37)
(29.3481 8.85525e-48 7.72786e-50)
(27.1885 -5.3025e-35 4.62742e-37)
(26.8096 -8.51361e-35 7.42972e-37)
(28.7363 3.81491e-93 3.32922e-95)
(25.7712 -1.73151e-34 1.51106e-36)
(27.572 -2.05238e-35 1.79108e-37)
(27.2255 -4.98921e-35 4.35402e-37)
(28.9548 2.59662e-36 2.26604e-38)
(26.195 -1.37229e-34 1.19758e-36)
(25.1136 -2.28877e-34 1.99738e-36)
(28.5076 8.61538e-156 7.51853e-158)
(28.6718 8.40457e-156 7.33456e-158)
(27.6513 -1.38005e-35 1.20436e-37)
(26.2654 -1.31263e-34 1.14552e-36)
(29.3208 2.01121e-47 1.75516e-49)
(26.7538 -8.98731e-35 7.84311e-37)
(25.1242 -2.27979e-34 1.98954e-36)
(28.6743 2.08996e-74 1.82388e-76)
(29.2922 1.28827e-155 1.12425e-157)
(29.3903 4.71807e-158 -4.1174e-160)
(27.2811 -4.51815e-35 3.94293e-37)
(28.1613 1.28425e-156 -1.12074e-158)
(27.0141 -6.78056e-35 5.91731e-37)
(29.0512 3.93947e-113 3.43792e-115)
(25.0751 7.72219e-34 1.07908e-35)
(25.0549 -1.67572e-34 2.61932e-36)
(26.7995 -8.59936e-35 7.50454e-37)
(29.339 9.84828e-99 8.59446e-101)
(25.0309 5.22353e-34 -4.55851e-36)
(27.0525 -6.45507e-35 5.63325e-37)
(27.4663 -2.94874e-35 2.57333e-37)
(28.5117 9.46728e-137 -8.26197e-139)
(25.9133 -1.61101e-34 1.40591e-36)
(28.2203 1.24837e-137 -1.08943e-139)
(25.8203 -1.68986e-34 1.47471e-36)
(28.4923 6.12076e-157 5.34151e-159)
(26.2054 -1.36346e-34 1.18988e-36)
(27.4441 -3.13653e-35 2.73721e-37)
(25.6487 -1.83526e-34 1.60161e-36)
(29.5146 3.19367e-06 4.86139e-16)
(26.2583 -1.31865e-34 1.15076e-36)
(29.6746 8.2906e-114 -7.2351e-116)
(24.9048 -2.46579e-34 2.15186e-36)
(26.2147 -1.35561e-34 1.18302e-36)
(24.9008 -2.46919e-34 2.15483e-36)
(28.9318 8.92163e-35 -7.78579e-37)
(28.2172 8.44313e-61 -7.36821e-63)
(27.2485 -4.79432e-35 4.18394e-37)
(28.8032 9.18304e-145 8.01392e-147)
(28.7618 1.35838e-155 -1.18544e-157)
(25.2081 -2.20872e-34 1.92752e-36)
(26.735 -9.14641e-35 7.98195e-37)
(24.8601 -2.50368e-34 2.18492e-36)
(26.5992 -1.02974e-34 8.98642e-37)
(25.3313 -2.10427e-34 1.83637e-36)
(28.6838 4.28781e-156 -3.74192e-158)
(24.8493 -2.51281e-34 2.1929e-36)
(27.5035 -2.63301e-35 2.2978e-37)
(24.8214 -2.53642e-34 2.2135e-36)
(28.0696 1.45364e-156 1.26858e-158)
(29.3351 1.50872e-107 -1.31664e-109)
(25.4842 -1.97473e-34 1.72332e-36)
(27.1706 -5.45429e-35 4.75989e-37)
(26.1439 -1.41559e-34 1.23537e-36)
(28.351 1.44506e-41 1.26108e-43)
(26.3572 -1.23483e-34 1.07762e-36)
(25.3329 -2.10293e-34 1.8352e-36)
(26.2379 -1.33592e-34 1.16584e-36)
(29.2246 5.34895e-48 4.66796e-50)
(27.4206 -3.3353e-35 2.91068e-37)
(28.3591 1.04954e-42 9.1592e-45)
(25.245 -2.17745e-34 1.90023e-36)
(26.6975 -9.46431e-35 8.25937e-37)
(27.189 -5.29843e-35 4.62387e-37)
(25.3888 -2.0556e-34 1.7939e-36)
(29.0163 3.13146e-48 2.73278e-50)
(25.3749 -2.06735e-34 1.80415e-36)
(24.706 -2.63422e-34 2.29885e-36)
(25.6978 -1.79371e-34 1.56535e-36)
(26.2451 1.31236e-33 1.37739e-35)
(24.6946 -2.64394e-34 2.30733e-36)
(25.7915 -1.71424e-34 1.49599e-36)
(28.0263 2.84209e-87 2.48025e-89)
(25.9682 -1.5645e-34 1.36532e-36)
(26.591 -1.03669e-34 9.04702e-37)
(28.1731 1.28368e-87 -1.12025e-89)
(24.6555 -2.67707e-34 2.33625e-36)
(25.1599 -2.2496e-34 1.9632e-36)
(27.1851 -5.33191e-35 4.65308e-37)
(29.2564 2.44039e-155 -2.1297e-157)
(25.1843 -2.2289e-34 1.94513e-36)
(24.62 -2.70715e-34 2.36249e-36)
(28.6645 2.31629e-139 2.02139e-141)
(27.5248 -2.4528e-35 2.14053e-37)
(28.8975 1.60041e-138 1.39665e-140)
(28.1554 4.73796e-74 4.13475e-76)
(24.5897 -2.73285e-34 2.38492e-36)
(28.1671 4.99831e-107 4.36196e-109)
(25.2717 -2.15478e-34 1.88045e-36)
(25.393 -2.05199e-34 1.79074e-36)
(24.5917 -2.7311e-34 2.38339e-36)
(29.9418 0.955024 6.50521e-19)
(27.9004 1.81775e-156 -1.58633e-158)
(29.3702 1.03576 0)
(29.9475 0.773261 5.42101e-19)
(29.7639 0.476711 0)
(24.9558 -1.6399e-35 1.43112e-37)
(29.7076 0.422864 5.42101e-20)
(29.2029 0.651746 2.1684e-19)
(29.7535 0.433842 1.0842e-19)
(29.5985 0.486285 2.1684e-19)
(29.4507 0.554119 -5.42101e-20)
(29.0616 0.773143 0)
(29.7624 6.17306e-87 -5.38714e-89)
(29.7688 0.258027 0)
(29.7743 0.303974 1.0842e-19)
(29.3505 0.490606 -3.38813e-20)
(29.4202 0.36758 2.1684e-19)
(29.7441 0.230211 0)
(29.6225 0.205077 1.0842e-19)
(29.6694 0.0375562 0)
(28.9125 0.593654 -2.1684e-19)
(29.7704 0.234165 -5.42101e-20)
(24.569 -2.75035e-34 2.4002e-36)
(29.727 0.0100094 0)
(28.4552 1.21491 4.33681e-19)
(29.3081 0.294635 -1.0842e-19)
(29.2219 4.63003e-156 4.04056e-158)
(28.7518 1.66168e-150 1.45012e-152)
(28.6797 0.758134 0)
(29.3725 0.0854254 0)
(29.3987 0.0712823 0)
(29.2683 0.180706 1.35525e-20)
(29.0413 4.84642e-156 -4.2294e-158)
(28.9352 0.250843 -8.13152e-20)
(29.3019 0.101578 -1.35525e-20)
(25.6169 -1.86228e-34 1.62519e-36)
(29.0655 0.121404 -2.71051e-20)
(28.2376 0.729892 -2.1684e-19)
(28.5648 0.53163 -4.33681e-19)
(28.8199 0.184077 5.42101e-20)
(28.7122 0.203884 -1.0842e-19)
(28.7857 0.143877 -4.06576e-20)
(28.8074 0.0254881 0)
(28.8324 0.206379 -5.42101e-20)
(28.1656 0.599442 0)
(28.5 0.357373 5.42101e-20)
(28.6423 0.217941 1.18585e-20)
(28.2738 0.470833 2.1684e-19)
(28.1261 0.458023 2.1684e-19)
(28.6399 0.302281 6.77626e-21)
(28.5718 0.142503 0)
(28.2868 0.21876 0)
(28.4324 0.0285882 0)
(28.2264 0.340804 2.1684e-19)
(28.2363 0.229078 -6.77626e-21)
(28.3679 0.0304227 0)
(28.5008 0.395803 5.42101e-20)
(28.2824 0.0478994 0)
(28.0908 0.470132 -2.1684e-19)
(28.2436 0.00109416 2.11758e-22)
(28.2806 0.0859492 -5.42101e-20)
(28.1184 0.208884 1.0842e-19)
(28.1527 0.152469 -5.42101e-20)
(28.0139 0.0442135 2.71051e-20)
(27.902 0.107642 5.42101e-20)
(27.8117 0.15874 6.77626e-20)
(27.4829 0.385381 1.0842e-19)
(27.6903 0.190393 -8.80914e-20)
(27.689 0.224965 0)
(27.7455 0.00600513 0)
(26.8425 1.07379 -1.6263e-19)
(27.6698 0.0431024 2.71051e-20)
(27.503 0.202732 5.42101e-20)
(27.6967 0.258574 0)
(27.5217 0.116831 5.42101e-20)
(25.8485 -1.66598e-34 1.45388e-36)
(27.3958 0.31142 1.35525e-19)
(27.4134 0.127176 0)
(27.2658 0.280249 0)
(27.3335 0.199254 0)
(27.3566 0.00969016 -3.38813e-21)
(27.3023 0.157269 1.0842e-19)
(27.2403 0.228996 -1.0842e-19)
(27.2877 0.155636 5.42101e-20)
(27.3497 0.136847 -5.42101e-20)
(27.1556 0.369375 4.06576e-20)
(27.1583 0.182773 2.71051e-20)
(27.1484 0.241157 2.71051e-20)
(27.0429 0.276498 -5.42101e-20)
(27.1002 0.17879 0)
(26.9745 0.195449 -5.42101e-20)
(27.002 0.132843 1.35525e-20)
(27.051 0.145104 -6.77626e-20)
(27.0465 0.0897165 -2.71051e-20)
(26.4919 0.651687 2.1684e-19)
(26.9225 0.106594 5.42101e-20)
(26.8128 0.154552 -6.77626e-21)
(26.9045 0.0120472 6.77626e-21)
(26.85 0.320185 0)
(26.7513 0.347706 2.1684e-19)
(26.7201 0.178152 0)
(26.5964 0.295704 2.71051e-20)
(26.4589 0.328137 2.1684e-19)
(26.5842 0.342095 1.0842e-19)
(26.6692 0.366109 1.0842e-19)
(26.877 0.0164907 1.69407e-21)
(26.658 0.163597 2.71051e-20)
(26.6807 0.00702261 0)
(26.5908 0.244897 0)
(26.5978 0.0104315 -1.69407e-21)
(26.3759 0.449461 2.1684e-19)
(26.2941 0.582818 -2.71051e-20)
(26.4865 0.290721 0)
(26.2942 0.510657 -2.1684e-19)
(26.3246 0.247923 0)
(26.3785 0.11841 0)
(26.3265 0.359128 -2.1684e-19)
(26.3362 0.168617 2.71051e-20)
(26.3501 0.104857 0)
(26.3231 0.0257447 -1.35525e-20)
(26.0536 0.304172 0)
(26.2151 0.102922 -5.42101e-20)
(26.1322 0.117525 5.42101e-20)
(26.1052 0.127072 -1.90582e-20)
(25.9753 0.24999 -1.0842e-19)
(26.0165 0.217162 -2.87991e-20)
(25.8777 0.271411 5.42101e-20)
(25.9499 0.0111395 0)
(25.5733 0.97252 4.33681e-19)
(25.8592 0.194992 -1.0842e-19)
(25.7386 0.200475 0)
(25.7228 0.318098 0)
(25.7872 0.0721242 0)
(25.7226 0.0976057 5.42101e-20)
(25.6552 0.320597 -2.71051e-20)
(25.5694 0.472314 -2.1684e-19)
(25.6725 0.131652 4.06576e-20)
(25.6591 0.129671 0)
(25.4194 0.288706 2.1684e-19)
(25.3733 0.266476 0)
(25.4398 0.0265817 -1.35525e-20)
(25.3038 0.270995 6.77626e-21)
(25.2605 0.312728 -1.0842e-19)
(25.2271 0.249623 1.35525e-19)
(25.2359 0.257824 -1.0842e-19)
(25.1295 0.114488 1.35525e-20)
(25.0514 0.393917 5.42101e-20)
(24.9333 0.411396 0)
(24.8887 0.336586 -1.0842e-19)
(24.5107 -2.79981e-34 2.44336e-36)
(24.6894 0.113898 0)
(24.6608 0.0896611 0)
(24.6413 0.269476 0)
(24.5409 0.149456 -5.42101e-20)
(34.9806 1.39599e-05 -2.12498e-15)
(35.4934 1.38694e-113 -1.21037e-115)
(32.1659 9.06071e-48 -7.90716e-50)
(32.8641 8.23097e-156 -7.18306e-158)
(32.7448 1.59652e-47 1.39326e-49)
(32.4176 5.21169e-42 -4.54817e-44)
(32.1615 1.67757e-155 1.46399e-157)
(34.3886 2.55251e-76 2.22754e-78)
(31.8398 6.75573e-156 5.89564e-158)
(31.9187 1.03449e-48 -9.02789e-51)
(31.0811 2.20306e-76 1.92258e-78)
(35.0036 5.61398e-113 4.89925e-115)
(35.3216 2.41564e-155 2.1081e-157)
(31.3191 3.17283e-138 2.76889e-140)
(34.2441 1.26651e-122 -1.10527e-124)
(34.8657 1.24847e-42 -1.08952e-44)
(32.0756 6.21908e-156 5.42731e-158)
(30.9282 5.23169e-139 4.56563e-141)
(34.7962 6.34013e-114 -5.53295e-116)
(35.4865 3.2492e-05 -4.94597e-15)
(33.251 1.0589e-93 -9.24086e-96)
(35.9932 9.68914e-156 8.45559e-158)
(32.7324 1.15944e-155 1.01183e-157)
(35.8876 1.6213e-34 1.41489e-36)
(35.596 4.29186e-114 3.74545e-116)
(33.3048 3.93577e-158 -3.43469e-160)
(35.0168 1.73136e-156 1.51094e-158)
(33.273 1.46088e-121 -1.27489e-123)
(34.7246 2.52563e-113 2.20408e-115)
(35.4714 1.91212e-05 -2.91063e-15)
(30.8113 9.42149e-139 -8.22201e-141)
(35.9966 5.06911e-54 4.42375e-56)
(35.8798 1.34868e-107 -1.17698e-109)
(35.8368 1.80581e-155 -1.5759e-157)
(33.5866 3.83962e-48 3.35078e-50)
(31.1237 4.01627e-156 3.50494e-158)
(30.9217 2.68471e-114 -2.34291e-116)
(32.7155 6.32188e-122 -5.51702e-124)
(35.4843 1.26386e-139 1.10296e-141)
(33.6715 3.03855e-122 -2.65171e-124)
(31.1516 1.12222e-155 9.79348e-158)
(31.5054 1.14374e-33 -9.98127e-36)
(31.9465 7.0626e-123 -6.16343e-125)
(30.582 6.49547e-113 5.66851e-115)
(35.8095 3.20739e-154 2.79905e-156)
(33.6701 9.83998e-123 -8.58722e-125)
(32.0528 6.24061e-155 5.4461e-157)
(34.5269 1.83843e-138 1.60437e-140)
(35.0572 4.12829e-113 3.60271e-115)
(32.7399 8.33715e-157 -7.27572e-159)
(34.5272 3.53315e-155 3.08334e-157)
(34.3557 8.47964e-122 -7.40007e-124)
(33.2249 8.12437e-157 -7.09003e-159)
(32.3354 4.40193e-156 -3.8415e-158)
(34.6332 4.42726e-156 3.86361e-158)
(33.5198 2.06799e-48 1.80471e-50)
(35.489 8.47159e-43 -7.39305e-45)
(30.5507 3.81442e-06 5.80632e-16)
(30.7391 2.51339e-06 -3.82586e-16)
(35.0007 8.67594e-88 -7.57138e-90)
(30.8237 7.21946e-88 6.30033e-90)
(30.564 3.41465e-139 -2.97992e-141)
(36.3425 5.48437e-155 -4.78614e-157)
(31.4925 1.63367e-101 1.42568e-103)
(30.7711 2.30968e-05 3.5158e-15)
(32.8515 1.0063e-93 8.78187e-96)
(33.9445 2.08072e-54 1.81581e-56)
(34.0338 1.28262e-53 -1.11933e-55)
(32.6779 4.67904e-48 4.08334e-50)
(33.8834 2.04755e-24 1.78687e-26)
(35.5654 2.11527e-158 1.84597e-160)
(34.3706 5.56772e-48 4.85888e-50)
(31.153 2.96275e-48 2.58555e-50)
(34.4984 3.19577e-60 2.78891e-62)
(33.4051 8.52795e-49 -7.44223e-51)
(31.4755 2.3875e-37 -2.08354e-39)
(31.5928 1.51146e-41 1.31903e-43)
(33.015 8.7687e-114 7.65233e-116)
(31.0557 1.11214e-155 -9.70549e-158)
(31.5443 1.15494e-75 1.0079e-77)
(31.5645 5.09266e-155 4.44429e-157)
(32.6387 9.08769e-156 7.93071e-158)
(33.5364 1.28118e-155 1.11807e-157)
(31.98 7.19479e-123 6.2788e-125)
(32.3757 1.23968e-47 1.08185e-49)
(35.4806 1.89165e-113 -1.65082e-115)
(32.2426 1.64059e-157 -1.43172e-159)
(32.949 1.10993e-155 9.68624e-158)
(33.4061 1.89338e-47 1.65233e-49)
(34.7334 1.64719e-113 1.43748e-115)
(31.4241 3.05335e-113 2.66462e-115)
(34.9064 1.171e-05 1.7825e-15)
(30.3588 5.17801e-156 -4.51878e-158)
(32.4246 5.6478e-06 8.59715e-16)
(33.7864 8.92429e-48 -7.78811e-50)
(32.7481 3.00664e-49 2.62386e-51)
(36.2545 7.38337e-108 6.44337e-110)
(36.7726 4.37995e-122 -3.82233e-124)
(35.1902 8.34425e-139 7.28192e-141)
(32.5389 7.50694e-48 6.55121e-50)
(31.7508 6.22571e-48 5.43309e-50)
(34.4666 3.05501e-75 2.66607e-77)
(32.1475 5.57868e-48 4.86844e-50)
(36.6312 6.60446e-133 -5.76363e-135)
(32.8472 2.42871e-24 -2.1195e-26)
(36.8577 7.05731e-156 6.15882e-158)
(33.5968 7.70298e-48 -6.72228e-50)
(31.8047 1.72126e-156 1.50212e-158)
(33.671 2.31263e-156 2.0182e-158)
(35.704 6.41388e-155 -5.59731e-157)
(32.006 6.66343e-113 5.81509e-115)
(34.4776 1.59323e-76 -1.39039e-78)
(31.221 1.50744e-155 1.31553e-157)
(32.8482 1.83783e-155 -1.60385e-157)
(34.6448 2.42123e-42 -2.11297e-44)
(30.3554 3.92546e-140 -3.4257e-142)
(34.3922 5.56716e-76 4.85838e-78)
(32.2411 6.61013e-48 -5.76857e-50)
(33.3243 2.3895e-156 2.08528e-158)
(32.1054 1.51815e-121 -1.32487e-123)
(34.9323 1.51017e-05 -2.29877e-15)
(30.7414 4.5635e-113 3.98251e-115)
(31.0812 7.27771e-77 -6.35116e-79)
(31.9322 1.3731e-47 1.19829e-49)
(31.8889 2.10852e-113 -1.84008e-115)
(32.2142 4.94117e-156 -4.3121e-158)
(30.2264 3.74882e-156 3.27154e-158)
(31.0277 7.37492e-24 -6.43599e-26)
(33.072 3.98039e-156 -3.47363e-158)
(30.2213 2.26618e-113 1.97767e-115)
(34.2717 3.20973e-60 2.80109e-62)
(30.2184 2.72707e-87 2.37988e-89)
(36.4029 7.8099e-115 -6.8156e-117)
(31.4469 2.89219e-138 -2.52398e-140)
(34.501 6.8215e-128 -5.95303e-130)
(35.2885 1.8115e-113 -1.58087e-115)
(35.1609 4.29191e-06 6.53322e-16)
(36.7775 2.46773e-93 2.15355e-95)
(31.2751 1.96957e-113 -1.71881e-115)
(34.523 1.06101e-06 -1.61507e-16)
(32.1304 1.34837e-156 1.1767e-158)
(36.9453 1.71953e-75 -1.50061e-77)
(31.1588 5.33633e-139 -4.65694e-141)
(32.235 2.45351e-156 2.14114e-158)
(32.0928 1.56583e-121 1.36648e-123)
(31.681 1.82206e-76 -1.59009e-78)
(32.2896 6.92771e-76 6.04572e-78)
(31.3884 8.39512e-42 7.32631e-44)
(36.9597 7.68539e-113 -6.70694e-115)
(32.2378 7.59666e-25 6.6295e-27)
(30.2036 4.19929e-140 -3.66466e-142)
(35.5141 1.84333e-155 1.60865e-157)
(36.3044 3.33129e-59 2.90718e-61)
(34.8026 8.32255e-157 -7.26298e-159)
(34.8037 3.7431e-43 3.26656e-45)
(36.6224 7.68774e-102 -6.70899e-104)
(36.7316 2.52144e-155 -2.20042e-157)
(35.9783 1.63975e-34 -1.43099e-36)
(36.9228 1.25119e-155 -1.0919e-157)
(30.9092 6.70815e-43 -5.85411e-45)
(32.7901 4.76056e-59 4.15448e-61)
(35.8014 6.291e-35 -5.49007e-37)
(36.4815 5.13318e-48 -4.47966e-50)
(30.035 2.00458e-87 1.74937e-89)
(34.3265 2.59462e-155 2.26429e-157)
(34.7433 1.17788e-05 1.79299e-15)
(31.7497 1.97711e-156 -1.7254e-158)
(36.6711 5.97342e-113 5.21292e-115)
(35.811 3.04335e-156 2.65589e-158)
(30.0245 8.49114e-114 7.4101e-116)
(34.9478 8.55128e-157 -7.46259e-159)
(30.0217 2.91226e-87 -2.54149e-89)
(32.4933 1.35012e-155 -1.17823e-157)
(30.0155 3.19228e-139 -2.78586e-141)
(30.0285 1.05138e-138 9.17524e-141)
(32.0949 2.56079e-155 -2.23477e-157)
(30.0691 5.19092e-87 -4.53005e-89)
(32.7278 3.8412e-76 3.35216e-78)
(36.2172 1.84624e-155 -1.61119e-157)
(31.1259 2.24446e-68 1.95871e-70)
(30.0314 1.13817e-156 9.93266e-159)
(32.5441 1.75383e-155 -1.53055e-157)
(29.9529 2.45852e-156 2.14551e-158)
(29.9466 3.70384e-113 -3.2323e-115)
(30.299 4.66068e-139 -4.06732e-141)
(31.9414 7.29812e-25 -6.36898e-27)
(34.416 2.41837e-156 2.11048e-158)
(30.827 1.24727e-138 -1.08847e-140)
(32.3532 3.42259e-113 2.98685e-115)
(36.2217 7.92737e-77 6.91811e-79)
(37.209 0.920053 0)
(37.19 0.630035 0)
(37.0991 0.775913 0)
(37.1655 0.764646 0)
(37.0634 0.71826 4.33681e-19)
(36.824 0.494123 0)
(36.8357 1.00724 -4.33681e-19)
(32.5051 2.14747e-156 -1.87407e-158)
(36.7812 0.744801 0)
(32.0129 2.27992e-139 -1.98966e-141)
(36.6397 0.599727 0)
(36.7 0.77057 -2.1684e-19)
(36.9151 0.48317 -1.0842e-19)
(35.9525 6.78321e-77 -5.91962e-79)
(37.2051 0.426043 -1.0842e-19)
(36.5314 0.558164 5.42101e-20)
(36.2424 0.831824 4.33681e-19)
(36.2952 0.742917 -4.33681e-19)
(36.9636 0.0627002 0)
(36.8758 0.175339 -5.0822e-20)
(36.7075 0.0251544 -6.77626e-21)
(36.6424 0.315052 -1.0842e-19)
(36.0575 0.878532 -9.21572e-19)
(35.4304 0.521817 -1.76183e-19)
(36.8741 0.257528 -6.77626e-21)
(36.6834 0.232455 0)
(35.9071 0.948332 4.33681e-19)
(36.7493 0.0631775 -5.42101e-20)
(36.0137 0.628398 0)
(36.519 0.352503 -3.25261e-19)
(36.5217 0.0888977 5.42101e-20)
(36.5095 0.0551191 -2.71051e-20)
(36.2005 0.373203 -2.1684e-19)
(36.0719 0.590118 1.0842e-19)
(36.0664 0.28512 5.42101e-20)
(36.1747 0.407074 -1.49078e-19)
(35.8446 0.625133 1.0842e-19)
(36.4017 0.110283 -1.35525e-20)
(36.2636 0.356819 -1.0842e-19)
(36.3344 0.0971156 1.65171e-20)
(36.1856 0.226242 0)
(35.9791 0.448405 0)
(36.3059 0.246188 0)
(35.9328 0.206878 0)
(36.2607 0.043958 2.71051e-20)
(35.4874 0.92213 0)
(36.1817 0.0607472 -2.71051e-20)
(36.1245 0.138983 -1.0842e-19)
(35.7646 0.394647 1.0842e-19)
(35.4451 0.417484 2.1684e-19)
(35.0415 1.0581 -2.1684e-19)
(35.9277 0.39383 -6.77626e-20)
(35.2045 0.823743 0)
(35.267 0.608284 2.1684e-19)
(35.2254 0.807882 0)
(35.8279 0.186088 -1.52466e-20)
(35.1131 0.993771 0)
(35.9401 0.0581049 0)
(35.4167 0.465885 -2.1684e-19)
(35.867 0.0949415 5.42101e-20)
(35.597 0.0687105 -1.60936e-20)
(35.3658 0.293098 -2.71051e-20)
(35.2451 0.422746 0)
(35.367 0.264338 2.1684e-19)
(35.3862 0.100257 1.35525e-20)
(35.2781 0.135984 2.71051e-20)
(34.6051 0.738689 -6.50521e-19)
(35.2848 0.375082 0)
(35.1554 0.0852457 4.06576e-20)
(34.7498 0.717681 8.67362e-19)
(34.6756 0.511332 6.77626e-20)
(35.0093 0.154524 -3.38813e-21)
(34.738 0.531958 2.1684e-19)
(34.861 0.211185 -1.0842e-19)
(34.3923 0.700954 -4.33681e-19)
(34.84 0.137137 3.38813e-20)
(34.3998 0.630239 -2.1684e-19)
(34.9836 0.16162 0)
(34.2788 0.540878 0)
(34.6961 0.187951 -1.0842e-19)
(34.7839 0.235174 4.74338e-20)
(34.8178 0.00653212 0)
(34.4105 0.624767 -1.6263e-19)
(34.6996 0.0818723 -2.71051e-20)
(34.2768 0.355562 2.1684e-19)
(34.4764 0.23478 1.35525e-19)
(34.5551 0.191114 0)
(34.6863 0.250544 -1.0842e-19)
(34.487 0.0839519 -2.71051e-20)
(34.5306 0.180651 0)
(34.1397 0.794984 -3.11708e-19)
(34.2372 0.213636 0)
(33.8472 0.654582 0)
(34.1795 0.336067 2.1684e-19)
(34.0714 0.411028 -1.0842e-19)
(33.9433 0.256271 -5.42101e-20)
(34.0315 0.347769 5.42101e-20)
(34.1345 0.102578 -5.42101e-20)
(33.3071 1.13385 -1.0842e-19)
(34.0486 0.154333 0)
(34.0311 0.137643 0)
(33.6082 0.704458 2.1684e-19)
(33.6893 0.68479 0)
(33.5265 0.0312641 6.77626e-21)
(33.6701 0.3122 0)
(33.7879 0.100637 1.69407e-21)
(33.6242 0.144026 5.42101e-20)
(33.6764 0.0727264 1.35525e-20)
(33.4124 0.346805 0)
(33.3779 0.522342 0)
(33.5987 0.17441 1.21973e-19)
(33.6099 0.015477 2.96462e-21)
(33.1371 0.849724 0)
(33.5682 0.11118 6.77626e-20)
(33.5334 0.112208 5.42101e-20)
(33.4467 0.259572 0)
(33.2239 0.406254 0)
(33.4334 0.0763958 2.71051e-20)
(33.2963 0.233282 -1.0842e-19)
(33.1446 0.139793 0)
(32.9106 0.41115 -2.1684e-19)
(32.9711 0.391781 1.35525e-20)
(33.5235 0.136391 -6.77626e-21)
(32.9861 0.322512 2.1684e-19)
(32.9936 0.163488 -4.06576e-20)
(32.3983 0.68796 8.67362e-19)
(32.9688 0.143009 -1.01644e-20)
(32.6324 0.52244 -1.0842e-19)
(32.774 0.491816 1.0842e-19)
(32.814 0.020816 0)
(32.7513 0.103548 -6.77626e-21)
(32.4883 0.746764 -5.42101e-20)
(32.6371 0.120161 0)
(32.4338 0.530154 0)
(32.6165 0.0268134 1.35525e-20)
(29.9085 1.84484e-155 -1.60997e-157)
(32.3827 0.0262934 -1.35525e-20)
(32.5932 0.234055 0)
(32.039 1.13581 -4.33681e-19)
(32.2774 0.448807 5.42101e-20)
(32.3371 0.53709 0)
(32.4084 0.12698 0)
(32.4684 0.175533 -8.13152e-20)
(32.3844 0.00386928 0)
(32.3958 0.138072 5.42101e-20)
(32.1643 0.505261 0)
(32.3177 0.20592 1.0842e-19)
(32.1639 0.475914 0)
(32.3096 0.0501234 1.35525e-20)
(32.3215 0.0493056 2.71051e-20)
(31.9214 1.69715e-67 1.48108e-69)
(32.2274 0.141386 0)
(32.1956 0.296861 0)
(32.2283 0.096849 -1.35525e-20)
(32.1069 0.361609 1.0842e-19)
(32.2021 0.774492 0)
(32.1206 0.0701626 6.77626e-21)
(32.0208 0.259382 1.0842e-19)
(31.8699 0.581314 -2.1684e-19)
(31.8307 0.341964 1.0842e-19)
(31.9192 0.389391 -2.1684e-19)
(31.8363 0.232866 1.0842e-19)
(31.9099 0.0963153 -8.47033e-21)
(31.9134 0.276265 -5.42101e-20)
(31.7754 0.286584 1.0842e-19)
(31.53 0.670952 -4.33681e-19)
(31.8139 0.170023 -1.0842e-19)
(31.7312 0.0649086 -3.38813e-21)
(31.7514 0.00729965 -8.47033e-22)
(31.6155 0.702128 -2.1684e-19)
(31.6978 0.135189 0)
(31.7117 0.100066 0)
(31.591 0.475958 0)
(31.4342 0.422779 -5.42101e-20)
(31.2928 0.615874 1.6263e-19)
(31.3156 0.23982 1.0842e-19)
(31.3913 0.0417121 1.35525e-20)
(31.3274 0.0743309 -1.35525e-20)
(31.4009 0.00574533 8.47033e-22)
(31.3238 0.0952734 5.42101e-20)
(31.1586 1.44046 7.58942e-19)
(31.1746 0.215348 0)
(31.2651 0.128932 -4.06576e-20)
(31.1531 0.221432 0)
(31.1388 0.0522402 0)
(31.0469 0.0920411 1.69407e-21)
(30.9091 0.669486 -2.1684e-19)
(31.0194 0.0729874 6.77626e-21)
(30.9165 0.490688 0)
(30.9221 0.705381 -4.33681e-19)
(30.934 0.29656 2.1684e-19)
(30.8303 0.426622 -1.0842e-19)
(30.8654 0.173819 7.28448e-20)
(30.8276 0.209666 0)
(30.7581 0.854354 2.1684e-19)
(30.7715 0.0366189 -1.35525e-20)
(30.7461 0.256752 0)
(30.6369 0.447721 2.1684e-19)
(30.6659 0.287619 0)
(30.3561 5.68188e-128 4.95851e-130)
(30.6535 0.121174 1.0842e-19)
(29.8103 4.94717e-139 -4.31733e-141)
(30.4815 1.17244 -4.33681e-19)
(30.4782 0.0141883 6.77626e-21)
(30.3939 0.068407 1.01644e-20)
(30.3794 0.0134568 -6.77626e-21)
(30.3527 0.00840658 -3.38813e-21)
(30.0525 0.565465 2.1684e-19)
(30.0467 0.0313135 1.01644e-20)
(29.8767 0.209057 -1.0842e-19)
(29.8572 0.174493 0)
(29.833 0.0557089 2.71051e-20)
(29.8048 0.300572 0)
(50.2181 0 0)
(45.1921 1.50638e-155 1.31459e-157)
(44.7369 3.38115e-06 5.14687e-16)
(41.1879 1.16134e-155 1.01349e-157)
(46.6657 1.67389e-155 1.46078e-157)
(39.7352 3.40424e-139 -2.97083e-141)
(41.6962 3.14939e-130 2.74843e-132)
(45.6885 9.9597e-55 8.6917e-57)
(43.5311 4.29482e-145 3.74803e-147)
(40.0425 1.71441e-155 -1.49615e-157)
(51.0863 5.22815e-148 -4.56254e-150)
(46.9959 2.44695e-155 -2.13542e-157)
(50.2641 3.8006e-156 3.31673e-158)
(46.5427 2.16934e-150 -1.89315e-152)
(49.8145 6.82259e-156 5.95398e-158)
(50.6625 3.22722e-154 2.81636e-156)
(44.1823 3.40857e-113 -2.97461e-115)
(40.0729 1.97791e-139 -1.7261e-141)
(43.5624 2.99434e-76 -2.61312e-78)
(47.8468 2.30899e-122 -2.01503e-124)
(38.4419 9.08465e-122 -7.92805e-124)
(38.8995 3.3405e-76 -2.91521e-78)
(42.8116 2.10159e-156 1.83403e-158)
(37.9778 4.625e-76 4.03618e-78)
(46.3619 5.67025e-103 -4.94836e-105)
(50.3039 2.27755e-51 -1.98759e-53)
(45.3096 1.64775e-155 1.43797e-157)
(45.7021 4.14711e-113 3.61913e-115)
(41.0891 1.02987e-155 -8.98757e-158)
(44.1759 2.74239e-156 2.39325e-158)
(44.8323 1.08078e-156 9.43185e-159)
(50.3097 3.71695e-156 3.24373e-158)
(44.088 2.44969e-158 -2.13781e-160)
(49.7872 8.05838e-156 -7.03244e-158)
(42.5868 1.66514e-156 1.45315e-158)
(40.1102 6.85741e-156 -5.98437e-158)
(38.0028 9.31992e-76 8.13337e-78)
(49.6497 3.83569e-48 -3.34736e-50)
(38.3672 9.44541e-25 -8.24289e-27)
(50.9775 0 0)
(44.2104 1.6496e-115 1.43958e-117)
(46.5257 2.1011e-155 -1.8336e-157)
(40.9844 1.97626e-77 1.72466e-79)
(40.1407 5.65393e-156 -4.93411e-158)
(38.0887 5.70996e-76 4.98301e-78)
(42.1394 1.17647e-156 -1.02669e-158)
(40.2772 2.0297e-113 -1.77129e-115)
(42.7162 1.5209e-121 1.32727e-123)
(38.8985 1.52303e-122 1.32912e-124)
(38.7659 3.29406e-76 2.87468e-78)
(52.2079 2.55904e-111 2.23324e-113)
(49.9735 1.16565e-110 1.01725e-112)
(52.8468 2.29331e-155 2.00135e-157)
(42.468 3.06785e-94 2.67727e-96)
(39.601 1.52234e-156 -1.32852e-158)
(49.3734 0 0)
(43.6448 1.40876e-144 -1.2294e-146)
(44.1952 2.89152e-42 -2.52339e-44)
(44.3481 6.97767e-123 -6.08932e-125)
(39.5288 4.11773e-156 -3.59349e-158)
(37.94 9.23619e-60 8.0603e-62)
(42.4856 2.38401e-157 2.08049e-159)
(45.3962 7.52628e-156 -6.56809e-158)
(39.764 5.30237e-156 -4.62731e-158)
(37.8246 9.32799e-26 -8.14041e-28)
(48.3778 8.61313e-154 7.51656e-156)
(45.3608 7.04323e-156 -6.14653e-158)
(41.8954 8.57447e-49 -7.48283e-51)
(40.7069 1.94223e-102 -1.69496e-104)
(46.2638 4.91873e-60 4.29251e-62)
(44.6123 3.90379e-50 3.40679e-52)
(40.6898 7.37317e-114 -6.43447e-116)
(44.1594 7.61795e-156 -6.64809e-158)
(48.0502 0 0)
(42.4661 7.43394e-06 -1.13159e-15)
(51.026 9.33602e-156 -8.14742e-158)
(41.423 6.6554e-155 -5.80808e-157)
(38.8114 6.3099e-156 -5.50657e-158)
(38.6688 6.68033e-157 5.82984e-159)
(43.6961 1.60943e-146 1.40453e-148)
(39.725 5.56055e-82 4.85262e-84)
(40.1703 1.8839e-156 1.64405e-158)
(37.7179 2.06807e-76 1.80478e-78)
(38.0418 8.52494e-93 -7.4396e-95)
(45.7995 1.41479e-76 -1.23467e-78)
(45.9725 3.09837e-33 -2.70391e-35)
(52.1188 4.38555e-110 -3.82721e-112)
(38.4237 5.83504e-123 5.09216e-125)
(37.8688 3.33069e-113 2.90665e-115)
(38.257 2.60964e-122 -2.2774e-124)
(44.9586 1.07311e-150 9.36485e-153)
(47.634 2.1213e-131 1.85123e-133)
(40.4515 4.33015e-25 -3.77886e-27)
(39.9548 3.51795e-156 -3.07006e-158)
(43.1753 1.38706e-155 -1.21047e-157)
(40.6001 2.10386e-76 1.83601e-78)
(52.5602 5.553e-156 4.84603e-158)
(46.9414 6.55973e-157 -5.72459e-159)
(43.4883 1.26179e-76 1.10114e-78)
(52.9849 4.64984e-156 4.05785e-158)
(48.5219 0 0)
(50.7455 7.41039e-06 1.12802e-15)
(39.6507 8.94326e-123 7.80466e-125)
(50.4767 0 0)
(38.6687 2.23037e-122 1.94641e-124)
(41.9605 6.89771e-155 6.01954e-157)
(49.4403 2.14583e-138 -1.87264e-140)
(43.3096 3.49034e-156 3.04598e-158)
(43.2165 8.52049e-156 -7.43572e-158)
(41.0113 3.72222e-156 3.24833e-158)
(45.2333 1.55522e-102 -1.35722e-104)
(40.8283 4.11635e-78 -3.59229e-80)
(49.0617 3.02772e-156 2.64225e-158)
(38.5718 5.70917e-76 -4.98232e-78)
(48.7421 0 0)
(45.2247 6.91003e-155 6.0303e-157)
(40.6116 2.52767e-76 -2.20587e-78)
(45.1827 2.71983e-155 2.37356e-157)
(46.0098 2.87832e-139 2.51187e-141)
(41.5045 1.82631e-155 1.5938e-157)
(39.0661 5.79551e-27 -5.05767e-29)
(41.0857 2.09701e-156 1.83003e-158)
(47.3778 5.08779e-156 4.44004e-158)
(38.5844 5.63463e-60 4.91727e-62)
(43.4232 1.31544e-156 1.14796e-158)
(51.0637 1.93933e-50 -1.69243e-52)
(50.7591 4.84745e-156 4.23031e-158)
(37.6639 4.6781e-156 4.08252e-158)
(40.0676 6.57932e-155 5.74169e-157)
(50.6188 1.02681e-36 8.96086e-39)
(49.6718 4.50806e-47 -3.93412e-49)
(37.5072 3.50594e-156 -3.05959e-158)
(40.7577 6.36176e-156 -5.55183e-158)
(49.0128 4.9247e-157 -4.29772e-159)
(37.5149 3.89693e-122 -3.4008e-124)
(52.9899 0 0)
(45.2932 4.10157e-156 3.57939e-158)
(39.431 5.26844e-76 4.5977e-78)
(52.7756 0 0)
(42.8379 1.39844e-155 -1.2204e-157)
(38.3966 3.51249e-25 3.0653e-27)
(41.6495 2.03525e-156 1.77614e-158)
(44.234 2.22977e-49 -1.94589e-51)
(47.7472 1.6844e-56 -1.46996e-58)
(45.7229 3.77309e-157 3.29273e-159)
(37.7571 2.5778e-93 -2.24961e-95)
(43.0178 4.78134e-156 -4.17261e-158)
(50.4877 1.23872e-155 -1.08102e-157)
(45.5461 1.74509e-139 1.52291e-141)
(37.9587 9.51137e-27 8.30045e-29)
(49.3158 8.19046e-144 7.14771e-146)
(40.7561 6.33232e-77 5.52613e-79)
(51.6641 0 0)
(52.9005 1.8643e-155 1.62695e-157)
(41.0135 1.00433e-130 -8.76468e-133)
(47.6722 1.44027e-101 -1.25691e-103)
(37.3982 1.19988e-76 1.04712e-78)
(38.2969 2.82604e-114 -2.46625e-116)
(37.6216 3.93923e-123 -3.43772e-125)
(47.9754 5.29847e-85 -4.6239e-87)
(41.0975 1.99054e-156 1.73712e-158)
(37.8154 9.59914e-78 8.37704e-80)
(40.873 1.5037e-113 1.31226e-115)
(44.9411 4.32295e-05 -6.58038e-15)
(39.6281 2.66295e-155 -2.32392e-157)
(45.0205 3.93794e-48 -3.43659e-50)
(42.4355 6.06455e-156 5.29245e-158)
(39.4054 2.54053e-76 2.21708e-78)
(51.6194 0 0)
(37.3579 1.22086e-155 -1.06543e-157)
(44.2114 2.6744e-114 2.33391e-116)
(49.651 1.91133e-156 1.66799e-158)
(38.2279 9.11604e-156 7.95545e-158)
(41.093 3.97698e-102 3.47066e-104)
(37.5867 4.95474e-76 4.32394e-78)
(44.4214 6.21059e-122 5.4199e-124)
(43.3096 1.82747e-114 -1.59481e-116)
(48.7506 1.64229e-155 -1.4332e-157)
(49.4187 2.4546e-130 -2.14209e-132)
(44.7744 5.1152e-49 4.46397e-51)
(40.979 1.52201e-155 1.32824e-157)
(46.9951 6.75425e-156 -5.89434e-158)
(50.8091 1.22582e-157 1.06976e-159)
(44.9237 1.12783e-150 -9.84242e-153)
(42.4885 4.60395e-26 4.0178e-28)
(39.4295 2.95111e-156 2.57539e-158)
(41.133 6.35889e-145 -5.54932e-147)
(40.0325 0.00601423 0)
(43.6694 1.21348e-65 -1.05899e-67)
(37.8438 3.70321e-122 3.23175e-124)
(47.9148 1.16794e-145 -1.01925e-147)
(49.1056 2.19559e-155 -1.91606e-157)
(51.6419 2.82489e-43 2.46525e-45)
(46.828 5.71204e-156 -4.98483e-158)
(47.2699 8.60371e-156 -7.50834e-158)
(51.2224 0 0)
(41.865 1.51715e-144 -1.32399e-146)
(44.3618 4.03679e-94 -3.52286e-96)
(52.3512 0 0)
(50.505 1.06021e-51 -9.25227e-54)
(44.9637 1.13844e-155 -9.93506e-158)
(45.1221 1.27184e-155 -1.10991e-157)
(42.4912 1.96516e-93 -1.71497e-95)
(38.4801 6.27573e-26 5.47675e-28)
(38.2188 1.81078e-155 -1.58025e-157)
(47.1777 1.28137e-155 1.11824e-157)
(52.5848 1.46385 0)
(52.8315 1.13957 -4.33681e-19)
(52.2521 1.27836 -4.33681e-19)
(52.275 1.13742 -1.0842e-19)
(51.605 1.68766 -8.67362e-19)
(39.5946 6.9556e-49 6.07006e-51)
(51.0858 2.36109 0)
(49.4908 1.84155e-110 -1.6071e-112)
(52.6348 0 0)
(52.8399 0.813244 5.42101e-20)
(52.1831 0.765781 -1.0842e-19)
(52.7972 0.7532 -1.0842e-19)
(50.3215 0 0)
(52.2175 1.04827 0)
(52.057 0.467043 -1.0842e-19)
(52.1121 0.90278 0)
(51.6521 1.01741 -4.33681e-19)
(52.0449 0.810605 0)
(41.7399 2.34491e-155 2.04637e-157)
(52.0012 1.23646 0)
(52.9462 0.207235 -1.0842e-19)
(52.8168 0.286502 0)
(52.9017 0.0691339 6.77626e-21)
(51.4598 0.893553 4.33681e-19)
(52.5679 0.300408 0)
(37.9282 5.3396e-157 -4.6598e-159)
(52.723 0.181302 -3.38813e-21)
(50.4439 1.31363 -8.67362e-19)
(52.5673 0.103838 -2.71051e-20)
(52.1037 0.602494 1.6263e-19)
(45.7259 2.75031e-114 2.40016e-116)
(49.9499 1.3382 4.33681e-19)
(51.3839 0.788801 8.67362e-19)
(52.0757 0.0166548 8.47033e-21)
(52.2109 0.228213 -1.0842e-19)
(52.3974 0.307051 5.42101e-20)
(52.1593 0.20804 6.77626e-20)
(52.105 0.461618 -2.1684e-19)
(51.3085 1.05727 0)
(51.5085 0.19232 0)
(52.2802 0.266738 0)
(50.8821 1.22425 0)
(51.7551 0.343046 -1.6263e-19)
(51.8849 0.321265 0)
(50.0132 1.17473 0)
(51.9882 0.256949 -2.71051e-20)
(50.4133 1.0671 -2.1684e-19)
(51.6954 0.0132977 0)
(51.7827 0.156251 1.0842e-19)
(50.8785 0.876618 0)
(51.5489 0.461289 -2.1684e-19)
(37.1967 1.40781e-155 -1.22858e-157)
(50.7072 0.941938 0)
(51.3456 0.0960637 -6.77626e-21)
(51.648 0.351572 0)
(51.2387 0.568532 0)
(47.9037 1.59524e-155 -1.39214e-157)
(50.5102 0.64239 0)
(42.4226 4.51404e-156 -3.93934e-158)
(50.5822 0.654261 -4.33681e-19)
(40.9138 2.27662e-121 -1.98677e-123)
(51.1912 0.761936 0)
(51.1911 0.566219 0)
(51.1457 0.333393 0)
(51.3695 0.242782 9.48677e-20)
(51.2861 0.199037 0)
(51.1944 0.178375 0)
(43.8708 1.04827e-155 -9.14808e-158)
(50.7809 0.0841939 -2.71051e-20)
(50.787 0.0630082 5.42101e-20)
(50.7251 0.198393 -4.06576e-20)
(50.6334 0.622745 -4.33681e-19)
(50.4457 0.832085 2.1684e-19)
(50.894 0.081272 -4.06576e-20)
(50.8846 0.000338812 0)
(51.0833 0.572028 0)
(49.7421 0.608482 -1.35525e-19)
(50.7278 0.00930294 -5.92923e-21)
(50.5395 0.439518 -4.33681e-19)
(50.6777 0.329596 0)
(50.4227 0.163709 0)
(48.52 2.15595 -6.64074e-19)
(50.545 0.304184 -2.1684e-19)
(49.6073 0.869946 0)
(50.4431 0.139531 0)
(49.3719 0.873409 4.33681e-19)
(50.7763 0.273972 -1.0842e-19)
(50.2135 0.246589 1.0842e-19)
(49.0543 1.09183 3.38813e-20)
(41.771 8.0317e-82 7.00916e-84)
(49.2224 1.11736 4.33681e-19)
(50.0454 0.0119228 0)
(49.8041 0.540491 2.1684e-19)
(48.6944 1.212 8.67362e-19)
(50.2336 0.662848 -2.1684e-19)
(37.2867 1.00351e-121 8.7575e-124)
(49.7279 0.405947 1.0842e-19)
(49.765 0.07231 7.6233e-21)
(49.5544 0.355401 3.38813e-20)
(49.7209 0.140097 -5.42101e-20)
(48.3891 1.28062 1.0842e-19)
(49.5742 0.20029 2.71051e-20)
(49.85 0.053602 8.47033e-21)
(48.401 1.1976 2.71051e-19)
(48.8556 0.905995 -2.1684e-19)
(49.6298 0.15733 5.42101e-20)
(49.6768 0.115203 0)
(47.3269 1.0408e-130 -9.08292e-133)
(49.1747 0.325501 5.42101e-20)
(45.2306 5.44365e-60 4.7506e-62)
(49.521 0.177136 0)
(49.5611 0.0581603 5.42101e-20)
(49.2859 0.278672 -2.1684e-19)
(49.1929 0.283976 -1.35525e-19)
(49.1892 0.452676 -2.71051e-19)
(49.6343 0.157413 0)
(49.1261 0.281821 1.0842e-19)
(49.3191 0.365254 -2.71051e-20)
(49.0188 0.488139 -1.6263e-19)
(49.1496 0.436299 -5.42101e-20)
(48.0074 1.11239 0)
(48.6118 0.501805 0)
(48.9201 0.035739 0)
(48.9846 0.116506 -8.47033e-21)
(48.9393 0.125094 0)
(48.76 0.383688 0)
(48.4053 0.549641 1.0842e-19)
(48.4278 0.596084 -4.33681e-19)
(48.0631 0.939761 -2.1684e-19)
(48.3078 0.616632 -2.1684e-19)
(48.6859 0.00382146 0)
(48.7002 0.584239 -2.1684e-19)
(48.648 0.179971 0)
(47.8725 0.653975 -4.33681e-19)
(48.6058 0.0675089 6.09864e-20)
(48.4029 0.218482 0)
(47.752 0.78889 0)
(47.6639 0.844512 0)
(48.2945 0.219031 -1.0842e-19)
(46.5678 2.29036 1.73472e-18)
(47.3909 0.742353 1.0842e-19)
(48.3316 0.0573245 -2.71051e-20)
(47.882 0.833979 0)
(48.2473 0.301462 0)
(47.2325 0.808215 4.33681e-19)
(48.0124 0.211816 5.42101e-20)
(48.2432 0.450832 0)
(48.0259 0.141753 -8.13152e-20)
(48.189 0.188286 1.0842e-19)
(47.3245 0.309323 -8.13152e-20)
(47.8193 0.244747 0)
(47.3648 0.544233 5.42101e-20)
(38.9731 1.36882e-76 1.19455e-78)
(47.7681 0.511328 3.25261e-19)
(47.8563 0.475995 2.71051e-20)
(47.3113 0.511818 5.42101e-20)
(47.1223 0.492901 2.1684e-19)
(47.6348 0.0723126 5.42101e-20)
(47.2478 0.211739 0)
(47.595 0.0615324 0)
(47.0632 0.284054 -1.35525e-19)
(47.1678 0.279238 1.0842e-19)
(47.1907 0.0969009 -2.71051e-20)
(46.2572 0.978205 -1.0842e-19)
(47.3734 0.299132 1.0842e-19)
(46.2284 0.953175 2.1684e-19)
(47.0305 0.414364 2.1684e-19)
(46.8697 0.568425 0)
(45.2612 1.32478 0)
(40.7243 1.80889e-155 1.57859e-157)
(46.6438 0.115513 0)
(46.7494 0.373976 2.03288e-20)
(46.8309 0.184695 0)
(46.5849 0.49113 3.25261e-19)
(46.5679 0.0906614 5.42101e-20)
(46.766 0.0949714 2.71051e-20)
(46.5297 0.123015 -6.43745e-20)
(47.1244 0.355446 0)
(46.4893 0.354762 1.0842e-19)
(46.5064 0.178164 0)
(46.6424 0.207299 0)
(41.4921 7.01766e-156 6.12422e-158)
(46.4621 0.013915 -1.69407e-21)
(46.4045 0.477191 1.0842e-19)
(37.1356 1.85178e-155 1.61602e-157)
(46.677 0.161854 -5.42101e-20)
(46.3599 0.29363 -2.71051e-20)
(44.0138 3.9578 0)
(46.5027 0.3059 5.42101e-20)
(44.9568 2.13842 0)
(46.3724 0.189281 2.71051e-20)
(46.3059 0.434789 1.15196e-19)
(46.3438 0.00502883 0)
(45.6881 0.361554 0)
(46.1227 0.244378 1.0842e-19)
(46.1117 0.273745 1.0842e-19)
(46.2534 0.516845 0)
(46.0029 0.347212 0)
(45.9655 0.267801 -1.0842e-19)
(45.8695 0.0610038 0)
(46.1171 0.034182 3.38813e-20)
(45.7119 0.16693 -5.42101e-20)
(40.2051 1.03461e-25 -9.02894e-28)
(45.5806 0.103824 0)
(37.1229 2.86317e-75 -2.49865e-77)
(45.3848 0.18654 0)
(37.1951 2.36639e-76 2.06512e-78)
(45.7985 0.0576902 0)
(45.3776 0.24674 0)
(45.5122 0.629206 2.1684e-19)
(37.5017 7.24738e-156 6.32469e-158)
(45.7571 0.188972 5.42101e-20)
(45.4098 0.123604 0)
(44.9232 0.678805 -2.71051e-20)
(44.9141 0.714874 3.25261e-19)
(45.2639 0.10863 0)
(45.2061 0.133473 -5.42101e-20)
(45.0148 0.116044 0)
(45.0308 0.0829817 5.42101e-20)
(44.9722 0.126237 1.35525e-20)
(44.8833 0.0766591 8.13152e-20)
(45.1646 0.0781597 2.71051e-20)
(44.7838 0.595126 0)
(44.8221 0.0782281 -6.77626e-21)
(44.7475 0.11433 -3.38813e-20)
(42.988 3.66477 -1.73472e-18)
(44.4398 0.548219 1.0842e-19)
(44.3944 0.12625 7.7927e-20)
(44.4709 0.170582 -1.0842e-19)
(44.4459 0.535107 5.42101e-20)
(44.3518 0.0796493 -5.42101e-20)
(44.3279 0.00126026 0)
(44.2478 0.219662 -1.0842e-19)
(44.4035 0.0177163 2.75286e-21)
(43.8321 0.946176 0)
(38.8898 1.89414e-122 -1.65299e-124)
(44.1488 0.066683 -3.38813e-20)
(43.9662 0.363027 -2.1684e-19)
(43.9248 0.717704 1.0842e-19)
(44.1197 0.335855 0)
(44.0474 0.489342 5.42101e-20)
(44.0262 0.117298 2.71051e-20)
(43.8337 0.0743383 0)
(39.4799 6.05764e-20 -5.28642e-22)
(43.9161 0.618798 2.1684e-19)
(44.0005 0.0406924 2.71051e-20)
(43.943 0.417016 2.71051e-20)
(43.8029 0.0505311 0)
(43.5049 0.411822 2.1684e-19)
(39.2119 1.37894e-156 1.20338e-158)
(43.4017 0.621043 -1.0842e-19)
(43.2906 0.79822 0)
(43.6683 0.10958 1.69407e-20)
(42.7406 1.30115 1.0842e-19)
(43.6854 0.52725 0)
(43.4496 0.0400457 0)
(43.4084 0.438457 0)
(43.4373 0.0737702 -1.35525e-20)
(43.5245 0.0933309 -5.75982e-20)
(43.3645 0.319299 0)
(43.063 0.315897 2.71051e-20)
(43.3816 0.0451255 -1.35525e-20)
(43.1506 0.657948 -2.1684e-19)
(43.6308 0.367402 -2.1684e-19)
(43.2225 0.381887 -1.0842e-19)
(43.1704 0.0767427 1.35525e-20)
(43.1198 0.511591 -2.1684e-19)
(43.256 0.20318 -5.42101e-20)
(42.9298 0.336544 0)
(43.1105 0.036558 0)
(42.6225 0.750623 3.25261e-19)
(42.5812 0.123764 0)
(42.7725 0.766723 -2.1684e-19)
(42.8502 0.323389 -1.0842e-19)
(41.6667 4.29098e-131 3.74468e-133)
(42.6012 0.670155 1.0842e-19)
(42.6998 0.375644 0)
(41.975 1.53296 -2.1684e-19)
(42.5428 0.329936 1.0842e-19)
(42.6852 0.00884161 4.23516e-22)
(42.5783 0.419764 0)
(42.5931 0.387332 -1.0842e-19)
(42.4665 0.0928086 2.71051e-20)
(42.4616 0.175194 0)
(42.49 0.457696 0)
(42.4273 0.169053 -5.42101e-20)
(42.5546 0.321847 2.1684e-19)
(42.4837 0.662366 -2.1684e-19)
(42.3762 0.0115868 -3.38813e-21)
(42.3254 0.0790635 -3.38813e-21)
(42.1631 0.652452 -1.0842e-19)
(42.1602 0.0374611 1.35525e-20)
(42.1388 0.370405 0)
(41.7967 2.07902 0)
(42.0203 0.0566245 0)
(41.8379 0.727409 -5.42101e-20)
(41.9744 0.112513 -2.71051e-20)
(41.976 0.603536 0)
(37.0748 1.48857e-122 1.29905e-124)
(41.8502 0.44008 1.21973e-19)
(41.1435 1.58 8.67362e-19)
(41.6384 0.268186 -3.11708e-19)
(41.6349 0.715334 -6.77626e-20)
(41.677 0.0157106 -1.18585e-20)
(41.5611 0.662421 0)
(41.5172 0.609289 2.1684e-19)
(41.3598 0.179276 5.42101e-20)
(41.5524 0.413407 0)
(41.2403 0.143318 -1.35525e-20)
(41.3348 0.00719717 1.69407e-21)
(41.5941 0.210135 0)
(39.9249 1.0597e-139 9.24787e-142)
(41.1395 0.298821 5.42101e-20)
(37.0696 4.7877e-156 -4.17817e-158)
(41.1127 0.916405 2.1684e-19)
(41.6214 0.294593 -1.6263e-19)
(41.3463 0.349922 2.1684e-19)
(41.4692 0.38155 -8.47033e-20)
(41.2067 0.0921385 0)
(41.2614 0.0110872 -6.77626e-21)
(40.8797 0.992187 -2.1684e-19)
(41.0054 0.160671 -1.0842e-19)
(40.9664 0.388767 -2.1684e-19)
(41.0287 0.176943 5.75982e-20)
(40.9469 0.680431 0)
(40.9359 0.69503 0)
(41.1064 0.592129 2.1684e-19)
(40.8404 0.27282 0)
(40.7024 0.988014 0)
(38.0216 3.38455e-05 5.15194e-15)
(40.9139 0.532855 -4.33681e-19)
(40.9683 0.0417002 -4.06576e-20)
(40.81 0.0814814 -2.03288e-20)
(40.8168 0.636971 -1.0842e-19)
(40.744 0.859079 0)
(40.7701 0.603381 0)
(40.5081 0.484114 3.38813e-20)
(40.4273 0.681264 -4.33681e-19)
(40.2696 0.229343 0)
(40.3813 0.535199 -8.13152e-20)
(40.3787 0.432094 0)
(40.2769 0.572244 2.1684e-19)
(39.5516 3.44759 0)
(40.0121 0.0964672 -6.77626e-21)
(40.249 0.427557 0)
(40.1685 0.428776 -2.1684e-19)
(39.9252 0.381028 -1.0842e-19)
(39.6492 0.174017 0)
(39.6891 0.87232 2.1684e-19)
(39.622 0.0730158 1.35525e-20)
(39.4612 1.13129 -4.33681e-19)
(39.4799 0.151069 1.0842e-19)
(39.4316 0.0790162 -2.71051e-20)
(39.4545 0.591453 3.79471e-19)
(39.3979 0.53347 -2.1684e-19)
(39.389 0.438634 -3.25261e-19)
(39.185 0.24756 0)
(39.1228 0.100127 4.06576e-20)
(39.0521 0.191094 6.77626e-20)
(39.0005 1.09714 -3.25261e-19)
(38.9207 0.00151662 0)
(38.8934 0.999275 1.0842e-19)
(38.8208 0.0268263 -1.35525e-20)
(38.8149 0.209896 0)
(38.786 0.150388 -1.0842e-19)
(38.8176 0.859874 0)
(38.6777 0.172734 1.35525e-20)
(38.9323 0.411587 -2.1684e-19)
(38.9176 0.434773 0)
(38.754 0.506085 -2.1684e-19)
(38.527 0.00780664 -3.38813e-21)
(38.4455 0.184176 -1.35525e-20)
(38.3338 0.338044 -2.71051e-20)
(38.3534 1.03529 -4.74338e-20)
(38.4906 0.429967 -2.1684e-19)
(38.2177 0.128507 -8.13152e-20)
(38.2814 0.194754 5.42101e-20)
(38.1439 0.161589 -9.48677e-20)
(38.1359 0.026276 0)
(38.3606 0.573024 1.6263e-19)
(38.0566 0.260155 1.0842e-19)
(38.3065 0.343021 -5.42101e-20)
(38.117 0.0743671 0)
(38.0296 0.0250959 -3.38813e-21)
(38.1382 1.00002 4.33681e-19)
(38.161 0.665245 -3.25261e-19)
(37.8919 0.236755 5.42101e-20)
(38.1651 0.382193 0)
(37.6573 4.99906e-156 -4.36262e-158)
(37.6812 0.152675 -5.42101e-20)
(37.8565 0.403149 -1.0842e-19)
(37.8583 0.332023 -2.1684e-19)
(37.5466 0.176182 -2.71051e-20)
(37.4642 0.114244 6.77626e-21)
(37.4542 0.170417 0)
(37.4232 0.156329 -1.0842e-19)
(37.3372 0.00856974 0)
(37.5893 0.397684 1.0842e-19)
(37.304 0.206003 0)
(37.2832 0.119274 0)
(37.4822 0.491978 1.0842e-19)
(37.1731 0.118738 6.77626e-21)
(37.4032 1.77073 8.67362e-19)
(37.0406 0.195634 5.42101e-20)
)


// ************************************************************************* //
