/*--------------------------------*- C++ -*----------------------------------*\
  =========                 |
  \\      /  F ield         | OpenFOAM: The Open Source CFD Toolbox
   \\    /   O peration     | Website:  https://openfoam.org
    \\  /    A nd           | Version:  7
     \\/     M anipulation  |
\*---------------------------------------------------------------------------*/
FoamFile
{
    version     2.0;
    format      ascii;
    class       vectorField;
    location    "0.7/lagrangian/reactingCloud1";
    object      UTurb;
}
// * * * * * * * * * * * * * * * * * * * * * * * * * * * * * * * * * * * * * //


2449
(
(-1.24216 -10.0969 -1.16292)
(0 0 0)
(0 0 0)
(0 0 0)
(0 0 0)
(0 0 0)
(0 0 0)
(0 0 0)
(0 0 0)
(0 0 0)
(0 0 0)
(0 0 0)
(0 0 0)
(0 0 0)
(0 0 0)
(0 0 0)
(0 0 0)
(0 0 0)
(0 0 0)
(0 0 0)
(0 0 0)
(0 0 0)
(0 0 0)
(0 0 0)
(0 0 0)
(0 0 0)
(0 0 0)
(0 0 0)
(0 0 0)
(0 0 0)
(0 0 0)
(0 0 0)
(0 0 0)
(0 0 0)
(0 0 0)
(0 0 0)
(0 0 0)
(0 0 0)
(0 0 0)
(0 0 0)
(0 0 0)
(0 0 0)
(-1.72768 -4.89837 -1.72089)
(-8.78717 -10.4262 -0.237575)
(-0.785019 0.0063392 -1.37043)
(3.16627 0.420202 0.453689)
(12.3403 0.758571 0.357783)
(4.99033 2.19107 1.53699)
(-2.63142 2.56738 4.25391)
(0.585895 0.512084 0.552018)
(0 0 0)
(0 0 0)
(0 0 0)
(0 0 0)
(0 0 0)
(-0.0539903 -0.944999 0.526542)
(-1.2363 0.818402 2.21957)
(0 0 0)
(0 0 0)
(0 0 0)
(0 0 0)
(0 0 0)
(0 0 0)
(-0.055119 -1.63064 -0.120616)
(0 0 0)
(0 0 0)
(0 0 0)
(0 0 0)
(0 0 0)
(0 0 0)
(-0.526724 -2.70763 1.13085)
(0.667413 -0.336868 -0.382561)
(0 0 0)
(2.98523 4.83861 3.97649)
(1.65513 -0.122605 1.70747)
(0 0 0)
(0 0 0)
(0 0 0)
(2.13838 0.7283 2.40107)
(4.72898 4.70725 -0.752412)
(0 0 0)
(0 0 0)
(0 0 0)
(0 0 0)
(2.09292 -6.70816 9.96265)
(0 0 0)
(0 0 0)
(0 0 0)
(0 0 0)
(0 0 0)
(0 0 0)
(1.26041 2.15111 -0.243316)
(0 0 0)
(0 0 0)
(0 0 0)
(0 0 0)
(0 0 0)
(0 0 0)
(0 0 0)
(0 0 0)
(0 0 0)
(0 0 0)
(-1.45066 -1.45452 -0.041897)
(0 0 0)
(0 0 0)
(0 0 0)
(0 0 0)
(0 0 0)
(0.0541476 1.23804 -0.225634)
(0 0 0)
(13.1349 -9.34106 1.14912)
(2.04434 -1.97012 -6.11172)
(-17.1139 9.95092 4.36048)
(0 0 0)
(0 0 0)
(1.80117 0.0808621 0.0455319)
(6.74315 2.30746 -1.31925)
(-5.59893 3.87014 -5.01364)
(0 0 0)
(-1.64997 -5.00315 -1.62298)
(-2.58918 -2.31965 -5.11205)
(0 0 0)
(0 0 0)
(0 0 0)
(0 0 0)
(0 0 0)
(0 0 0)
(0 0 0)
(0 0 0)
(-1.6206 1.86573 1.50252)
(2.8033 0.0133562 -1.39994)
(0 0 0)
(0 0 0)
(-1.03499 -2.23352 1.58546)
(-4.38731 -5.16204 -2.86315)
(-0.0816915 -3.23025 1.22287)
(0 0 0)
(0 0 0)
(-0.423146 -1.69545 -2.59061)
(0 0 0)
(0 0 0)
(-8.63835 1.97516 4.66891)
(-1.01277 -4.42593 0.542777)
(-3.71423 1.14104 0.670729)
(2.79288 1.13015 -0.154555)
(0 0 0)
(-0.0498914 0.519519 3.59948)
(-0.0114891 -0.113967 -0.0285135)
(0.25535 0.584424 -2.98785)
(0.8144 0.12733 -0.293733)
(0 0 0)
(-1.67808 0.852157 -2.80669)
(0 0 0)
(2.60085 1.57464 -2.97711)
(-0.613732 7.05924 6.81102)
(-4.3873 0.484735 -0.56588)
(-0.218742 -5.39029 3.01068)
(5.34906 1.08843 4.20315)
(0 0 0)
(-0.701564 2.40064 -2.23432)
(0 0 0)
(3.7029 -0.318615 -1.39851)
(25.0968 27.1593 -0.579327)
(0 0 0)
(0 0 0)
(0.83067 1.83817 -2.40076)
(14.4658 -4.6523 8.94689)
(0 0 0)
(0.900384 -0.47544 1.57041)
(-8.65695 -6.63913 -0.0588437)
(-0.0186795 -4.20938 -2.72314)
(0 0 0)
(-0.977237 -1.71497 -0.316064)
(0 0 0)
(2.47081 3.81964 3.24884)
(1.91779 -0.565371 1.74985)
(0 0 0)
(-2.04604 1.47389 -1.73885)
(0 0 0)
(-0.196913 0.71389 0.154204)
(-1.62773 9.08686 -4.38101)
(0.0950244 0.0466622 0.07393)
(0 0 0)
(-0.0891415 0.153404 -2.98753)
(6.60569 4.5095 2.04474)
(0.487887 0.990807 1.17773)
(0 0 0)
(-0.154316 -0.654223 -0.328982)
(0 0 0)
(-1.23848 -0.347658 -0.74551)
(-16.2831 7.7825 -0.498586)
(-2.69374 0.0970428 -4.23853)
(0.33944 -0.387341 0.210812)
(-6.11614 -3.21604 2.46496)
(0 0 0)
(-0.0494888 2.06143 -1.51473)
(0 0 0)
(-0.28617 -0.350992 0.862638)
(0 0 0)
(-1.72492 -0.555359 0.127353)
(0 0 0)
(0.622339 0.0384062 0.387045)
(0.000761459 0.217649 0.00449349)
(0 0 0)
(-5.14862 -9.80731 1.46956)
(-0.894577 -1.30864 -1.24623)
(2.90359 1.29248 -0.131467)
(-3.21044 -7.85766 4.40834)
(0 0 0)
(-5.03417 -2.64065 -4.28282)
(6.8722 9.32393 -8.20256)
(1.52928 -9.32929 0.120007)
(-0.135676 -0.0496146 -1.21742)
(0.186308 -4.43174 5.19983)
(-0.615035 -4.06246 3.3402)
(0 0 0)
(-2.03771 0.521575 6.40917)
(-1.84928 3.67236 -3.38077)
(0.910937 -1.35501 -0.62961)
(-6.47251 0.40934 1.09499)
(-0.293167 -1.60614 -1.28308)
(0.442895 -0.612294 -0.164306)
(0 0 0)
(0 0 0)
(0.0361867 7.10566 -0.643165)
(1.9773 -1.55751 -1.04893)
(-0.0933675 0.150877 -0.0942065)
(-5.8302 -1.2853 2.36397)
(-5.06266 -1.63057 0.905069)
(-1.09717 -0.526035 0.0102059)
(0 0 0)
(2.1055 -18.0402 -8.95092)
(1.16766 -1.98481 0.981645)
(-28.6118 7.50557 1.29417)
(0.950615 4.73788 -3.3009)
(-0.366094 -0.348266 1.18095)
(7.42976 -11.738 -3.10149)
(0.284649 0.0932116 -0.37834)
(0.197137 -1.73658 -1.63202)
(0 0 0)
(8.28183 35.7867 3.08818)
(-3.59458 6.49239 3.16017)
(0 0 0)
(-10.2801 -12.677 2.99725)
(0 0 0)
(-3.77456 8.55019 0.951227)
(0.17294 -0.0914336 0.187702)
(-5.58478 -11.0631 -1.85945)
(0.148362 -0.424571 -1.02646)
(0 0 0)
(2.03589 -2.20083 -0.608202)
(-3.36211 -3.42108 -5.89866)
(-0.271205 -0.351381 1.52082)
(-1.75276 -0.275658 -2.93804)
(0.193977 -0.34723 0.373606)
(-2.5645 -0.743301 -0.397269)
(0.388508 1.27416 -2.57764)
(-3.11159 7.43963 5.68463)
(-3.54058 -3.46748 2.00245)
(-4.68602 -1.36066 -2.17087)
(-1.58033 -1.32692 0.42039)
(-1.14868 0.756477 0.548894)
(2.2366 -3.11915 1.21037)
(0 0 0)
(2.95841 -7.05017 -0.785165)
(-2.76283 -3.35058 -4.30619)
(-0.73177 -0.651757 -0.154334)
(1.84637 0.74829 -0.281086)
(0.966552 -0.830317 1.93587)
(0 0 0)
(-0.385739 -5.14075 -3.56628)
(6.69763 -4.16084 -2.4377)
(4.66868 -15.4193 -1.19173)
(2.03601 -3.51937 -1.48686)
(21.8005 -7.50994 -4.29898)
(1.59747 1.02838 -2.16296)
(-3.11534 3.36765 -1.0253)
(-2.04879 1.84432 2.33141)
(1.20396 0.806994 0.568999)
(3.11533 -0.587542 -0.932877)
(0 0 0)
(0 0 0)
(0.492823 0.458924 0.615221)
(6.8929 -8.38451 0.818367)
(-4.44188 1.50613 -1.22211)
(-2.93052 1.02318 3.38655)
(6.52473 6.26621 -2.17239)
(-2.42686 -2.22708 -0.358862)
(10.8168 -15.961 8.05869)
(-0.854551 2.20009 -4.56636)
(-1.65702 2.08605 -1.04687)
(1.7996 -0.922209 2.61846)
(-0.349149 -0.0434557 -0.317691)
(-1.24887 -6.30908 -0.4497)
(-1.88654 -0.201023 -0.562935)
(6.08356 1.03343 -1.45659)
(-0.789639 -2.94364 0.708017)
(0.0335787 0.00837889 0.028131)
(3.28734 -4.7669 -1.10298)
(0 0 0)
(2.0698 1.73601 3.19426)
(12.5062 11.3294 -0.456719)
(0 0 0)
(0 0 0)
(2.41687 -2.34587 0.558804)
(8.21452 5.90814 5.62004)
(1.19352 -1.90446 0.945763)
(-0.300677 0.49283 -0.234653)
(-9.45721 14.3597 2.63658)
(0 0 0)
(-0.151021 -0.832279 -0.145192)
(0.745884 1.0487 2.58522)
(-2.20891 -1.00817 0.279709)
(-0.156982 13.1088 2.58141)
(8.40442 -0.76642 0.204894)
(0.186367 -2.44997 -1.30822)
(0 0 0)
(0.40177 -0.202361 0.0117879)
(-0.0935152 -1.08339 -0.369473)
(-1.26987 0.750938 -0.356824)
(0 0 0)
(10.3733 -2.16645 -7.53308)
(1.32226 -0.0147599 0.447894)
(0 0 0)
(0.836814 -0.599521 1.20097)
(0.180761 -0.0179896 -0.362481)
(-2.4046 -0.979414 0.296398)
(3.81236 -0.662821 2.30235)
(2.54628 -1.93726 1.22201)
(1.10178 -2.66833 -2.97097)
(-0.0886107 -0.201091 -0.736493)
(0.156618 -0.280355 0.301651)
(-6.91724 -0.447452 -4.39932)
(0.791388 -0.240929 -0.913757)
(0.881901 -3.16587 -0.405381)
(-0.72525 -3.23603 0.39074)
(0.381253 -0.0922241 0.0375621)
(-0.485049 -1.06879 -1.98009)
(2.42935 -4.17598 -1.34556)
(-0.032034 -0.11524 -0.0789394)
(1.56442 -1.71171 -0.72992)
(1.56691 -1.71443 -0.731078)
(0.654597 0.789179 -1.39008)
(0.210006 1.19252 -1.89191)
(-0.250925 -0.820224 0.072722)
(-6.92621 7.47733 -0.708694)
(0.0152283 -1.79006 2.01538)
(0.25892 1.09195 1.1554)
(-0.52116 0.87493 1.75622)
(2.67855 0.221448 -0.0544441)
(-0.359448 -10.6977 0.946997)
(1.58846 -2.99358 1.87441)
(0.359478 -5.70745 0.00918416)
(1.78236 -0.522561 0.831789)
(9.18562 -2.15723 -5.90709)
(-1.35809 -0.907128 0.099032)
(0.0510153 -1.2901 0.847468)
(0.24959 1.11988 -0.1749)
(3.45065 20.8743 -0.933314)
(1.65056 0.0490753 1.78455)
(3.01341 18.2293 -0.815052)
(3.31079 -4.40647 4.55721)
(1.47464 -2.77908 1.7401)
(-3.38486 2.88628 -5.0486)
(0.269636 2.44439 -0.40525)
(-0.298897 -0.450443 0.27127)
(0.547557 4.96389 -0.822954)
(-0.335119 -0.505031 0.304145)
(-0.977296 1.16281 2.20829)
(9.6732 8.87906 0.815667)
(7.82243 -0.238571 2.15855)
(-0.804605 0.526044 -0.872402)
(-1.15342 7.80895 -4.74438)
(2.45681 -7.75536 0.690588)
(0.611986 2.74591 -0.428848)
(-0.974293 -1.04551 -2.17823)
(0.026943 -0.488384 0.506282)
(2.51852 -1.32295 -1.87368)
(-0.581963 1.74746 0.559033)
(-2.07592 -4.73662 0.239452)
(10.5949 -1.62009 0.943591)
(9.8708 12.2297 12.3344)
(2.93824 -0.449295 0.261683)
(-8.41694 8.18834 -3.63013)
(-2.11968 0.937318 -1.44049)
(-3.76239 -0.316974 -1.5152)
(0.147947 0.840114 -1.33283)
(-11.5115 -8.00138 0.711744)
(-2.19457 -6.11746 -3.32168)
(0 0 0)
(-6.22305 -0.323914 -0.852907)
(-0.39335 -0.137033 -0.0165319)
(-1.15405 -0.402039 -0.048503)
(-9.97556 9.08591 -7.13085)
(0.15933 1.87142 -1.1197)
(-0.00882419 0.302683 0.127051)
(-1.8646 5.59884 1.79113)
(-1.11641 4.20204 -1.43154)
(0.0138934 -1.64928 0.0863887)
(3.76495 1.1426 0.192774)
(6.38126 0.542568 1.63997)
(1.01617 -0.832799 1.25481)
(0.649299 -3.21259 4.04895)
(1.6261 -0.102568 0.316844)
(1.11166 3.12595 9.21982)
(0.829335 6.83318 -1.80367)
(-2.20621 -4.44397 -4.28488)
(7.40484 -5.33339 -0.961368)
(-0.990052 0.841544 -0.886554)
(0.0793389 -0.600596 3.12862)
(-0.349313 -0.566809 1.55769)
(-0.0790905 -0.547806 0.0754523)
(-1.64401 -0.392792 -1.37912)
(-0.504225 -2.17464 1.97748)
(-0.278187 -0.140615 0.213847)
(-0.187048 -1.02476 -0.818638)
(-2.20902 -1.85401 -1.93701)
(-0.971061 -0.572036 -0.186675)
(-3.44675 -2.18207 1.98916)
(-1.11366 -0.358557 0.0822228)
(-2.60785 -0.960043 3.85675)
(-0.441447 -1.69001 1.35537)
(-0.0817162 -0.554474 0.138246)
(0.932237 -1.37565 0.272795)
(-2.048 -1.95217 -0.860605)
(-0.493611 -0.0696333 2.7851)
(2.39651 -1.36284 -6.02434)
(-0.149329 -0.183153 0.45014)
(-3.79972 -1.87067 3.83991)
(0.518419 -0.581287 -0.777426)
(-0.737417 -1.29245 1.72683)
(-1.80102 -2.53792 -1.53224)
(-3.38992 -1.67774 -1.41826)
(1.15284 -0.604448 -1.52421)
(1.86428 -1.62765 0.208847)
(2.9052 -1.58647 -0.448407)
(-0.63333 -0.231021 1.19121)
(-1.09344 -1.81104 -2.52845)
(0.751272 -2.69693 -0.345335)
(-0.470263 -1.52351 -1.37446)
(-1.19515 -0.384792 0.0882389)
(-0.487526 -0.550771 2.22196)
(-1.5379 -0.53317 5.07029)
(0.321706 -0.428924 1.81753)
(-0.374131 -0.515986 -0.871806)
(-1.14563 -1.27096 -0.622149)
(-8.73179 -1.40844 -6.03863)
(-2.94147 -1.62965 0.699708)
(-2.11717 -0.85795 -0.245825)
(-4.71753 -4.30946 -4.95679)
(-1.3571 1.04879 -3.69319)
(5.09376 15.266 1.40713)
(0.58671 -0.234222 -0.555002)
(5.60561 -6.47134 -0.662555)
(0.338503 -0.080238 0.34722)
(-2.23319 0.635111 -2.7084)
(-0.0665297 1.48129 -0.618314)
(0.525916 0.281526 -1.65371)
(-7.62928 -19.3074 -1.20658)
(3.02241 9.05819 0.834931)
(-6.5803 -4.76007 -1.57305)
(-2.97654 -4.63239 -1.27265)
(1.59657 0.583127 -0.0022583)
(-1.82451 1.45724 -1.0431)
(6.8825 9.62575 -1.79557)
(-7.21157 -1.95994 -5.95402)
(3.159 -0.526855 3.45357)
(16.5549 7.53056 3.01617)
(-14.1937 -3.33147 -0.0731663)
(-2.6638 -1.40929 1.61711)
(11.3346 5.66014 -0.230794)
(-6.62663 -18.0207 0.442405)
(0.0226084 0.582205 2.4386)
(0.551489 6.21695 -2.70023)
(3.4661 -5.82649 1.98701)
(5.38832 -6.99337 4.80983)
(-1.23748 -13.5287 3.02903)
(0.38669 -1.28582 -0.186515)
(0.114576 -2.72326 -3.10732)
(0.207486 0.190625 -0.00878939)
(-1.76568 -3.8906 -7.20792)
(6.71107 8.67789 2.58326)
(1.556 0.895413 -0.276509)
(3.28249 1.2014 3.28568)
(-0.648327 -1.77064 1.45912)
(-1.38488 -2.93798 0.613354)
(3.85408 3.87344 -0.391392)
(-0.0183333 -0.119403 0.140968)
(-1.86136 0.413461 -0.0747909)
(0.121437 -1.49747 0.948922)
(-1.36154 -1.87777 -3.17267)
(-1.3471 0.558771 -3.2241)
(1.67432 10.6293 -2.99089)
(-0.755287 0.496006 -1.52157)
(-1.33828 -1.47897 -0.7879)
(1.28378 0.866574 2.32396)
(-1.80603 3.0718 -0.944623)
(2.29089 0.838471 2.29312)
(0.00956562 -0.173392 0.179746)
(0.532571 0.489291 -0.0225604)
(0.518536 13.3238 -1.58991)
(1.41055 4.04408 -1.34909)
(-0.0653777 -0.0168259 -0.0162625)
(0.276715 5.78585 -2.07165)
(0.130633 -1.23283 -0.259471)
(17.6123 10.5053 2.35771)
(-2.60838 6.56649 -4.54963)
(-1.11233 0.948482 -1.65906)
(0.570003 5.85285 -2.36821)
(0.732613 9.0741 4.28938)
(0.510875 13.1269 -1.56642)
(0.973045 0.0289311 1.05204)
(-0.189009 -1.82346 -0.688222)
(-1.90104 1.99498 -1.01202)
(-0.0132481 -0.0476593 -0.0326465)
(11.5049 -31.9537 -5.56147)
(-1.93878 3.79785 2.7721)
(0.033107 0.0110365 -0.124118)
(-3.90243 2.84045 2.18247)
(-5.91125 6.38161 -0.604843)
(1.42259 9.03116 -2.54121)
(-0.694805 -2.85579 -0.0897073)
(0.378224 -3.56945 -0.75125)
(-1.93769 2.03345 -1.03153)
(0.157379 3.29065 -1.17824)
(-1.69051 2.83805 5.69675)
(0.428776 0.267113 0.350624)
(1.59299 0.483447 0.0815651)
(0.224434 2.30452 -0.932466)
(-0.2335 -2.25268 -0.850223)
(-0.53555 -0.986528 1.40681)
(-0.0187028 -0.00665826 -0.0772731)
(-2.86765 -2.72858 0.68553)
(0.156594 -0.520561 0.0990287)
(0.809056 -3.70053 -0.167893)
(10.7794 -3.48946 9.28086)
(-3.70253 -1.69374 2.37085)
(-1.17279 -5.53443 5.09762)
(-0.511121 -1.1391 1.18341)
(-6.56393 -1.2794 5.0921)
(2.37159 -2.267 0.136061)
(2.02808 -2.01484 -1.12614)
(7.28556 -2.58831 17.1333)
(1.05968 -0.437175 -2.66474)
(0.00700386 -0.00401662 -0.00487098)
(-13.2083 -8.36188 7.62264)
(0.560235 -1.21225 -0.801544)
(-0.695783 -1.73528 -0.120985)
(0.53959 -0.577534 1.99273)
(0.192644 -1.14964 1.65933)
(0.240929 -4.79461 -1.04152)
(-0.980714 -2.81916 -3.09456)
(-0.629308 -0.123256 -0.386383)
(0.786895 -2.33873 10.0996)
(-2.90461 -7.85477 7.34486)
(2.80976 -2.39156 1.37688)
(-3.25488 -0.567222 -2.17818)
(-11.7317 -8.13137 -4.30804)
(-0.829859 -2.04517 -1.77173)
(-0.186905 -0.0629222 -0.667653)
(0.361117 -4.26428 -7.69207)
(3.72677 -8.8057 1.07982)
(1.67563 -2.23532 -2.1444)
(3.83331 -4.14387 -1.14517)
(1.6399 -1.93802 0.572085)
(5.90318 -5.97679 5.77852)
(-1.42227 -0.410569 -0.698815)
(3.27341 4.96889 1.38487)
(0.531419 -3.8392 -0.325109)
(8.0391 -1.67896 -5.838)
(-0.0119639 -1.3494 -2.21461)
(1.26425 -2.18534 -0.923262)
(-5.82116 -1.58206 -4.80606)
(0.747306 -1.11161 -0.516513)
(-8.01027 -1.88014 -0.0412918)
(7.68278 -5.72635 0.268063)
(13.3147 -11.5249 -1.18838)
(-1.16332 -0.589986 1.34037)
(-0.369329 -8.22472 7.88729)
(-0.423452 -1.77904 -0.565435)
(0.976281 -2.20713 -6.08569)
(1.71073 -4.9894 0.936744)
(-1.0513 -2.11619 -0.183848)
(-21.9013 -0.427621 0.746034)
(-0.616628 -2.21143 -1.58316)
(-4.59939 -6.56926 8.40727)
(1.33642 -3.2576 1.22251)
(-3.36332 -6.28145 4.68312)
(-13.1285 -0.600954 13.1996)
(7.14194 -2.11488 9.28144)
(0.020147 -0.365196 0.37858)
(3.27012 -5.49207 4.32952)
(-0.391105 -0.200235 -0.310407)
(0.198125 -0.21439 8.19631)
(-0.525812 -2.86669 -6.36803)
(-9.69018 -5.37555 12.2273)
(-2.62856 -4.84144 1.6085)
(-4.29299 -19.2595 21.501)
(0.148864 -0.108003 0.321607)
(0.0144617 -0.142159 -0.0814912)
(-4.64515 -1.4961 0.830429)
(-7.32364 -6.56127 -14.4597)
(-1.30598 -0.756409 2.85273)
(-0.102251 -0.471255 0.027903)
(-2.31097 8.21284 2.44427)
(-3.55642 33.5965 0.311917)
(-0.916955 -1.3437 1.85765)
(0.873653 -0.163719 -0.0640723)
(-1.50266 0.989589 0.718038)
(-10.9481 2.25497 11.1396)
(2.5237 -0.0301335 2.25791)
(0.673791 -4.83848 13.3093)
(-8.82941 0.975526 -1.13883)
(4.33334 11.3715 -4.7689)
(-17.1985 -23.8308 -8.79692)
(0.917907 3.82898 0.96043)
(-8.38645 1.80991 2.66486)
(1.56041 2.59853 -2.30976)
(5.98242 7.37549 -2.95269)
(-1.99498 4.12679 -4.19604)
(-3.11583 12.7063 -4.11936)
(7.10366 19.0786 -5.00375)
(0.768247 -0.102364 2.46547)
(0.146267 0.136206 0.182594)
(10.6341 -0.915005 -4.01626)
(10.1309 -0.923865 0.246985)
(-2.00597 0.649682 6.28126)
(-2.03786 2.27542 -9.91905)
(-1.84005 -0.175575 1.1152)
(1.08411 -0.639262 -1.87717)
(-4.47803 20.7666 -2.84963)
(-8.66452 -19.0558 -2.03946)
(17.8336 6.10252 -3.48901)
(2.10689 5.4083 6.39277)
(15.3805 14.7711 -5.12089)
(10.9986 15.7818 -2.98652)
(-2.89468 5.21938 6.14492)
(3.52537 0.446916 1.68683)
(-10.461 2.39191 5.65402)
(0.127856 2.94766 3.40144)
(-2.74584 0.958699 3.17313)
(1.03685 1.26756 -4.06054)
(22.0054 14.425 -2.95991)
(0.418263 0.588071 1.44969)
(0.447071 -5.36331 -0.436347)
(3.18184 -4.82945 -9.24323)
(-2.89326 1.42768 0.253687)
(6.73614 1.23373 -4.32053)
(0.0777788 -0.55375 -0.117497)
(-1.04162 0.615963 -0.292688)
(-6.93501 2.35148 -1.90805)
(-0.0186539 0.0291387 0.104181)
(15.1181 -9.2061 2.38432)
(14.7832 -4.15353 11.989)
(-5.40045 -2.46483 0.683846)
(1.14286 3.77168 1.41906)
(0.965953 0.947643 1.6268)
(-1.35196 -4.54921 13.9)
(2.93082 -7.09553 -6.09902)
(2.19208 -2.8589 0.0793491)
(-0.676737 0.507522 0.454721)
(9.56406 -3.84813 6.01076)
(7.96589 5.72932 5.44994)
(-0.789863 3.48923 -1.61025)
(-20.2 -15.0684 9.37534)
(9.68231 3.85848 0.163136)
(-2.62458 8.90213 -9.72047)
(13.4049 -18.9428 -1.02997)
(-0.285901 2.94853 1.97661)
(18.1299 -5.24257 -3.73575)
(-34.3654 9.01488 1.55441)
(-31.3356 23.5686 3.11163)
(1.38321 0.890449 -1.87286)
(-3.78613 -1.58761 -2.59496)
(0.516249 5.10253 1.2624)
(-20.394 1.28978 3.45017)
(-7.29939 0.0230653 3.62133)
(7.81246 -1.47341 -2.33942)
(3.52505 6.23875 6.78953)
(-0.1038 8.66785 1.70689)
(19.3862 3.2932 -4.64166)
(-5.6271 -10.6844 7.80214)
(5.07549 -5.97842 -3.91621)
(-0.425884 -5.67576 -3.93743)
(3.59279 18.2037 -19.3985)
(-2.14622 -10.8423 -0.772821)
(1.10959 13.4424 -1.65977)
(0.639343 -1.07257 0.584628)
(-3.1965 -2.95214 4.1437)
(6.10003 6.46419 -0.32939)
(19.5496 13.0864 -17.8636)
(-4.75858 -0.821567 -9.46535)
(9.96565 -4.66889 0.996876)
(9.40207 8.51741 -0.343359)
(3.3918 2.04244 2.02102)
(-0.406695 -2.2413 -0.390996)
(-2.43563 -0.259531 -0.72678)
(4.00528 4.25209 3.64832)
(-2.05273 -0.557885 -3.39457)
(3.65841 -2.60753 -1.52574)
(8.92715 -7.15629 2.39171)
(2.76137 -4.10751 -1.90857)
(-2.45974 -6.21229 0.83533)
(8.89129 -1.67608 12.7416)
(-4.61767 -2.17369 4.72992)
(-1.13007 1.7124 -4.14831)
(-2.7651 -0.495776 -0.236735)
(-0.0379125 -0.13719 -0.202717)
(1.08275 4.13714 -3.47548)
(-2.73155 1.71587 1.09999)
(0.0865586 0.199622 0.210009)
(-1.30199 -0.475307 0.115047)
(9.02278 4.41896 -0.169742)
(-3.66332 12.6223 3.71481)
(-1.36278 0.9628 -1.03408)
(-2.7978 -6.93552 -0.365329)
(3.75481 2.36774 -1.21721)
(-2.33365 -0.303703 -0.629883)
(-6.16725 6.04619 -3.37378)
(0.798995 0.79103 0.625051)
(7.80318 6.68507 19.6099)
(-4.25225 -0.998368 -1.33977)
(3.81656 12.9471 -2.38886)
(20.4205 24.5708 -5.57184)
(-0.810338 0.601148 0.10575)
(5.31931 4.96473 -3.05814)
(-2.3875 0.815631 -1.86751)
(-1.03737 0.295025 -1.25812)
(9.78354 10.0223 -3.12763)
(-1.59757 0.482113 0.240417)
(4.96293 -0.792965 -6.34534)
(5.72064 3.64498 2.62282)
(-1.47499 2.50874 -0.771475)
(1.33394 -1.82832 0.838515)
(-16.4575 2.16975 -0.735935)
(-11.8886 -4.84235 1.46543)
(16.1637 -8.35198 -2.35104)
(-4.84788 -0.903757 5.65529)
(-21.2229 -11.0767 6.58573)
(-15.457 -1.05375 -2.40928)
(2.6931 -3.0196 -3.96871)
(0.578322 -0.305759 0.627686)
(17.1309 -3.25136 -6.23465)
(-4.78414 -0.632124 0.86134)
(7.34186 -6.87699 1.75506)
(6.00529 -3.04286 0.482136)
(-5.71422 -1.82815 6.15298)
(-9.31154 -6.31282 13.4044)
(-7.28021 -9.04161 -4.87523)
(-5.06316 -10.1466 7.294)
(-0.571723 -0.870247 -0.314569)
(-0.178846 -0.42749 -0.566669)
(4.89645 -4.74772 -4.12834)
(5.31458 -8.73848 -0.560098)
(-0.0096274 -0.0106836 -0.0182296)
(0.884623 -11.7611 -2.81932)
(-1.72588 -1.03372 -1.70144)
(-13.2657 -4.2279 6.81697)
(1.7089 -0.274636 0.609469)
(-9.71944 -13.1607 11.7046)
(7.95015 -1.23298 -4.99479)
(9.01912 -12.5989 19.6087)
(-23.1613 -10.88 -4.27025)
(-3.19698 -0.626158 -1.96289)
(9.35167 -8.60192 -1.61514)
(6.51288 -2.41031 -2.18534)
(-7.97585 -11.8889 -4.53603)
(0.747944 -0.850349 3.26565)
(1.96453 -1.98518 -2.58641)
(-1.91472 -3.10689 8.53828)
(11.9482 -17.9876 4.02162)
(-4.92369 -2.81621 2.12264)
(-1.07253 -3.83753 -16.6079)
(6.77593 -10.6382 -4.96101)
(0.0950298 -0.74359 -0.521564)
(-1.89027 -1.53556 -1.81119)
(0.938917 -14.1098 3.50302)
(-7.02567 -3.46239 5.51596)
(8.89625 -8.80152 -10.2988)
(-4.50645 -1.45103 10.413)
(1.24984 -12.1494 9.64115)
(-19.7261 -1.27651 -6.90146)
(-5.06062 -6.55423 6.84475)
(6.68861 -15.804 1.93801)
(-11.3437 -9.00156 4.97478)
(-17.5412 -7.31183 -7.1989)
(10.65 -7.39485 -6.98555)
(-19.5067 -1.26765 -15.7124)
(10.9931 -5.60674 -4.54138)
(1.34369 -0.0854428 -0.578637)
(-9.46675 -7.21501 -5.48604)
(-0.246017 -10.5043 -3.62764)
(-3.34409 -2.1152 -7.98056)
(0.229766 -0.117171 -0.22042)
(8.48631 -3.68007 3.09146)
(-8.76635 -1.34063 -1.10377)
(12.6437 -24.6714 -13.0121)
(-3.3145 -9.05221 7.45959)
(-0.262334 -1.47844 3.89278)
(5.14851 -35.1437 -14.2224)
(-3.06731 -6.04932 -5.28078)
(-0.442324 -0.849341 0.0456891)
(0.0824041 -1.9063 0.15339)
(24.1889 -9.86481 -8.23338)
(-5.49118 -2.58344 13.5095)
(-4.76871 -12.8957 12.0586)
(-0.509656 -6.57853 0.716665)
(12.0004 -10.2143 5.88059)
(7.62741 -9.63376 -4.04064)
(1.39665 -0.974584 -4.18755)
(-22.4272 -10.0785 13.5565)
(-3.27001 -5.7386 -1.05761)
(1.06944 9.99526 2.01277)
(-22.6144 -17.3433 -0.153716)
(7.17623 -8.12752 -2.38152)
(5.79715 -2.68285 4.25884)
(-0.112486 -1.88261 0.413574)
(7.61264 -4.84765 2.8421)
(4.02881 -1.16473 4.97869)
(4.14054 -9.24198 -4.34708)
(-5.22405 -12.2182 -5.92803)
(-13.066 -15.1828 -7.95819)
(-3.3445 -1.91505 -3.43433)
(-0.0143442 -0.142289 -0.0355993)
(3.42042 -4.08174 -0.269891)
(-1.11319 -10.4639 6.98515)
(3.48505 -3.36123 -6.75953)
(13.9714 -4.6342 -0.655532)
(-5.66261 -11.7407 4.35381)
(-29.6433 -8.91222 -5.10019)
(1.1994 -9.49138 -31.6287)
(-0.880511 -7.48298 2.3351)
(-1.2836 -1.04299 7.74188)
(-0.81992 -1.96511 -0.0136697)
(-15.6388 -2.72534 -10.4656)
(6.92518 -7.60707 6.15378)
(-2.58565 -19.7084 4.04275)
(-6.66605 -9.26465 -30.1114)
(-12.951 -9.42535 -5.76606)
(-19.7246 -12.4872 11.3833)
(-1.89281 -0.969062 -1.50226)
(-13.5949 -2.26618 11.9484)
(0.143018 -0.319618 -0.0529621)
(14.7773 -3.0071 -28.2629)
(-2.96571 -8.91088 5.75301)
(25.7749 -2.76845 -12.4178)
(-3.23026 -4.22524 -9.68031)
(27.9732 -3.80128 -22.4961)
(3.79616 -2.99021 -2.0138)
(2.64086 -2.87178 4.48878)
(-0.387168 -0.31842 2.2399)
(-2.67245 -0.827253 -1.59808)
(-4.48627 -4.38272 12.739)
(-5.81636 -4.22231 4.17533)
(-8.95116 -20.5885 33.9995)
(-9.34863 -2.93281 -11.8691)
(0.731938 -0.317875 0.517674)
(-6.02706 -11.4911 -3.67574)
(-8.00541 -29.9776 2.37014)
(10.2557 -12.475 1.21762)
(-16.2692 -25.4306 12.9561)
(-0.129531 -2.16789 0.476244)
(6.03454 -9.30778 6.98418)
(-0.0632209 -14.2467 -9.21651)
(-9.55445 -14.0864 -4.92802)
(-6.95851 -10.7297 11.1778)
(-7.16885 -5.66088 -4.3282)
(5.74406 -2.23753 5.87281)
(-0.0910895 -0.175984 0.144191)
(-0.872431 -1.1993 1.34925)
(17.6675 -2.09886 3.24866)
(-6.50583 -4.69455 4.38808)
(2.96197 -4.35389 9.92783)
(0.593692 -6.83136 -2.7291)
(2.99965 -3.21059 11.0778)
(-2.08173 -5.02076 -12.4602)
(3.82711 -4.56707 -0.301981)
(-2.25947 -1.73148 6.41123)
(-8.03638 -3.9391 19.5689)
(2.80556 -8.44676 7.90053)
(2.95422 -4.34474 -3.15222)
(-2.4179 -10.1583 -3.22863)
(-0.536479 -0.468237 0.333117)
(-1.60869 -3.96453 3.32028)
(0.918109 -0.671303 -6.46682)
(-18.8054 -3.4773 -2.63953)
(5.44551 -2.2593 4.96789)
(0.458656 -9.12747 -1.98274)
(-14.5823 -7.1435 7.8154)
(-11.9278 -3.12595 1.9301)
(0.228553 -1.36394 1.96863)
(-14.737 -27.1433 9.01799)
(-1.18259 -1.5322 6.63155)
(29.3308 -17.7231 1.52311)
(-14.2866 -11.0846 -16.9415)
(-3.84942 -11.8887 1.90757)
(0.825574 -1.47782 1.59008)
(-1.42001 -2.37389 -1.21983)
(0.0464343 -0.319699 0.220122)
(1.37885 -1.95051 4.46473)
(6.27992 -4.30578 -0.344405)
(-17.5613 -8.69141 -7.3472)
(-1.24495 -5.39137 -3.4556)
(1.12124 -0.308169 0.234966)
(-3.01181 -1.53645 2.09617)
(-10.4034 -14.66 -8.85082)
(-15.6585 -10.9411 -0.756548)
(-6.39374 -0.142524 -4.51262)
(-0.989365 -2.16158 -0.914054)
(5.03945 -3.78473 2.03905)
(15.968 -8.71981 -2.46461)
(11.9562 -4.99822 -11.3899)
(10.2605 -33.6819 10.7075)
(-7.8061 -2.14837 -2.64607)
(-16.226 -11.2465 -5.95844)
(-14.0543 -28.3859 -9.35892)
(-3.16893 -2.42962 -2.30533)
(9.56134 -15.4891 -1.97571)
(13.8475 -10.7232 -11.7799)
(-3.8175 -25.8908 -22.0514)
(-15.7848 -5.27484 15.5133)
(-4.1805 -3.03403 -6.47958)
(1.85453 -1.64945 -0.604193)
(-5.49757 -2.41377 -4.02627)
(2.67238 -1.9487 -1.30242)
(2.61522 -2.01545 -7.6334)
(-9.50674 -36.4697 -37.884)
(27.136 -11.2271 0.594913)
(-21.447 -9.07859 1.87147)
(21.4071 -7.72081 11.8576)
(-0.00650922 -0.201969 -0.126236)
(-0.42657 -0.588308 -0.994001)
(16.6226 -1.66994 28.951)
(3.00449 -1.27705 2.93152)
(-4.16245 -2.87343 -2.24671)
(-0.533404 -7.10868 -4.93149)
(-1.59344 -9.3756 -4.45326)
(-9.27187 -3.02401 1.57811)
(-0.068353 0.0300689 -0.581212)
(-20.5502 -9.81655 -4.80011)
(-6.37585 -3.6372 -3.42578)
(-8.03128 8.93465 -3.05752)
(-3.46839 1.36003 -0.693776)
(-12.7481 -1.80488 4.28972)
(1.48298 3.19181 0.827649)
(-0.00678948 0.0027205 -0.0159422)
(-7.51616 3.37519 -2.30302)
(-15.1616 4.96747 -3.84408)
(-0.38413 -0.721658 0.849849)
(-12.8505 -0.889522 -0.834464)
(0.157927 0.26243 3.41723)
(2.90518 15.9045 12.3381)
(0.136398 -0.209153 -0.130224)
(2.5778 4.88496 -4.894)
(10.517 12.3348 -5.771)
(-12.7591 -5.17043 -1.48146)
(-22.6609 -6.69111 -31.7875)
(2.68323 -4.04489 5.18055)
(-2.94601 -2.37792 -0.130829)
(-0.985889 9.32824 -3.99481)
(-20.209 -9.84257 8.925)
(-8.24489 0.304346 2.45158)
(27.7229 -16.8158 -8.17896)
(1.88819 2.81639 2.85422)
(10.5267 2.57457 5.03966)
(-17.1924 21.7676 -2.20326)
(-1.73128 1.24976 -1.85237)
(21.2718 11.3776 16.0338)
(5.16329 9.16458 7.96044)
(24.3846 24.149 -8.20047)
(-0.299212 0.483513 -0.301901)
(10.8184 -14.1893 7.37456)
(-1.30006 -1.14186 0.679762)
(-3.731 2.98491 -0.0672003)
(4.36144 6.16533 -7.33757)
(21.0436 -0.599172 15.0897)
(-1.92591 0.0942735 0.457302)
(7.85538 0.272772 4.80484)
(0.0528707 1.75776 -1.28599)
(-1.93691 -8.13753 -2.58636)
(-1.9722 11.9183 6.68635)
(9.21227 -0.0891086 3.91228)
(2.81612 -1.48702 4.91175)
(19.4189 -6.6478 4.4575)
(2.5056 1.40352 0.110927)
(0.949023 0.310769 -1.26139)
(-1.2876 -6.83651 -4.97527)
(-12.223 16.749 -0.5691)
(-6.80862 4.90469 -5.78639)
(-11.2858 6.28346 13.2045)
(5.8676 -2.18865 -0.844574)
(0.313909 -0.324864 0.528698)
(-5.76927 -17.4939 -5.67487)
(0.466315 -4.74965 -5.23644)
(-0.599704 3.26005 0.474592)
(-6.18146 6.16825 -0.880827)
(0.711787 5.88034 -7.02333)
(2.17478 -0.0482054 -2.20201)
(-3.18694 7.05451 3.11119)
(-7.57677 -1.72489 -5.00736)
(0.461926 4.3173 0.869383)
(4.59291 6.63817 -0.292087)
(-3.60967 11.8284 4.17862)
(-11.2876 7.37322 -7.60694)
(-1.44953 0.785929 -0.914444)
(-55.0215 11.3073 -11.5624)
(0.334424 -0.0529328 0.482224)
(-0.106157 1.10541 7.65881)
(6.34498 -1.87052 5.78936)
(-0.424373 -1.29265 -0.0174651)
(-19.1851 -18.0901 0.791295)
(2.00553 4.43798 -5.79628)
(-0.186161 22.1708 4.0112)
(-8.8612 -4.92041 6.85737)
(1.17726 -0.424352 0.0115983)
(-15.6875 17.1188 11.2075)
(-3.54676 0.349951 -1.53225)
(1.9476 3.4739 -5.97689)
(13.399 -4.99791 -1.92863)
(-27.3106 -24.9482 -28.6957)
(-0.656871 2.38142 0.514401)
(-1.95199 -3.36981 -6.58465)
(-6.78553 -2.07681 -1.64006)
(-0.478724 1.01289 2.8227)
(8.26477 14.5727 1.12177)
(-0.556889 -1.08122 -1.30687)
(0.326384 1.53393 7.04919)
(-4.63259 5.63895 -2.10164)
(-3.21467 -2.33406 -6.80632)
(5.95502 0.267346 0.150538)
(1.35179 0.0469397 0.826836)
(0.752024 2.1193 1.66284)
(3.15784 -1.39155 5.02075)
(-3.75441 -4.78249 1.68089)
(4.60996 2.0812 -0.0926569)
(-0.2626 -10.3837 3.93094)
(4.97316 1.2654 4.64286)
(-1.23111 1.00646 -1.18043)
(1.87912 0.115966 1.16866)
(0.586148 13.2256 3.39148)
(-1.89456 -2.23998 -0.977915)
(-46.8729 -14.1087 14.4447)
(1.2613 3.85294 -8.76816)
(-7.02693 -2.87823 -0.0831352)
(-14.9781 2.28042 11.1729)
(-4.43996 10.1006 6.60206)
(-8.13285 1.37764 20.2883)
(-5.4599 -9.34402 6.85203)
(21.9463 -3.56124 1.07075)
(21.4082 21.4 0.199119)
(-7.0144 1.00487 0.929304)
(12.122 -0.882816 2.1626)
(-17.7933 15.4503 -3.85934)
(6.3988 10.2335 -0.152912)
(-8.10228 -8.64765 -11.2946)
(-3.93783 10.3942 3.87979)
(0.542554 -4.41227 -1.55304)
(2.55769 0.399891 -0.922493)
(-3.82047 -6.52784 -0.292938)
(3.09536 -0.265645 0.277398)
(8.41678 -12.5272 -17.9496)
(-0.780523 3.25778 -2.63745)
(1.87539 2.55898 -1.93755)
(-0.733489 2.76078 -0.940534)
(0.660661 6.9336 -0.513833)
(8.56478 0.485303 0.155091)
(-0.365841 0.310965 -0.327597)
(-0.346745 -0.406043 0.329234)
(-7.87646 15.5302 -3.49108)
(-0.447606 -0.997362 1.21738)
(1.11177 6.6602 -0.105739)
(12.7315 11.6863 1.07355)
(-2.38698 7.82179 2.7632)
(-5.93617 -14.8862 6.08507)
(21.533 -25.7664 12.1032)
(-8.55117 -9.53686 2.35725)
(9.76935 8.96732 0.823775)
(-0.722077 2.11295 -0.395954)
(-4.46211 7.98583 -2.36503)
(7.68658 -5.53631 -0.997947)
(8.98651 3.63645 -0.497304)
(13.1359 6.38999 -3.50259)
(-1.76008 2.2158 -1.11199)
(-4.32405 1.32838 0.780853)
(1.94962 -3.37004 -1.42377)
(0.0933238 1.71498 1.77908)
(-1.99762 -0.747967 -7.47291)
(-17.7994 -5.03793 3.69105)
(-2.67513 -7.03859 -2.04814)
(0.916774 -1.71406 1.10558)
(-0.197506 -9.70871 -16.5104)
(1.042 -5.82089 4.91847)
(-2.26728 -7.83996 -5.55556)
(15.7844 -8.15598 -2.29586)
(-8.89444 -12.0543 25.2369)
(16.696 -10.8368 0.483522)
(0.137567 1.60606 1.79556)
(-11.9527 -6.52002 -1.73326)
(22.5368 18.1218 11.1183)
(-2.60253 -2.20761 5.99646)
(13.3257 -11.2901 -11.7332)
(24.0908 -11.1493 2.55702)
(-2.85549 -8.57969 5.53919)
(-5.45629 -7.37245 2.98808)
(-6.77383 -9.40149 6.68171)
(8.37116 -1.55008 -2.73663)
(-9.14454 -25.2274 9.84224)
(6.76857 -9.80044 -1.48312)
(-5.29712 -3.5057 -7.80697)
(-13.1338 -5.83674 -3.70432)
(4.79478 -0.388546 -6.11556)
(-1.16947 -2.17394 -5.54776)
(7.28356 -2.65048 -23.8186)
(-28.5902 -7.09092 -9.45414)
(-13.0255 -3.78077 -1.54415)
(7.32974 -1.127 2.20404)
(6.91025 -3.31045 -7.96246)
(5.18457 -8.52471 -0.546396)
(19.6716 -8.40573 -15.4711)
(6.20883 -4.39106 1.24602)
(1.22427 -1.12587 0.329055)
(-2.6296 -1.57888 -1.29223)
(-1.61249 -3.05141 0.108824)
(1.10201 -0.0130865 -1.17077)
(-7.84891 -17.4315 -7.85199)
(13.4539 -3.60549 -3.18166)
(9.27893 -19.8791 4.40416)
(14.6072 -0.131683 33.8545)
(-0.292901 -2.0892 -1.2626)
(14.6814 -4.41172 -0.836595)
(-10.6249 -6.80854 5.61963)
(6.77134 -4.28286 8.59314)
(-0.744229 -0.434352 1.62851)
(2.10186 -1.70596 -2.48437)
(24.1966 -7.96857 37.8593)
(0.172546 -0.798844 -1.19954)
(7.59359 -10.9497 -5.49274)
(-0.375499 -1.27592 18.5616)
(-3.36191 -0.65846 -2.06415)
(-22.1659 -15.8438 -8.6081)
(3.91089 -2.80189 5.61277)
(0.369893 -8.21412 -3.5618)
(11.709 -8.25903 7.02291)
(-0.434263 -3.00784 0.414286)
(-0.108537 -0.0408666 -0.0608536)
(0.751281 -0.854143 3.28022)
(1.90047 -1.92044 -2.50207)
(14.8003 -1.39443 -2.15316)
(0.21153 -7.16169 -3.76807)
(3.2986 -4.2592 1.09092)
(0.882758 -5.91234 -24.0362)
(-5.9193 -11.3968 15.1749)
(-0.438779 -11.1843 4.86722)
(1.35273 -1.23955 1.14127)
(-0.832308 -2.00099 1.10598)
(-0.471911 -1.28156 -3.18254)
(-13.369 -3.83436 8.80377)
(-6.08333 -3.27723 0.80246)
(-8.982 -5.03147 6.06219)
(-1.32129 -7.30313 -4.52273)
(-0.0897945 -9.75538 -5.87844)
(-18.9637 -1.22717 -6.63472)
(-0.400104 -2.77124 0.381698)
(0.227627 -3.0537 -0.710541)
(-5.94269 -3.24717 1.68261)
(0.201152 -6.81032 -3.5832)
(6.32434 -18.8216 -27.3017)
(-7.01547 -1.16455 -0.324274)
(9.46089 -9.40426 -14.2515)
(-0.180724 -5.13169 -2.87004)
(1.0629 -1.15585 1.80666)
(-0.369909 -5.38085 11.1079)
(-3.40095 -0.355216 -1.57169)
(-18.2488 -1.18591 -14.6992)
(11.6607 -17.3581 3.81186)
(-2.26864 -2.08257 0.970187)
(-2.70997 -5.97885 0.501481)
(-1.57902 -3.89142 3.25905)
(0.310274 1.44149 1.08315)
(2.81516 -4.09345 3.22079)
(1.07716 -9.9145 -11.7879)
(-2.95262 -9.23339 34.9922)
(0.996675 -1.76706 2.86069)
(0.223051 -0.113746 -0.213978)
(7.55 -7.32819 1.74563)
(11.9557 -3.35362 13.3167)
(-16.6712 -2.49358 14.8752)
(-2.09866 -0.264139 -22.2945)
(-0.673988 -0.0119299 -0.312375)
(0.0454071 -4.40519 -2.07939)
(-25.4728 -15.4943 -1.39076)
(3.23943 -5.60626 6.00387)
(4.13022 -4.67945 -6.97919)
(14.295 -8.03627 -13.1537)
(-5.86869 -3.20674 1.66166)
(-10.1753 -20.2756 -3.22535)
(-5.29966 -2.49334 13.0383)
(6.98968 -5.38255 -12.2163)
(-1.05565 -0.64179 -0.480749)
(32.7078 -9.89467 14.6847)
(1.07573 -0.0450074 0.00446515)
(13.6991 -4.90571 -4.65597)
(-1.50806 -0.762276 1.15927)
(5.61995 -2.60085 4.12866)
(-0.965103 -5.2874 -4.22388)
(-1.60378 -6.94533 -4.45161)
(-0.756948 -0.458378 -1.95637)
(12.9497 -4.6006 30.4537)
(-0.810414 -6.88727 2.1492)
(11.3078 -5.24341 -0.104643)
(-13.0493 -2.17523 11.4689)
(-0.47399 -3.2162 0.80189)
(-0.202691 -7.95 6.96122)
(15.5067 -18.1159 -6.22374)
(-1.20742 -0.981086 7.28238)
(-28.9699 -8.70977 -4.98433)
(12.5098 -0.398289 7.01924)
(-43.6305 -7.41413 -11.7206)
(-2.46773 -18.8095 3.85837)
(1.52399 -0.154024 -3.32235)
(-8.22346 -2.12911 24.6474)
(-4.38617 -3.84945 -0.0378507)
(-0.255809 -1.27418 -1.31996)
(-0.183482 -5.20999 -2.91383)
(0.88398 -1.44397 -0.228797)
(0.197464 -15.2005 17.2325)
(0.268521 -0.409902 0.520364)
(-0.0458477 -0.164893 -0.0348601)
(-6.65105 -13.6699 6.25364)
(26.0513 -3.54011 -20.9505)
(3.1361 -9.44193 8.83134)
(-2.89056 -8.64308 -7.10174)
(2.13379 -4.61715 -3.05286)
(1.32929 -2.35624 -6.94807)
(-8.65689 -9.89807 -5.46242)
(-0.416895 -0.342868 2.41187)
(2.65179 -2.88367 4.50736)
(0.569675 -5.65673 3.68582)
(3.4257 -4.62051 2.59851)
(-2.01822 -16.8597 -7.02588)
(0.603325 -0.856281 -0.517077)
(-4.17654 -4.08014 11.8595)
(33.6828 -18.6136 2.28913)
(-0.56452 -7.2867 0.793813)
(-0.0993289 -6.02061 1.78536)
(-8.48202 -19.5095 32.2175)
(13.0485 -6.65687 6.42663)
(-13.5176 -4.18435 -8.08326)
(1.37753 -1.90442 -0.511039)
(18.5675 -5.39242 6.55063)
(2.61295 -5.87748 -5.03736)
(-1.1617 -1.41695 -0.773192)
(-0.0687862 -15.5009 -10.0278)
(7.827 -2.46106 9.68372)
(-0.123936 -2.07425 0.455673)
(0.779137 -15.8519 -3.2774)
(-0.435219 -2.95312 0.736299)
(-2.98734 -9.33781 9.02868)
(-7.23206 -10.0375 7.1337)
(2.65336 -16.5222 5.52895)
(0.774151 -7.18202 26.2144)
(8.78769 -6.83196 -5.2736)
(-2.30507 -0.324411 7.92207)
(2.91644 -8.71469 -9.97534)
(2.56881 -6.55094 -2.26417)
(4.93617 -7.28402 1.44444)
(2.76881 -4.06997 9.28042)
(-0.635893 -0.275786 0.143764)
(-0.763135 -0.391479 -1.03479)
(-2.61998 -3.72947 -1.46607)
(21.1157 -21.0636 18.0814)
(15.0757 -3.77081 3.11205)
(-10.5358 -14.579 1.39425)
(-8.23395 -3.79594 7.71229)
(0.188749 -14.5297 16.4721)
(4.96103 -12.0148 -13.3776)
(0.62389 -1.31743 0.101621)
(-46.1493 -17.3985 -5.59832)
(-19.1353 -3.45418 14.6666)
(-7.07126 -2.98654 -8.09703)
(2.43879 -24.5486 -24.9485)
(-5.91388 -3.69023 -10.9182)
(-0.0594161 14.392 3.94842)
(-0.756582 -0.857104 -0.527582)
(-1.61175 6.9742 4.25214)
(-5.90036 18.1434 1.89686)
(-1.64191 0.868821 -1.15006)
(-2.2321 -1.7105 6.33357)
(-6.85504 4.71175 0.449017)
(9.09877 -13.6978 3.06253)
(5.74312 -2.10235 1.15386)
(-17.9634 29.1288 -7.47996)
(8.07276 0.743165 -2.00262)
(0.876233 3.45847 -0.107422)
(-0.588005 -1.82318 0.379858)
(2.3417 -3.12386 -2.99681)
(1.6681 3.09509 -5.79495)
(-0.756671 2.37125 4.02768)
(0.00112505 -0.000979108 -0.000248529)
(4.99467 8.61565 0.596121)
(1.2706 -0.058443 -1.13501)
(-3.38047 1.54393 0.193403)
(-0.118686 0.254055 0.479874)
(3.34905 -1.73979 -1.07811)
(9.32013 -0.198095 -4.23197)
(10.5799 -6.06129 7.27173)
(9.5164 28.3719 1.18966)
(0.556473 0.160795 2.50702)
(-13.3447 -2.9345 11.361)
(2.46418 -3.40016 -6.7557)
(-3.00604 21.3717 3.66203)
(-0.944889 -0.0331371 0.74742)
(1.46067 1.17066 -3.38898)
(0.051013 0.775 -0.582902)
(2.84298 -4.04547 2.20387)
(-9.33796 -0.312583 3.77289)
(7.13825 2.13508 -2.07491)
(-5.88724 -11.2245 -3.59047)
(-3.66355 -0.307496 -0.386668)
(-4.4846 4.48099 -5.9614)
(10.276 -0.166786 10.6656)
(3.30299 2.08539 3.76969)
(-4.56523 -2.26691 3.1701)
(-2.51878 4.34175 -3.21953)
(-1.59192 -1.98248 -2.7082)
(0.24227 -1.4458 2.08678)
(0.261348 -0.0247985 0.219168)
(4.0607 -4.55367 2.01757)
(0.932572 -0.681878 -6.56869)
(-4.94548 8.28686 0.0695963)
(3.09124 4.66272 -1.46854)
(23.3447 0.999591 -4.91015)
(5.7248 2.26508 2.32807)
(-8.18246 -2.36205 -4.02037)
(-2.65959 4.08154 -4.99281)
(6.86039 0.782504 -5.05884)
(-0.535947 -0.467773 0.332787)
(0.046712 -0.022251 -0.867497)
(32.8013 19.7242 -7.20282)
(1.63643 -2.67309 -0.42355)
(7.39179 24.6832 -8.52438)
(-0.509278 0.0470162 0.0832356)
(-4.65968 -3.56946 -9.12334)
(1.15206 -0.208742 4.20202)
(-1.22508 4.44809 2.34188)
(-20.0119 -3.7004 -2.80888)
(-1.06357 -0.93984 0.886361)
(-1.40442 -1.31196 -0.0382808)
(-4.89514 -7.27469 2.45889)
(-2.42433 -1.97025 -9.53806)
(3.8878 -0.147844 2.05939)
(-0.814037 -4.16258 1.98808)
(0.329381 -0.140324 -0.0885843)
(7.1927 2.19372 -1.63944)
(-14.6303 -7.16701 7.84112)
(30.8336 1.14086 12.237)
(0.0739342 0.0193241 0.00277256)
(9.08921 -14.7772 -12.2532)
(5.80184 3.65217 0.695218)
(-3.00396 4.715 -0.827392)
(-13.4655 -2.24535 5.55668)
(-2.42408 1.66853 -2.88901)
(-0.249642 1.23051 -12.7633)
(-5.96764 2.04082 0.753372)
(-0.402857 -1.09355 8.81652)
(1.94597 2.30512 -3.32689)
(9.99545 8.60927 8.12277)
(12.5853 6.95126 3.3345)
(-8.11031 0.824852 -1.077)
(8.81743 3.03036 -5.86992)
(4.40067 -3.55225 -5.82252)
(-10.1596 17.3387 -8.0603)
(1.04316 -16.3084 -12.0479)
(-8.6586 -2.9275 -5.63087)
(-0.0794695 -0.283309 0.282715)
(-0.670019 0.950711 -0.156248)
(-5.85235 -7.92152 -4.28751)
(-3.13141 -2.88216 3.12042)
(-8.86027 4.22011 0.725448)
(2.28854 -1.5189 0.0509831)
(17.6652 2.45719 1.03353)
(-0.460325 -1.04465 -3.82602)
(-8.0384 6.2321 -3.72876)
(-14.1677 -9.51966 18.4349)
(-16.9927 -9.72495 18.3154)
(1.5265 0.797386 1.01469)
(13.4423 14.3629 4.51136)
(27.6011 -4.33503 0.526107)
(0.510081 1.11574 0.915025)
(0.516005 -1.81825 0.636295)
(5.89785 0.805848 -2.41937)
(-2.52362 0.936194 1.73728)
(-1.38281 -1.15797 0.69153)
(0.888289 0.457936 -0.494208)
(1.32792 6.87314 4.56526)
(-5.2914 8.15752 -3.79155)
(3.47328 -24.5591 12.5896)
(-1.04417 1.39397 -2.44178)
(-3.97591 -7.42865 -6.34045)
(-0.953118 1.13783 0.902753)
(0.766176 8.04098 -0.595899)
(3.41703 4.53998 7.11361)
(-24.5902 9.59576 -1.1945)
(4.67304 -6.48628 3.11955)
(-1.4468 6.12051 4.65102)
(5.7089 3.71456 2.82412)
(-3.57347 1.13921 0.152991)
(11.4361 -3.98342 -2.31428)
(-3.0486 7.67515 12.0913)
(1.12541 1.65723 3.11166)
(2.86649 9.77258 -3.96035)
(1.50641 0.306823 0.0229113)
(-2.28622 0.432203 1.52682)
(10.0832 -0.0301151 -5.78066)
(8.14341 -15.1039 4.43824)
(-3.47096 -0.104676 4.77794)
(-0.312181 0.0522539 0.285039)
(-5.23614 -3.14573 -6.31994)
(-15.083 29.3561 -14.4948)
(16.2241 -8.11703 -5.89134)
(0.629174 -0.243359 2.75083)
(-0.0339256 3.65122 -2.41083)
(12.7394 1.68238 4.67886)
(-1.876 3.73677 -0.831726)
(-5.59341 7.0542 -2.12449)
(-1.12002 0.0335593 -2.29295)
(12.803 9.24251 -0.958022)
(34.8804 6.02031 -12.8969)
(0.969898 1.36292 -5.83893)
(16.6031 9.64906 0.974961)
(11.8168 11.2445 5.02904)
(-0.380116 -1.29161 18.7898)
(-0.350014 -0.370167 -1.12837)
(-6.69081 -1.54329 -2.7797)
(-3.12926 -0.612363 5.0435)
(0.682101 2.18927 -1.68592)
(-17.8313 -9.30659 5.53327)
(-10.221 -5.57537 -1.48214)
(-2.41241 -6.34733 -1.84699)
(6.80182 -6.37114 1.62596)
(3.18524 -12.5825 -14.4856)
(14.3972 -7.43918 -2.09409)
(-8.18019 -11.0863 23.2103)
(1.1564 -3.55279 -3.47718)
(3.77952 -3.06763 -4.46735)
(-0.471088 -0.696863 1.4261)
(2.45497 -2.7526 -3.61779)
(7.02224 -14.6219 -0.365604)
(-16.9192 -11.8417 5.21043)
(-13.3782 -13.4092 13.4598)
(-2.349 -1.06126 -2.91628)
(5.70084 -2.8886 0.457693)
(5.72429 -4.10992 -0.468691)
(7.21394 -5.94482 12.0369)
(7.31868 -1.57363 6.1848)
(-4.24876 -21.6614 22.2971)
(6.76415 -2.46147 -22.12)
(-11.0126 -4.89407 -3.10605)
(3.49519 -8.61596 -12.4754)
(-2.1933 -1.31691 -1.07782)
(-3.66973 -1.72527 -1.81819)
(-0.0930354 -0.0331209 -0.384388)
(0.519647 -2.09027 1.79922)
(0.768858 -10.222 -2.45038)
(-6.7472 -6.26871 -22.2647)
(-7.22962 -12.7475 10.1087)
(8.6049 -10.7058 9.7254)
(-6.15689 -4.75369 -0.48093)
(-15.2231 -7.66128 2.66685)
(1.69157 -12.4372 -8.10585)
(-3.90847 -3.58102 -2.52352)
(-7.29545 -2.29391 0.230192)
(-0.863889 -0.527425 1.11733)
(6.17256 -3.90413 7.83327)
(1.29451 -2.93409 -2.4714)
(3.82833 -2.32214 -4.25846)
(0.57139 -6.66755 -3.61234)
(12.9666 -3.47492 -3.06643)
(-1.70058 -0.372933 -0.309042)
(-35.3533 -11.8928 13.8453)
(5.35905 -20.7958 -22.1633)
(0.661433 -0.751993 2.88792)
(17.8974 -16.9465 4.42841)
(3.84897 -25.2411 -13.0041)
(7.4423 -10.7522 -9.80376)
(-3.16324 -0.619549 -1.94217)
(10.5074 -20.503 -10.8136)
(10.5318 -7.42873 6.31688)
(1.17764 -1.07911 0.993551)
(-1.69365 -2.74818 7.55247)
(-6.56875 -4.0625 3.3995)
(7.35189 -1.92875 8.46048)
(0.18888 -2.53389 -0.589592)
(-0.727674 -2.54294 0.673166)
(6.93123 -1.67559 -2.65961)
(-4.2262 -5.47354 5.71615)
(10.8227 -4.0861 -7.76862)
(13.9071 -3.61604 42.4994)
(7.15844 -8.01992 -41.9621)
(-16.0226 -7.32959 10.2598)
(-1.83091 -15.3979 11.1825)
(-1.4526 -2.15039 2.6614)
(-17.4255 -1.12763 -6.09655)
(10.5021 -7.29215 -6.88853)
(15.9893 -3.68766 -10.2031)
(11.499 -7.77691 -4.47247)
(-0.937866 -0.00926286 -0.500154)
(0.184243 -6.23783 -3.28199)
(4.68403 -4.54175 -3.94924)
(-16.2768 -1.05775 -13.1107)
(1.01588 -0.795361 2.62026)
(-12.1271 -2.52632 1.10252)
(5.96747 -17.7595 -25.7611)
(0.713327 -1.5196 -4.10847)
(26.0387 -7.81987 -16.897)
(-0.0824583 -8.95837 -5.39817)
(-20.9997 -12.3131 -4.91262)
(-15.5993 -2.77515 9.06035)
(-15.2271 -11.2483 3.93896)
(-0.666697 -0.37992 -8.14594)
(4.75027 -9.02732 -8.78725)
(-2.77443 -7.60416 12.0833)
(0.200845 -0.102422 -0.192675)
(-2.74731 -8.59136 32.5591)
(-9.68697 -17.6586 25.5212)
(-10.0375 -4.08838 1.23726)
(-0.638334 -2.23074 0.590519)
(-6.21061 -7.80668 -1.28588)
(2.87962 -5.06825 0.596947)
(7.56209 -3.7652 -15.1584)
(21.366 -8.71358 -7.27254)
(-1.8827 -0.236958 -20.0002)
(-2.66925 -4.68432 -0.863304)
(16.7794 -2.98217 -36.5823)
(9.05377 -13.1287 -3.03776)
(13.2344 -5.68769 4.51765)
(-5.08449 -4.03547 -3.7037)
(1.68994 -42.5223 -15.6585)
(18.266 -3.90802 21.6255)
(-14.0282 -5.15901 -1.2817)
(-2.88819 -7.41506 -5.92599)
(2.94189 -5.09133 5.45243)
(4.78853 -7.18426 41.8998)
(1.10775 -1.26407 0.687979)
(4.33173 -0.873392 0.413323)
(11.6127 -4.15856 -3.94686)
(-20.2453 -9.09797 12.2376)
(-4.71359 -2.21761 11.5965)
(9.4686 -8.95629 -15.0217)
(1.01269 -14.2257 -2.92873)
(5.8595 -5.3615 -0.280446)
(0.796878 -0.401365 0.0233804)
(3.47157 -7.74879 -3.64474)
(-12.0143 -4.81347 4.31177)
(4.87417 -2.01086 -12.2569)
(2.54771 -8.3361 2.72672)
(-4.30462 -10.0678 -4.8847)
(6.85241 -8.65491 -3.63009)
(9.15034 -0.909307 -7.49285)
(30.5754 -9.24957 13.7273)
(3.29329 -2.87886 1.73883)
(3.78554 -2.42506 -0.79586)
(-3.42643 -3.54213 6.21326)
(1.40633 -0.340188 0.138555)
(16.1947 -2.81562 9.78023)
(1.2589 -3.86769 -3.78538)
(-5.15696 -3.03788 -0.991363)
(2.23725 -13.4099 12.6331)
(-6.73528 -0.57777 5.79593)
(-0.778467 -20.3678 10.5619)
(-4.81108 -9.97516 3.69909)
(-3.15588 -6.90649 4.00593)
(-26.4227 -2.86128 -3.57843)
(15.0835 -5.13124 2.7645)
(12.5373 -4.15853 -0.588246)
(0.603467 -0.707342 -0.220604)
(24.2963 -0.809893 4.57286)
(-11.8704 -18.6149 2.68398)
(14.0597 -6.51746 4.12326)
(0.863943 -1.53173 2.47972)
(-11.8141 -8.59794 -5.25988)
(0.391634 -1.46882 -0.827691)
(0.646684 -6.27337 10.5191)
(1.06008 -8.38885 -27.9547)
(-17.0982 -13.5369 2.7168)
(3.68142 -2.05643 -0.410296)
(-1.47659 -0.414498 -0.888839)
(5.76687 -8.07208 1.04714)
(-7.46719 -13.809 -14.0409)
(-1.87115 -0.957976 -1.48507)
(-0.787134 -0.866054 -2.95216)
(-5.9848 -5.87242 -25.9106)
(-5.52734 -11.3604 5.19707)
(9.2124 -1.41272 4.36915)
(-2.47823 -7.41018 -6.0887)
(3.47027 -1.80276 -1.11713)
(-17.3968 -11.0136 10.0399)
(-3.86738 -0.510994 0.696287)
(1.46302 -3.39361 3.01334)
(-21.1781 -9.51715 12.8015)
(-17.274 -14.364 -2.69186)
(-2.61348 -7.85254 5.06973)
(0.634912 -1.0989 -2.37651)
(8.21982 -9.99857 0.975907)
(-2.75325 -1.10055 -0.136495)
(-0.280899 -1.39915 -1.44942)
(4.71579 -1.04002 -19.5209)
(1.88054 -13.8265 -9.01137)
(2.91246 -8.7686 8.20155)
(-0.222521 -3.04217 1.86684)
(26.8465 -10.0193 15.978)
(20.8124 -20.323 19.9675)
(15.7244 -24.6448 -22.862)
(-3.85312 -3.76418 10.9412)
(-1.94717 -7.45443 5.97838)
(3.02515 -3.25157 10.4758)
(0.863138 -1.03821 -0.738463)
(16.0126 -5.14977 9.90358)
(4.18178 -2.53653 -4.65162)
(-2.92247 -5.8931 -2.47707)
(-6.60398 -4.76538 4.45428)
(-5.67611 -1.82749 0.419072)
(5.0684 -1.33883 -3.50154)
(-0.0628922 -14.1726 -9.16859)
(17.3919 -5.05101 6.13588)
(6.47416 -2.29627 2.46952)
(0.118881 -0.117853 0.0581703)
(0.795413 -1.32504 2.14264)
(-1.85431 -1.43848 0.994039)
(2.49989 5.51504 2.70188)
(-6.0578 -1.10884 -3.54575)
(-38.4137 3.04273 -1.79563)
(11.9732 5.2941 3.43713)
(0.431741 -1.53451 -0.290521)
(-6.58373 -0.126276 -14.3538)
(-4.93289 -1.80081 0.435879)
(-7.65363 1.97575 -0.149577)
(12.732 -1.51253 2.34113)
(-0.128628 -0.325859 -0.0717552)
(3.34034 -1.86591 -0.372282)
(9.08247 18.8909 4.82639)
(2.04001 -0.848096 -1.29577)
(-1.66504 4.97094 -1.79041)
(0.993465 -0.273051 0.20819)
(-1.15293 0.239037 -1.77809)
(2.35169 -3.45682 7.88231)
(-8.12487 -0.108074 1.68971)
(-0.470608 0.0654761 -1.71259)
(-2.32042 9.3505 1.09086)
(-44.9904 3.56366 -2.10305)
(6.98643 8.60927 -3.56222)
(-0.426772 2.8873 0.325059)
(3.79139 4.57638 1.22893)
(-0.355729 2.40667 0.270948)
(-0.010534 0.228718 -0.271807)
(5.03735 -1.96224 5.15025)
(-1.27827 -0.122362 -0.723118)
(-0.0346309 -0.124583 -0.0853389)
(0.406249 2.01521 -1.73434)
(9.6733 0.371268 1.12089)
(-16.4354 11.7616 2.98881)
(0.414011 2.01631 1.96775)
(0.36996 1.52343 -0.0370588)
(0.365919 -1.93565 0.0718461)
(0.0140037 0.928072 0.174557)
(1.08007 6.41529 -4.30704)
(0.0167153 1.10778 0.208356)
(2.22436 -0.562951 -1.57049)
(10.8317 5.8512 7.25059)
(2.11407 6.05291 -0.516032)
(3.99724 -3.13565 -1.73872)
(0.260853 1.2704 1.23981)
(3.23747 9.34577 -6.74236)
(-6.42305 10.0199 -11.3166)
(-0.782608 0.043614 -2.38889)
(3.28417 -3.91914 -0.259139)
(-10.0498 20.926 8.68916)
(7.77217 20.3497 14.0259)
(-0.0628525 -0.12143 0.0994932)
(-7.30367 -10.768 -3.76711)
(-2.76469 2.7871 -9.28946)
(-0.0179844 2.23401 -4.02443)
(5.93185 6.58875 -1.42697)
(15.9197 7.68738 22.5921)
(2.54636 7.29061 -0.62155)
(15.7111 -2.40242 1.39925)
(2.49877 -2.44866 -3.01805)
(-1.5568 -0.149024 -0.880681)
(-0.00560682 0.0205468 0.0309586)
(2.24494 -0.0295423 -3.554)
(-2.03599 -0.709284 -0.0855697)
(0.668546 -0.0220923 -0.156901)
(-3.23893 7.94285 3.58329)
(11.4543 15.1851 0.804273)
(-0.551707 5.41509 -2.61286)
(-6.41019 1.65477 -0.125276)
(-6.56958 3.10948 -1.16071)
(1.93107 -0.467121 0.190254)
(8.32278 -0.176896 -3.77911)
(-5.58383 5.32192 -2.44697)
(0.155598 -0.154253 0.0761367)
(-1.69811 0.225604 -2.50694)
(-0.544365 3.73971 -1.43612)
(11.7393 -0.358029 3.23939)
(-3.711 -4.71997 -0.972701)
(-5.67418 5.10536 -10.7902)
(2.67763 -8.00108 -9.1585)
(2.32501 -5.92922 -2.04928)
(9.59103 4.49093 -3.4265)
(0.166286 -4.66748 -0.310887)
(-15.6666 0.412959 1.84221)
(1.60436 0.849966 -2.26944)
(-0.949898 3.03093 -3.55297)
(12.3914 1.48902 -9.51725)
(-2.22768 -8.02651 -1.39023)
(1.20386 10.2059 1.94254)
(-7.68416 15.8126 -10.0674)
(8.65354 4.05195 -3.09157)
(1.02237 5.08095 2.58115)
(3.39162 2.4662 2.20886)
(1.1231 9.25359 -2.44255)
(-25.4376 10.6639 -9.96975)
(-1.78486 5.32864 -1.91925)
(0.620485 -0.358228 -1.92901)
(-8.83089 18.1852 -0.522047)
(0.193718 0.135719 0.36335)
(0.666204 0.908727 -0.462751)
(-2.9897 -3.80255 -0.783638)
(-0.746886 2.38316 -2.79363)
(-29.8752 -4.52467 5.76199)
(-3.13233 2.25235 -7.75609)
(0.0493215 0.189447 -0.0431677)
(-0.0793721 -0.153346 0.125643)
(-5.01658 -7.35127 10.163)
(-13.3505 5.14822 3.44341)
(-0.120477 -0.305209 -0.0672081)
(-3.35317 -0.506815 -1.95348)
(-4.07664 0.639986 -0.930021)
(-5.84476 2.76642 -1.03265)
(-2.05964 -4.96749 -12.328)
(4.60205 -8.55131 -6.3985)
(-0.474182 6.88959 -3.21935)
(-0.448596 1.41233 2.41265)
(2.97086 -4.36921 -3.16997)
(4.66127 -4.44785 0.124053)
(-0.812096 2.11535 -0.31992)
(-8.15087 1.35146 11.7155)
(-0.694012 -0.35602 -0.941065)
(41.9771 3.02867 -0.0591392)
(-0.0252813 -0.0443056 0.0300871)
(2.38537 -8.82952 -0.512791)
(-32.1718 32.758 0.0765926)
(2.09793 1.2592 0.497564)
(0.529056 -0.305443 -1.64477)
(-12.0805 -4.44726 17.8658)
(-2.34057 -9.83342 -3.12536)
(-0.326143 0.271401 0.188521)
(-1.04117 0.546389 -6.1875)
(-1.41497 -15.5078 3.62266)
(0.659388 -0.0540353 -1.38476)
(1.6758 -1.35828 -1.95299)
(21.1323 -1.91292 -3.90625)
(-2.1783 6.12018 11.2748)
(16.036 5.07634 -11.1374)
(-4.40207 15.0134 0.611373)
(-8.8084 10.3815 1.94271)
(8.81089 14.9927 -4.6323)
(0.68429 -7.87383 -3.14556)
(8.22226 4.9033 3.48071)
(-0.181187 -0.15167 -0.553598)
(2.77406 13.55 -2.31621)
(-1.05369 2.07756 3.89877)
(0.408173 -0.338617 -0.216665)
(-0.24639 -1.38858 3.65618)
(-0.723634 -2.02118 0.897186)
(0.79879 0.9199 0.137158)
(-9.28541 -12.4576 12.3238)
(-4.16854 4.16178 -14.1346)
(4.71439 -6.95676 1.37955)
(1.23742 12.0506 2.01348)
(3.9003 7.43421 -6.58885)
(29.3349 17.9728 3.05305)
(-0.789877 -1.34745 4.57124)
(-3.06563 6.16711 12.0176)
(2.1005 0.392646 2.45566)
(-6.54551 11.7408 8.51306)
(21.8267 -20.5223 3.25432)
(-1.82908 1.45589 0.620785)
(7.97551 -1.87729 2.01529)
(18.6866 9.95703 -2.78911)
(-1.2297 0.864497 -0.882616)
(-7.49529 10.7503 1.56527)
(12.3325 6.16461 0.47182)
(-1.07406 -1.16064 11.4599)
(2.81562 0.189979 -3.62709)
(2.08392 -15.0551 -1.27489)
(2.26747 -2.222 -2.73868)
(4.47397 -4.60706 3.12359)
(5.7911 28.5109 6.63958)
(0.278405 0.729039 0.749814)
(-2.12556 18.4608 0.0366652)
(-8.79512 -4.7363 6.81531)
(0.324954 2.54654 -2.51557)
(-6.68649 1.18396 -1.03251)
(2.49777 4.10142 -10.4146)
(0.308413 -3.39013 -3.32402)
(14.586 22.228 -1.0594)
(-5.12311 1.27232 3.0182)
(19.6896 9.98659 3.30663)
(2.90792 -1.84576 -0.52888)
(2.45343 3.52938 6.24711)
(0.633103 -6.39861 -2.09624)
(3.56676 12.9673 -3.54715)
(-2.63926 -0.372319 14.8915)
(-1.30117 18.2336 3.89318)
(-7.13574 5.18532 1.5043)
(17.4014 11.9462 4.22138)
(4.84585 4.29395 -4.66572)
(2.19794 0.442651 0.751555)
(-4.73756 6.02405 3.93878)
(-10.2322 16.7426 2.22977)
(-4.80921 -5.56668 -6.1954)
(-5.39065 -6.30045 -5.05383)
(1.2016 9.11673 5.64599)
(7.45245 9.51853 -0.177956)
(13.7364 -3.43582 2.83558)
(9.45699 -11.1761 3.2991)
(2.44688 -4.55206 3.97873)
(0.19885 0.883943 1.29653)
(7.58582 8.42588 -1.82485)
(0.344538 0.182234 -0.65464)
(0.429425 -8.54576 -1.85637)
(4.17812 6.31175 16.4291)
(-6.4891 4.6899 2.29121)
(6.53064 -0.413595 10.6129)
(-3.89193 2.23247 -0.91346)
(9.81394 20.2123 -10.6607)
(-2.35901 2.15605 -0.522075)
(10.0589 2.95586 4.24546)
(4.9403 -4.62749 1.18097)
(29.6212 -11.7585 19.6234)
(11.8765 -2.2541 -4.32234)
(2.69027 -10.6272 -12.2346)
(-10.0061 -10.0293 10.0671)
(-2.17671 -9.89522 -15.3139)
(-4.85136 -1.64115 2.62699)
(0.535585 -0.396392 1.16028)
(-9.18682 -5.01126 -1.33218)
(-5.77035 -7.16644 -3.86414)
(5.04012 -4.15343 8.40974)
(1.93052 -8.33009 -12.2695)
(-19.0838 -4.73317 -6.31061)
(1.44647 -24.0621 -5.00284)
(1.93151 -2.84065 -2.06096)
(7.24232 -3.35827 -0.0670209)
(27.5111 -15.3733 -9.05258)
(12.752 -6.58908 -1.85479)
(-2.50182 -8.97235 -6.42328)
(4.09932 -2.63231 1.54616)
(-0.165946 -8.15733 -13.8721)
(-4.26536 -5.76329 2.33588)
(5.62811 -2.69622 -6.48509)
(4.08865 -6.12143 -6.91422)
(0.90238 -1.59952 -4.71664)
(-9.49826 -2.75695 -1.126)
(2.82273 -6.95829 -10.0752)
(-16.6396 -9.25151 -3.08046)
(-1.55921 -2.63805 2.35841)
(-28.6024 -3.195 19.5991)
(-0.36065 -0.533495 1.09178)
(-2.99681 -1.40891 -1.48479)
(-0.0759532 -0.0270396 -0.313811)
(-5.54933 -5.2802 1.3266)
(3.23038 -1.95944 -3.59333)
(-1.13234 -5.28289 -7.91112)
(-15.5523 -12.3356 1.96709)
(3.16563 -0.329055 1.53796)
(-4.2092 -12.0715 -1.39072)
(0.886594 -2.00952 -1.69263)
(0.0487885 -0.0743998 -0.280749)
(-13.3028 -18.6811 25.8661)
(3.65834 -0.380269 1.77733)
(0.0122203 -1.40665 0.842844)
(-10.0697 -7.55754 -23.084)
(-1.94523 -1.16797 -0.955922)
(-2.00888 -4.81195 6.06961)
(-5.7785 -12.8334 -5.78078)
(11.482 -1.65739 0.381293)
(0.76007 -5.0093 5.28504)
(0.482994 -0.509129 -0.604358)
(-3.42658 -4.7908 0.355263)
(-5.145 -7.66923 -2.92607)
(-0.493344 -0.750943 -0.271444)
(0.307925 -1.02363 0.194729)
(5.72009 -8.26409 -7.5351)
(21.2463 -16.4377 7.51413)
(9.78362 -8.28906 -8.61442)
(8.43528 -1.21761 0.280118)
(-6.52477 -2.6254 3.07196)
(5.02077 -2.21041 -4.26916)
(0.59443 -0.200997 3.66121)
(-4.27512 -1.88945 2.17766)
(-4.94199 -2.18418 2.51735)
(5.95935 -1.06855 3.72094)
(-0.70311 -2.51574 -10.8876)
(1.75452 -5.49786 1.33354)
(1.20514 -2.73153 -2.30078)
(-6.96764 -2.19083 0.219849)
(-9.76018 -2.79932 6.42729)
(0.934335 -0.0594125 -0.402354)
(5.18492 -1.91886 -1.73975)
(-4.3673 -8.40866 11.1961)
(11.8997 -2.74447 -7.59351)
(18.4493 -4.95596 -3.64559)
(6.44164 -6.40308 -9.70343)
(2.46528 -9.5256 -5.43598)
(2.58836 -3.34214 0.85603)
(0.598558 -0.680509 2.6134)
(0.074278 -0.18779 -1.24069)
(-4.68217 -11.0933 -5.99121)
(1.57818 -1.45133 0.424178)
(-1.39436 -2.63864 0.0941034)
(-2.50794 -21.683 -1.90092)
(-9.26289 -1.92965 0.84213)
(0.143606 -4.86203 -2.55812)
(11.7716 -12.5922 -12.175)
(0.0558826 -0.523942 -0.338203)
(9.80956 -6.91927 5.88367)
(-4.09681 -2.34326 1.76617)
(1.12262 -6.11353 6.579)
(-7.52597 -2.47481 -3.89514)
(9.84128 -5.62237 -28.3878)
(1.80527 -1.66018 0.485217)
(-0.307314 -2.12855 0.293177)
(-11.6988 -3.35534 7.70393)
(-0.158788 -6.77981 -2.3414)
(0.0800457 -0.626342 -0.439325)
(-0.133153 -3.78089 -2.11457)
(-0.446919 -0.0079107 -0.207135)
(18.6306 -5.59509 -12.0897)
(-6.48207 -4.94026 -3.7564)
(-15.1138 -1.73675 -3.12768)
(5.69057 -1.23387 -13.0783)
(-0.299764 -2.13815 -1.29218)
(7.9603 -4.05995 -3.2885)
(7.05398 -10.2288 -2.36678)
(-0.319211 -2.27686 -1.37601)
(0.982553 -1.98132 1.33545)
(2.85428 -3.40614 -0.225219)
(-1.43079 -3.18869 3.31274)
(-5.43201 -0.0656502 3.20856)
(9.07583 -4.34605 -4.56764)
(-0.340609 -8.68197 3.77826)
(0.718498 -7.41321 -3.0141)
(-15.7792 -12.1013 -0.107256)
(-7.19663 -4.03135 4.85719)
(7.21851 -6.82795 -11.452)
(-9.30334 -3.72735 3.33885)
(-4.31818 -13.7948 8.71435)
(0.175637 -0.0895676 -0.168493)
(-12.8293 -1.91893 11.4471)
(-0.627989 -5.71282 1.24737)
(9.10889 -4.64576 -3.763)
(-1.6122 -0.814918 1.23933)
(2.26053 -2.18021 -4.38447)
(9.84027 -3.52384 -3.34445)
(4.48511 -6.21468 8.10519)
(0.68528 -16.3688 -7.76975)
(-2.65563 -1.42901 -0.8898)
(-0.137999 -5.41262 4.73943)
(-11.8488 -2.3095 9.19196)
(-1.36552 -3.02229 11.2921)
(8.61386 -0.27425 4.83324)
(-2.19402 -2.94903 0.127976)
(1.38007 -2.5921 3.07215)
(9.6523 -3.2016 -0.452883)
(-35.0756 -13.2236 -4.25498)
(-12.1678 -7.70319 7.02218)
(-0.628967 -16.4563 8.53358)
(-2.558 -4.48909 -0.827324)
(-3.30247 -1.77708 -1.10653)
(-1.84133 -0.339349 -0.223273)
(-5.48965 -2.93006 3.62919)
(-7.64763 -0.218191 -1.76719)
(6.51067 -6.31939 1.50533)
(3.12659 -3.10619 -1.73612)
(-2.04081 -4.02488 -3.51353)
(-2.58685 -5.85553 -12.6863)
(-0.0113883 -0.112967 -0.0282632)
(0.908117 -14.8071 11.106)
(1.04088 -1.00991 -0.46308)
(11.5006 -3.69867 7.11296)
(-5.9463 -16.4043 6.39998)
(-0.510694 -0.524267 0.255902)
(-2.55627 -30.2392 -13.5416)
(-2.6815 -1.44293 -0.898468)
(0.55983 -0.656194 -0.204652)
(0.123178 -0.316399 0.274909)
(-5.09283 -3.10618 -1.47285)
(-6.85721 -1.13828 -0.316959)
(1.21183 -0.122475 -2.64184)
(-7.17626 -3.91334 -11.9527)
(-2.2741 -28.8196 -7.87092)
(-11.4183 -17.9059 2.58175)
(-1.83581 -5.94588 4.67786)
(-2.0265 -8.73994 7.94756)
(3.50704 -6.3766 17.6627)
(-4.39923 -3.17444 2.96721)
(-5.79451 -8.04227 5.7157)
(-0.835517 -1.2062 1.55143)
(-1.16697 -1.73001 3.75768)
(-0.671466 -8.69331 -2.05688)
(-5.51338 -5.40985 -23.8696)
(-1.04313 -5.95838 -4.60155)
(-11.9323 -10.8375 9.03682)
(4.04641 -0.892391 -16.7501)
(-1.70825 -4.28137 -1.44256)
(-1.36174 -7.3257 10.7236)
(0.658931 -0.772353 -0.240879)
(25.2032 -13.9276 1.71284)
(-2.06321 -6.44917 6.23567)
(-5.47491 -0.0728256 1.1386)
(-1.67836 -6.42535 5.15307)
(-6.50411 -14.9601 24.7048)
(1.3651 -1.32448 -0.607324)
(12.5212 -7.4828 11.6294)
(6.96333 4.51684 5.02455)
(5.68455 -1.29058 -4.32434)
(21.8885 -2.97443 -17.6028)
(-2.97815 -3.78786 -0.780611)
(-9.6971 -9.86718 -17.0131)
(-0.993 -2.4472 2.04952)
(1.95523 -2.87406 6.55348)
(-5.91219 -2.89791 14.3964)
(6.87597 -0.111602 7.13666)
(2.01097 -17.8091 0.320549)
(1.70367 -1.66951 -2.05772)
(-2.98381 -2.28569 -5.84209)
(-1.77737 -0.250732 10.0284)
(10.8221 -5.6196 -2.10808)
(9.04817 -3.1929 -14.7891)
(1.88623 -4.81024 -1.66254)
(-1.56661 -0.802059 -1.24336)
(8.22864 -17.9463 -14.3097)
(-1.61624 -6.7903 -2.15817)
(-1.77345 -0.464775 0.286973)
(-3.97844 13.5686 0.552538)
(0.145395 0.721236 -0.620713)
(0.327364 -0.0108179 -0.0768289)
(1.03939 0.124899 -0.798311)
(0.680588 -1.17796 -2.54747)
(0.247848 -0.334292 0.188001)
(2.44827 -1.33883 -0.808393)
(5.77857 -0.897867 -4.20971)
(-1.13137 4.61996 2.2148)
(-13.6302 8.24195 -2.12339)
(1.06224 1.97094 -3.69019)
(-21.6686 -3.28177 4.17921)
(-4.76569 3.46308 1.00467)
(-20.9677 7.15397 0.241795)
(-12.4462 8.90686 2.26337)
(0.388588 -0.0318438 -0.816062)
(-19.1728 -14.0825 -0.420372)
(3.80187 -7.06446 -5.28597)
(7.44174 9.86561 0.522528)
(0.302372 -0.369424 -0.546676)
(-4.60353 8.25747 5.98733)
(2.07014 -0.726296 -1.70531)
(-0.270794 -1.83743 0.458125)
(4.06691 -1.48875 0.817088)
(0.486867 -0.490888 -0.119057)
(6.67726 5.75125 5.42625)
(12.5591 -4.10232 12.8289)
(-4.74387 -7.52776 8.97904)
(2.16815 0.181009 0.471487)
(-0.541594 -0.613553 -0.377666)
(-13.614 6.99209 -0.802137)
(1.86662 -13.1986 6.76596)
(7.26817 -6.44623 -8.18173)
(-0.625583 1.11819 1.3469)
(5.71415 0.216189 -0.676193)
(-4.01754 -3.52592 -0.0346696)
(2.64372 -1.47678 -0.294644)
(-4.49108 14.1667 0.118537)
(5.94808 -3.11854 0.963309)
(2.15576 -1.17887 -0.71181)
(-4.9875 -9.18625 3.052)
(-3.06534 0.481224 -0.699309)
(0.319799 1.55748 1.51998)
(0.0233284 0.354409 -0.266562)
(-0.481079 4.72187 -2.27837)
(0.896825 -0.197373 0.0358249)
(11.9191 3.75517 9.47871)
(-0.352277 -0.289724 2.03804)
(1.4513 -16.3839 -11.7995)
(6.31777 -7.46626 2.20398)
(-0.686465 -8.8875 -2.10282)
(5.48549 -0.116591 -2.49078)
(-13.86 -2.56286 -1.9454)
(0.42046 0.00480477 -1.1859)
(0.114809 -0.256576 -0.0425158)
(-2.03745 -2.90026 -1.1401)
(2.7004 -3.02823 1.3417)
(-3.83427 -4.48139 -3.59469)
(-1.66275 -5.38537 4.23688)
(-35.8618 -27.6285 -15.5779)
(0.0642132 0.584457 0.937425)
(3.48681 -0.031245 -2.5266)
(-1.14224 1.2061 1.28613)
(1.123 2.08042 -1.27505)
(0.61767 2.34154 -3.38209)
(-0.350267 -3.12906 -0.0379523)
(17.7671 -5.38827 1.01106)
(-6.45911 1.66739 -0.126232)
(-4.07532 0.991298 -3.52649)
(-0.270038 -0.733016 5.90978)
(0.847621 6.43104 3.98274)
(0.808687 7.83167 -2.49974)
(1.33164 1.28193 2.04395)
(4.09164 0.130346 -2.89682)
(14.4961 7.35244 2.43445)
(-19.4843 5.90926 -1.98363)
(18.4736 -11.1627 0.959313)
(-0.113722 -0.315247 0.261118)
(-0.0418334 -0.150456 -0.0318078)
(-1.42819 -2.92439 2.40632)
(-0.678206 -1.04576 1.08943)
(1.67053 5.86486 0.506716)
(0.0155363 1.11538 2.55441)
(0.269708 -0.329516 -0.48762)
(-5.44183 2.5757 -0.961457)
(6.3855 -1.387 0.471385)
(3.57211 -1.48204 3.2588)
(-3.28244 10.7147 -3.30586)
(11.6161 -10.0282 -6.90259)
(5.91977 -9.03915 7.77206)
(8.12605 -7.77606 1.53985)
(1.98501 6.96894 0.602108)
(0.734262 -5.30462 -0.449203)
(-8.84274 1.67529 -1.83737)
(2.43667 -7.28105 -8.33431)
(-0.243177 -1.21126 -1.25478)
(0.153256 -1.16739 1.65247)
(-2.40826 1.7317 -5.96321)
(-0.554156 0.990516 1.19312)
(-1.6554 -1.97001 3.71501)
(-16.568 5.03184 -6.08333)
(-9.42836 -7.31521 -11.1804)
(0.703506 6.85113 1.14472)
(-19.386 17.1849 -2.80173)
(-0.481192 -0.176156 0.437041)
(1.90233 -4.11631 -2.72171)
(-1.82004 -0.727523 -0.09023)
(-6.56418 1.57598 -2.71548)
(2.0984 -2.98595 1.62667)
(0.829202 2.85012 0.372558)
(0.246869 1.93462 -1.91109)
(-1.40124 1.47958 1.57776)
(-0.141022 -0.390924 0.3238)
(1.94976 -1.94886 -0.49453)
(7.60553 -6.99577 -1.31356)
(0.0135901 0.900663 0.169401)
(1.89931 -0.66636 -1.56458)
(2.75052 9.99981 -2.7354)
(4.29153 5.18007 1.39105)
(1.61667 3.7387 0.784746)
(-3.95556 -4.57857 -5.09569)
(2.35823 1.4889 2.69144)
(2.96098 5.64381 -5.00205)
(-0.388026 0.0539864 -1.41207)
(-5.59932 1.34433 -2.31634)
(-4.22568 -0.558336 0.760796)
(6.03729 -9.81544 -8.13889)
(-0.0556391 13.4771 3.69742)
(-7.40191 4.42527 -3.84724)
(0.151263 0.105975 0.283719)
(4.37491 21.5387 5.0159)
(-3.05803 -7.62673 -0.531742)
(0.226759 1.05349 0.7916)
(-0.996857 -0.834773 0.49852)
(-2.35287 3.02734 3.6777)
(-5.14848 2.60644 -0.727804)
(0.194897 -0.297514 0.377689)
(-4.7625 -3.45727 3.41881)
(-2.53631 22.0283 0.0437507)
(-24.9626 25.4175 0.0594295)
(1.36254 -4.13736 2.17506)
(1.18902 8.021 -1.12362)
(1.89024 2.7192 4.81306)
(-3.38912 -2.33958 -1.8293)
(-1.1294 4.51764 1.52846)
(6.44252 0.908579 -5.01255)
(0.0539237 0.389053 -0.704815)
(7.28858 1.63815 2.07375)
(-14.1234 1.76088 -4.57072)
(0.408801 1.90212 1.29564)
(-5.2411 -2.1429 -0.270833)
(-5.59163 -2.36162 -6.40277)
(1.03013 3.54076 0.462837)
(14.2662 5.56092 -1.68091)
(0.130908 -0.997162 1.41151)
(-2.33903 5.39939 1.48956)
(-5.21967 1.63038 -4.93515)
(-0.147269 -0.123279 -0.449967)
(-2.79972 0.591468 3.26114)
(0.327465 -0.271663 -0.173824)
(-6.38346 -2.60997 -0.329865)
(-2.00359 3.0748 -3.7613)
(-1.24017 -0.950362 3.51895)
(6.50686 -4.00534 0.881089)
(-0.279385 6.40603 0.854663)
(2.09364 -3.85399 -0.139643)
(6.493 0.597735 -1.61073)
(6.53127 3.25217 7.98252)
(-10.2384 -2.25143 8.71648)
(-7.75111 -0.283917 4.7507)
(-2.27605 9.8487 6.00471)
(0.0476803 0.344008 -0.623211)
(0.742371 7.18943 -2.29475)
(-1.04283 4.41157 3.35239)
(1.92814 -1.92725 -0.489046)
(-3.89341 -2.33906 -4.69929)
(13.7658 -2.56207 3.19915)
(5.18946 -0.328656 8.43333)
(-3.2408 -3.69124 3.06628)
(2.46818 -11.6865 0.326026)
(1.90675 -7.05787 -0.409899)
(-2.6025 -8.03764 1.28966)
(0.0356557 -0.0169844 -0.662167)
(9.56598 -14.2399 3.1271)
(8.11264 -4.64778 5.57594)
(-11.9468 5.378 -24.559)
(-33.8707 34.4879 0.0806373)
(-0.226118 -0.95863 -0.482055)
(-1.18504 2.30645 -1.13883)
(-4.29669 6.71286 1.46734)
(-1.72043 -0.657494 1.47427)
(0.297556 0.146116 0.231502)
(-17.2674 9.44429 6.02435)
(-10.2689 -6.89997 13.3618)
(0.703464 -0.514359 -4.95494)
(18.1167 -11.6167 1.66503)
(6.5883 1.48076 1.87451)
(2.73648 6.71038 -4.461)
(-0.395326 -4.57993 -1.56191)
(12.1265 -2.25697 2.81819)
(-0.994788 1.63052 -0.776348)
(2.58595 -1.34337 -0.832455)
(-1.96413 -7.02448 -9.04497)
(-2.60574 -33.0226 -9.01878)
(-7.45839 -4.54896 -2.15698)
(-1.33291 -2.7293 2.24579)
(5.99362 -1.30188 0.442456)
(-1.80765 -1.46907 -7.11185)
(-1.78566 15.5088 0.0308022)
(-1.45699 -2.15996 4.69155)
(1.11481 0.582333 0.741029)
(1.23107 -3.73813 1.96518)
(-1.40845 -0.538265 1.20692)
(-1.2354 -1.64542 -3.15107)
(3.56391 -2.28309 -0.749266)
(1.81955 -0.916456 0.0533855)
(-2.21677 -0.715354 1.60275)
(-1.59452 -0.447603 -0.959829)
(0.187934 -1.12154 1.61876)
(-0.96842 -1.0963 -2.91754)
(-0.722904 6.76581 4.01535)
(-1.42331 5.69328 1.92621)
(0.56006 -0.794876 -0.479996)
(-0.6709 -0.968552 1.24576)
(-26.9029 27.3931 0.0640487)
(-3.22632 -3.51184 4.25752)
(0.00281504 -0.362791 -4.18744)
(-5.27883 2.67243 -0.746231)
(-2.11816 4.88954 1.3489)
(-4.22333 0.511065 -0.650564)
(0.173817 0.14622 -0.00214044)
(-1.01893 -0.969308 3.28686)
(-0.00266148 0.018697 -0.00413316)
(1.19029 4.29454 -1.76127)
(6.55543 -2.06124 8.11052)
(-0.199983 -0.847827 -0.426337)
(-2.16837 11.7752 -4.87568)
(1.66588 6.01046 -2.465)
(-2.178 -1.99935 0.931421)
(-0.394581 2.82678 -3.22199)
(0.372147 1.73158 1.17947)
(-7.22291 -3.88964 5.59701)
(13.2565 -23.081 9.96511)
(-7.72626 0.0273916 14.2945)
(3.64985 0.630889 -1.90262)
(0.0021897 0.625886 0.0129217)
(-0.348679 -0.791283 -2.89806)
(-2.51779 7.64344 -5.24284)
(5.66254 -1.49577 -3.912)
(-0.0483008 -5.44779 -8.94083)
(0.270763 0.13296 0.210657)
(11.2994 4.96524 -4.51034)
(-0.318433 -0.915365 -1.00479)
(11.0441 -5.73487 -2.15132)
(-3.48311 -4.07282 -1.71247)
(-14.4205 -7.09945 14.573)
(-4.44681 -2.77478 -8.20971)
(1.35389 1.93852 0.80123)
(0.429826 0.765591 0.383943)
(-12.6693 2.37975 -2.50329)
(0.734944 1.77594 5.48862)
(-3.58867 8.49395 -0.497996)
(13.4056 -4.02834 -0.763894)
(-5.98684 -1.92753 0.442014)
(-1.19397 -1.57597 -2.17838)
(-1.08245 -1.22539 -3.26107)
(0.801428 -12.5293 -9.25607)
(-3.97883 1.32568 -5.51172)
(1.15547 1.65442 0.683807)
(-5.56057 -3.64473 6.64608)
(-21.6188 4.34431 4.43762)
(2.60531 -1.66899 -0.547732)
(-0.163672 -2.329 -1.85099)
(1.8656 -0.223606 -0.658254)
(-10.4485 -5.11846 5.59989)
(3.69626 5.16627 -1.31138)
(2.13708 9.23455 0.796886)
(-3.00928 7.59567 -0.190653)
(6.519 -1.48002 -4.95912)
(-2.87995 -4.21297 -4.01205)
(-0.487723 -6.29543 0.685823)
(-1.08329 -0.0627785 -0.792903)
(0.825 2.23637 -1.78796)
(-1.18779 1.40275 3.12109)
(2.54243 3.83491 -1.20782)
(-0.108453 -1.81511 0.398745)
(10.1313 4.50977 -0.458721)
(0.36172 0.644281 0.323106)
(19.1316 19.5684 21.4045)
(1.25287 2.71568 -1.50641)
(-1.00322 -0.574607 -1.49272)
(-6.87059 -4.19046 -1.98699)
(20.5265 25.3413 -0.121392)
(-0.31508 -0.305592 -0.272389)
(-11.1441 20.6444 -9.33257)
(2.45147 0.332214 -0.869235)
(-4.44984 -3.30229 0.91723)
(-5.35501 -1.08004 -9.4249)
(-1.29619 -4.45399 4.11417)
(-3.13307 32.5853 -1.65294)
(-0.851725 -1.2296 1.58152)
(3.9242 -6.05275 4.54174)
(2.00207 -4.98174 0.283683)
(-5.59326 10.5596 -1.68441)
(10.9384 -41.8487 10.1208)
(-13.9093 2.5411 5.17631)
(-9.15846 1.54036 -1.9531)
(-15.1169 2.83949 -2.98689)
(-0.36253 0.85646 -0.710774)
(8.7213 -14.6311 0.570465)
(11.2478 -3.53024 -8.00495)
(-16.189 5.34525 -0.689041)
(-4.32759 -3.68172 -1.5859)
(-3.1234 7.74665 6.37814)
(24.3726 3.54365 5.83269)
(17.7453 3.9851 -3.90814)
(0.596423 -0.601349 -0.145847)
(-2.20453 -8.52315 1.82955)
(1.28364 0.566711 -0.513514)
(-3.76218 -2.71476 2.53753)
(-19.1059 26.7181 -0.316092)
(0.484902 6.4336 3.12281)
(0.742231 0.447202 -0.449619)
(-3.61974 2.62131 -5.91782)
(0.680719 1.84526 -1.47527)
(7.14953 11.0957 3.26812)
(1.57671 0.6961 -0.630757)
(-1.03447 7.69722 0.901392)
(9.44933 -22.5637 3.16036)
(-2.45343 6.92263 3.15719)
(11 0.422187 1.27462)
(-0.889219 -1.1521 4.98641)
(0.405399 -1.44089 -0.272795)
(7.59157 3.37924 -0.343727)
(1.48895 9.33996 -3.509)
(-0.793449 -1.09073 1.2271)
(2.5313 0.343033 -0.897542)
(-1.97058 -0.974935 1.72964)
(-0.59021 5.79301 -2.79521)
(-1.1684 -0.669216 -1.73849)
(0.00191526 0.547442 0.0113022)
(-26.5381 37.1114 -0.439052)
(-7.80101 -1.42793 -4.56609)
(1.18572 2.57012 -1.42566)
(0.573082 7.60357 3.6907)
(9.011 -34.7144 -3.96789)
(-0.365755 2.62027 -2.98661)
(4.0372 5.6428 -1.43234)
(1.57148 2.30343 9.18805)
(6.13892 8.44196 -0.599863)
(-0.396802 -2.69245 0.671304)
(-1.75198 -9.42508 13.7967)
(-7.75862 1.30492 -1.65457)
(-0.871177 -1.19758 1.34731)
(-3.05833 -3.57612 -1.50363)
(7.99092 10.092 -13.6125)
(-0.445237 0.763868 -0.664398)
(2.50788 -0.634705 -1.77067)
(0.0345847 12.7478 -5.15591)
(4.34274 0.452596 -4.10545)
(2.66838 17.3198 4.34909)
(-0.446667 0.554491 -0.103795)
(7.74827 -2.74818 2.95552)
(6.68975 0.705536 7.44095)
(1.06595 6.33138 -4.25071)
(0.774314 0.338552 9.7571)
(12.1555 10.9281 7.2949)
(16.2293 -6.01551 8.92688)
(-5.18309e-05 -0.0613739 -0.0325543)
(-1.95758 -0.275506 6.7278)
(5.05397 0.581303 2.2729)
(-10.9346 8.74822 -5.77917)
(-1.99526 -2.94166 -1.02912)
(-1.09389 -1.44388 -1.9958)
(-0.12736 0.124272 -0.249866)
(22.3521 0.290638 -14.4688)
(0.545608 -0.550115 -0.133421)
(-0.974265 0.547452 -0.187132)
(4.5661 6.53164 -1.94561)
(-2.98592 20.4569 -16.47)
(-1.11446 1.31615 2.92841)
(22.8416 -2.06765 -4.22222)
(-3.41054 -0.472339 2.5532)
(-2.05571 5.18879 -0.13024)
(-2.70058 -0.374015 2.02171)
(-3.95775 2.07525 2.14447)
(1.33067 8.34711 -3.13599)
(-0.678842 -2.94479 -2.88979)
(0.998662 -1.66363 2.69014)
(-2.2588 -5.66122 -1.90749)
(-3.11813 2.59361 7.96924)
(1.77364 0.939649 -2.5089)
(0.455254 2.2583 -1.94354)
(17.7169 -2.10472 3.25773)
(-0.0132263 0.0564976 0.0616253)
(-1.3443 0.278714 -2.07323)
(-15.0426 4.96674 -0.640248)
(-12.5002 0.329496 1.46988)
(3.90673 -2.06274 0.928352)
(4.88675 -1.67131 -0.115261)
(-0.312413 -0.105175 -1.11599)
(2.18275 27.6811 -0.209428)
(4.83059 -1.37187 1.12532)
)


// ************************************************************************* //
