/*--------------------------------*- C++ -*----------------------------------*\
  =========                 |
  \\      /  F ield         | OpenFOAM: The Open Source CFD Toolbox
   \\    /   O peration     | Website:  https://openfoam.org
    \\  /    A nd           | Version:  7
     \\/     M anipulation  |
\*---------------------------------------------------------------------------*/
FoamFile
{
    version     2.0;
    format      ascii;
    class       Cloud<passiveParticle>;
    location    "0.14/lagrangian/reactingCloud1";
    object      positions;
}
// * * * * * * * * * * * * * * * * * * * * * * * * * * * * * * * * * * * * * //

1200
(
(0.366928 0.316733 0.0177185 0.29862) 46033 91385 1
(0.212841 0.398232 0.142953 0.245974) 46116 91639 1
(0.481163 0.260063 0.0170666 0.241708) 46106 91534 1
(0.317655 0.275769 0.0760308 0.330546) 46197 91713 2
(0.0646313 0.048117 0.467741 0.419511) 46149 91620 2
(0.0743997 0.378334 0.461582 0.0856839) 46145 91612 2
(0.235885 0.0608416 0.378035 0.325238) 46105 91617 2
(0.441424 0.208109 0.278616 0.0718506) 46289 91900 2
(0.0380412 0.481683 0.194812 0.285465) 46149 91620 1
(0.428819 0.0520551 0.285478 0.233648) 46194 91710 2
(0.585477 0.208186 0.180047 0.0262902) 46242 91891 1
(0.777968 0.111167 0.0715319 0.0393333) 46191 91702 1
(0.390408 0.30514 0.0667281 0.237724) 46286 91894 1
(0.522229 0.179409 0.0596594 0.238702) 46284 91888 2
(0.50142 0.13113 0.249088 0.118363) 46285 91892 2
(0.20303 0.128486 0.275633 0.392851) 46284 91887 2
(0.499546 0.163444 0.250361 0.086649) 46328 91978 2
(0.167571 0.0405121 0.412987 0.37893) 46235 91877 2
(0.872555 0.0637463 0.0507875 0.0129109) 46324 91970 1
(0.0968136 0.337529 0.114572 0.451085) 46371 92062 2
(0.519504 0.186469 0.0541594 0.239868) 46366 92052 2
(0.345441 0.327769 0.235648 0.0911413) 46364 92048 1
(0.761152 0.119513 0.0664777 0.0528565) 46553 92428 1
(0.257147 0.371969 0.329193 0.0416917) 46415 92150 1
(0.139063 0.365585 0.414109 0.0812431) 46416 92239 2
(0.748283 0.125925 0.0872707 0.0385213) 46462 92244 1
(0.462693 0.269309 0.180546 0.0874525) 46688 92696 1
(0.471165 0.269508 0.123741 0.135585) 46549 92417 1
(0.320996 0.339861 0.13857 0.200573) 46543 92408 1
(0.130995 0.0225376 0.413553 0.432914) 46589 92497 2
(0.329394 0.340284 0.0591258 0.271197) 46588 92495 1
(0.671938 0.161996 0.00290879 0.163157) 46591 92502 2
(0.506548 0.23048 0.246345 0.016626) 46632 92586 2
(0.611232 0.202278 0.019345 0.167145) 46681 92769 1
(0.306206 0.372233 0.116809 0.204753) 46673 92753 1
(0.447096 0.277178 0.238185 0.0375404) 46725 92770 1
(0.663614 0.110098 0.167963 0.0583258) 46812 92946 2
(0.263094 0.214001 0.154811 0.368094) 46807 92934 2
(0.807593 0.0952389 0.0960384 0.00113015) 46805 92932 2
(0.362702 0.318999 0.0921609 0.226138) 46808 92938 1
(0.175888 0.342977 0.0695058 0.411629) 46859 93038 2
(0.637869 0.181295 0.172392 0.0084448) 46855 93032 1
(0.220106 0.195519 0.389624 0.19475) 46850 93022 2
(0.278093 0.253717 0.360565 0.107625) 46854 93030 2
(0.239333 0.311412 0.365983 0.0832718) 46856 93119 2
(0.42078 0.290097 0.0171426 0.27198) 46948 93215 1
(0.286022 0.373099 0.323312 0.0175673) 46944 93207 1
(0.173281 0.428001 0.226279 0.172439) 46896 93199 1
(0.702817 0.00448253 0.14447 0.148231) 46939 93197 2
(0.0242394 0.245279 0.242626 0.487856) 46940 93200 2
(0.044811 0.47797 0.341272 0.135947) 46992 93304 1
(0.800059 0.0907891 0.0918513 0.0173005) 46982 93371 2
(0.157457 0.317687 0.398177 0.126679) 46984 93375 2
(0.374669 0.315964 0.103426 0.205942) 47035 93389 1
(0.0015142 0.136899 0.367526 0.494061) 47077 93473 2
(0.206162 0.435243 0.090944 0.267651) 47024 93455 1
(0.151111 0.432072 0.262638 0.154179) 47076 93559 1
(0.881163 0.0538814 0.00522067 0.0597352) 47165 93650 2
(0.0635054 0.487227 0.44175 0.00751733) 47209 93737 1
(0.0275908 0.505009 0.290435 0.176965) 47206 93731 1
(0.690489 0.154777 0.0161215 0.138613) 47205 93730 1
(0.581076 0.215669 0.108703 0.0945521) 47206 93819 1
(0.211026 0.428387 0.00953908 0.351048) 47203 93813 1
(0.302691 0.360338 0.200333 0.136638) 47248 93903 1
(0.325073 0.234889 0.123648 0.316389) 47334 93987 2
(0.830518 0.0694728 0.018022 0.0819876) 47341 94001 2
(0.0491783 0.269089 0.21549 0.466243) 47386 94091 2
(0.602017 0.133858 0.0729719 0.191153) 47382 94083 2
(0.264399 0.397214 0.0346542 0.303733) 47379 94165 1
(0.120267 0.194046 0.439684 0.246004) 47428 94178 2
(0.552528 0.22372 0.104006 0.119746) 47429 94180 1
(0.394807 0.302605 0.295751 0.00683682) 47423 94168 1
(0.172304 0.417672 0.0394632 0.370561) 47467 94253 1
(0.442473 0.0488217 0.235374 0.273331) 47464 94247 2
(0.618753 0.106049 0.0845674 0.190631) 3100 96669 1
(0.132098 0.432229 0.000937385 0.434736) 3200 6218 1
(0.353172 0.231431 0.0474657 0.367931) 3438 6719 1
(0.0889082 0.107059 0.456115 0.347918) 3433 6673 2
(0.442462 0.142132 0.279516 0.135891) 3417 6642 2
(0.109429 0.437083 0.223828 0.229659) 3386 6617 1
(0.410299 0.117543 0.177324 0.294834) 3241 6296 2
(0.339058 0.189806 0.139711 0.331425) 3366 6540 2
(0.00869714 0.496586 0.421526 0.0731905) 3020 96673 2
(0.0662142 0.445371 0.0194016 0.469014) 3332 6474 2
(0.462659 0.268448 0.0485861 0.220307) 3310 6431 1
(0.708294 0.0869867 0.146256 0.0584637) 3305 6423 2
(0.0914244 0.348311 0.463975 0.0962894) 3241 6334 2
(0.18843 0.23641 0.406766 0.168394) 3240 6296 2
(0.268524 0.162543 0.197777 0.371156) 3264 6340 2
(0.178923 0.315966 0.0832879 0.421823) 3245 6303 2
(0.00438688 0.329127 0.512767 0.153719) 3208 6270 2
(0.0552918 0.250504 0.220882 0.473323) 3208 6232 2
(0.253204 0.328808 0.0433752 0.374613) 3191 6199 2
(0.202344 0.100777 0.297679 0.3992) 3182 6181 2
(0.0200115 0.489127 0.228616 0.262245) 3151 6123 1
(0.137994 0.428525 0.374002 0.0594793) 3128 6114 1
(0.222667 0.127317 0.254984 0.395033) 3129 6077 2
(0.0860341 0.456491 0.168575 0.288901) 3102 6025 1
(0.655788 0.171726 0.140363 0.0321234) 3089 6000 1
(0.597953 0.200808 0.114691 0.0865488) 3066 5957 1
(0.225186 0.277238 0.110309 0.387267) 2660 96691 1
(0.516285 0.216912 0.241892 0.0249114) 2920 5672 2
(0.0998591 0.220764 0.221422 0.457955) 3025 5874 2
(0.271288 0.290189 0.364886 0.0736361) 3002 5832 2
(0.695127 0.149177 0.0383594 0.117336) 2982 5829 1
(0.709291 0.145197 0.0281495 0.117362) 2964 5758 1
(0.620904 0.184348 0.0283419 0.166406) 2944 5755 1
(0.029217 0.329927 0.141718 0.499138) 2947 5722 2
(0.172525 0.0412406 0.371351 0.414883) 2921 5671 2
(0.5296 0.218865 0.0165341 0.235) 2700 96689 1
(0.882569 0.0524692 0.00623039 0.0587317) 2889 5610 2
(0.729122 0.135436 0.0410537 0.0943885) 2869 5571 1
(0.315497 0.337435 0.270008 0.0770595) 2852 5576 1
(0.0741164 0.462942 0.0837658 0.379176) 2822 5479 1
(0.152377 0.100042 0.42659 0.320991) 2801 5476 2
(0.187427 0.296916 0.406287 0.109371) 2808 5454 2
(0.170318 0.369301 0.0455396 0.414841) 2789 5415 2
(0.134764 0.382499 0.442523 0.0402134) 2700 5280 2
(0.0552884 0.472356 0.0923012 0.380055) 2742 5323 1
(0.353292 0.0364373 0.323354 0.286917) 2752 5345 2
(0.457016 0.262025 0.000732317 0.280226) 2724 5287 2
(0.0165963 0.491702 0.479352 0.01235) 2716 5273 1
(0.0425779 0.478711 0.159339 0.319372) 2688 5218 1
(0.42615 0.286925 0.0887138 0.198211) 2661 5165 1
(0.310626 0.343305 0.0469769 0.299092) 2663 5168 1
(0.466461 0.261245 0.187819 0.084474) 2643 5129 1
(0.786749 0.0766055 0.03002 0.106626) 2621 5087 2
(0.448432 0.268061 0.00547283 0.278035) 2602 5088 1
(0.178188 0.402585 0.286099 0.133127) 2612 5108 1
(0.182422 0.139002 0.269787 0.408789) 2615 5076 2
(0.00672088 0.491987 0.00465276 0.49664) 2594 5035 2
(0.643355 0.178322 0.107404 0.0709182) 2564 4978 1
(0.0513677 0.474316 0.19036 0.283956) 2551 4951 1
(0.338508 0.0374786 0.330746 0.293268) 2550 4951 2
(0.335293 0.197728 0.332354 0.134626) 2526 4904 2
(0.662088 0.168956 0.0148182 0.154138) 2503 4857 1
(0.00790359 0.495629 0.0109063 0.485561) 2507 4864 1
(0.0439787 0.174479 0.478011 0.303532) 2481 4816 2
(0.735795 0.0191668 0.112337 0.132701) 2463 4778 2
(0.0239137 0.488043 0.317361 0.170682) 2441 4736 1
(0.0625719 0.253668 0.478471 0.20529) 2426 4745 2
(0.382175 0.167967 0.308913 0.140946) 2423 4703 2
(0.747171 0.126414 0.0970062 0.0294081) 2413 4689 1
(2.67349e-05 0.499051 0.412106 0.0888157) 3840 96632 2
(5.24878e-06 0.499331 0.277727 0.222937) 3980 96625 2
(0.261778 0.368342 0.363942 0.00593916) 3800 96634 2
(0.0226516 0.368649 0.487724 0.120976) 4100 7973 2
(0.477767 0.261232 0.0435502 0.217451) 4081 7934 1
(0.15608 0.413474 0.108503 0.321944) 4081 7972 1
(0.137173 0.0847821 0.34392 0.434125) 4003 7781 2
(0.517813 0.0126589 0.241459 0.228069) 4022 7857 2
(0.481187 0.125229 0.259099 0.134485) 4043 7862 2
(0.316648 0.336525 0.0515106 0.295316) 4115 8000 1
(0.065201 0.456156 0.0963764 0.382266) 3983 7781 1
(0.474489 0.20424 0.0380919 0.283179) 4094 7959 2
(0.238272 0.0228522 0.383149 0.355727) 4054 7920 2
(0.186228 0.294849 0.406283 0.11264) 3942 7665 2
(0.232778 0.0516478 0.330577 0.384997) 3861 7504 2
(0.927878 0.0350274 0.00470466 0.0323902) 3881 7582 1
(0.334546 0.0295432 0.332656 0.303255) 3990 7759 2
(0.587519 0.157343 0.0428455 0.212292) 3966 7709 2
(0.180981 0.103433 0.306129 0.409457) 3963 7704 2
(0.283283 0.344872 0.323671 0.0481736) 3948 7674 1
(0.0637851 0.45683 0.338311 0.141073) 3905 7590 1
(0.67568 0.0957935 0.0543923 0.174134) 3915 7610 2
(0.684401 0.158064 0.112502 0.0450328) 3895 7572 1
(0.481206 0.258891 0.240328 0.0195741) 3741 7309 1
(0.0852552 0.268855 0.457007 0.188883) 3761 7312 2
(0.0409404 0.0656168 0.411726 0.481717) 3824 7432 2
(0.144432 0.413597 0.226983 0.214987) 3852 7487 1
(0.423032 0.150153 0.132556 0.294259) 3826 7436 2
(0.185871 0.403108 0.146197 0.264824) 3762 7311 1
(0.218203 0.00310447 0.387801 0.390891) 3836 7457 2
(0.282732 0.358975 0.121923 0.23637) 3763 7316 1
(0.122666 0.438802 0.0937026 0.344829) 3767 7322 1
(0.905841 0.0317004 0.0153996 0.0470593) 3723 7236 2
(0.14529 0.320808 0.0798128 0.454089) 3773 7333 2
(0.0553938 0.472709 0.383202 0.0886946) 3747 7283 1
(0.0847517 0.417875 0.179383 0.31799) 3736 7300 1
(0.305016 0.342273 0.188093 0.164618) 3682 7155 1
(0.0529203 0.455877 0.473432 0.0177706) 3713 7219 2
(0.593931 0.201473 0.151516 0.0530801) 3663 7157 1
(0.459418 0.270278 0.0870509 0.183252) 3694 7180 1
(0.189059 0.405407 0.0692502 0.336283) 3645 7084 1
(0.188197 0.326752 0.0788514 0.406199) 3650 7094 2
(0.19823 0.400817 0.052682 0.348271) 3630 7055 1
(0.088373 0.438493 0.0574367 0.415698) 3608 7050 1
(0.501813 0.212855 0.140379 0.144954) 3618 7070 1
(0.132602 0.433312 0.247927 0.186158) 3588 6975 1
(0.677259 0.0157686 0.145562 0.16141) 3569 6936 2
(0.0107436 0.487764 0.350487 0.151005) 3529 6896 1
(0.417717 0.291347 0.27735 0.0135863) 3521 6844 1
(0.741667 0.126758 0.078594 0.0529807) 3509 6857 1
(0.115566 0.169475 0.267093 0.447866) 3524 6847 2
(0.00249998 0.249313 0.238105 0.510082) 3508 6816 2
(0.116099 0.3674 0.0758953 0.440606) 3460 96651 1
(0.410792 0.268837 0.0245144 0.295856) 3473 6749 2
(0.20023 0.387955 0.38175 0.0300645) 3484 6769 1
(0.388199 0.200457 0.315923 0.0954208) 3449 6740 2
(0.385937 0.158336 0.149275 0.306452) 5155 10043 2
(0.274905 0.357314 0.161304 0.206477) 4760 9297 1
(0.239012 0.31731 0.390531 0.0531463) 4983 9738 2
(0.368936 0.217056 0.326085 0.0879228) 5008 9788 2
(0.0279711 0.263656 0.222048 0.486326) 4883 9499 2
(0.0279609 0.0553057 0.48556 0.431174) 4925 9585 2
(0.326711 0.32877 0.0307459 0.313774) 4400 8595 1
(0.434516 0.282896 0.153242 0.129347) 4931 9597 1
(0.433914 0.0906986 0.188181 0.287207) 4908 9548 2
(0.206713 0.104644 0.292363 0.39628) 4937 9607 2
(0.298577 0.300412 0.348681 0.0523304) 4804 9346 2
(0.146661 0.0404476 0.426321 0.386571) 4783 9305 2
(0.349272 0.163885 0.162465 0.324378) 4661 9065 2
(0.00538678 0.471172 0.262092 0.26135) 4815 9404 1
(0.0673903 0.316148 0.152252 0.46421) 4788 9313 2
(0.0862744 0.458535 0.18019 0.275001) 4722 9186 1
(0.8186 0.00965459 0.091139 0.0806067) 4768 9312 2
(0.00136076 0.494848 0.49587 0.00792102) 4709 9161 2
(0.955084 0.0223568 0.0211431 0.00141603) 4733 9244 1
(0.37692 0.311884 0.251759 0.0594365) 4625 8997 1
(0.0200232 0.207 0.496457 0.27652) 4583 8951 2
(0.825638 0.0248692 0.0885626 0.0609301) 4630 9043 2
(0.170537 0.138938 0.26711 0.423415) 4611 8967 2
(0.177099 0.134618 0.272625 0.415657) 4543 8834 2
(0.403335 0.0663304 0.229238 0.301096) 4567 8881 2
(0.390871 0.056671 0.30426 0.248198) 4544 8839 2
(0.416599 0.288576 0.0937243 0.2011) 4545 8838 1
(0.073204 0.418835 0.15146 0.3565) 4536 8860 1
(0.169794 0.401013 0.0628464 0.366347) 4487 8764 1
(0.299672 0.350442 0.0551203 0.294766) 4449 8652 1
(0.495886 0.119229 0.25147 0.133414) 4425 8607 2
(0.62189 0.189584 0.0821202 0.106406) 4428 8613 1
(0.104456 0.305972 0.45954 0.130032) 4386 8567 2
(0.176924 0.413536 0.000722958 0.408817) 4342 8445 1
(0.0249941 0.489755 0.478135 0.00711659) 4346 8451 1
(0.358234 0.246735 0.330373 0.0646581) 4306 8411 2
(0.173401 0.304054 0.411949 0.110596) 4264 8293 2
(0.277215 0.361557 0.0370296 0.324199) 4245 8254 1
(0.705923 0.145794 0.0373243 0.110958) 4245 8253 1
(0.0226306 0.296351 0.538077 0.142942) 4256 8314 2
(0.378914 0.298409 0.0314464 0.291231) 4228 8259 1
(0.152979 0.424378 0.22438 0.198262) 4237 8241 1
(0.034306 0.467877 0.449093 0.048724) 4225 8214 1
(0.334683 0.283234 0.0405737 0.34151) 4183 8132 2
(0.141755 0.418476 0.315161 0.124608) 4185 8136 1
(0.512878 0.244139 0.224069 0.0189144) 4161 8090 1
(0.127407 0.411229 0.453431 0.00793272) 4167 8140 2
(0.515297 0.211103 0.0318598 0.241739) 4171 8110 2
(0.109448 0.446386 0.00936589 0.4348) 4155 8081 1
(0.354904 0.322599 0.302632 0.0198661) 4128 8028 1
(0.434012 0.283637 0.0308766 0.251474) 4122 8016 1
(0.157397 0.105196 0.417825 0.319583) 47739 94885 2
(0.193892 0.403021 0.12493 0.278157) 47649 94618 1
(0.544587 0.133735 0.218884 0.102793) 47645 94697 2
(0.302218 0.354878 0.07878 0.264124) 47689 94697 1
(0.682884 0.17242 0.0478123 0.0968845) 47640 94687 1
(0.668715 0.165153 0.165409 0.000723601) 47738 94798 1
(0.00233436 0.515279 0.10611 0.376277) 47737 94881 1
(0.0120177 0.494097 0.277122 0.216764) 47779 94878 1
(0.298015 0.357976 0.164362 0.179646) 47869 95057 1
(0.150581 0.424838 0.294316 0.130264) 47864 95050 1
(0.735 0.132594 0.0690286 0.0633775) 47956 95232 1
(0.0802891 0.459864 0.0483705 0.411476) 47958 95236 1
(0.334484 0.215841 0.122175 0.3275) 48092 95503 2
(0.091507 0.471224 0.147731 0.289538) 48043 95493 1
(0.0715439 0.464526 0.287207 0.176724) 48038 95396 1
(0.554576 0.0798664 0.142934 0.222624) 48131 95582 2
(0.0418565 0.485868 0.33627 0.136006) 48088 95583 1
(0.11528 0.310862 0.149941 0.423917) 48262 95843 2
(0.28845 0.189321 0.346922 0.175307) 48264 95935 2
(0.575425 0.212237 0.186261 0.0260774) 48395 96112 1
(0.490969 0.152319 0.111257 0.245456) 48482 96283 2
(0.835408 0.00801643 0.0823861 0.074189) 48484 96290 2
(0.231231 0.337034 0.374622 0.0571124) 48487 96396 2
(0.500602 0.249628 0.170525 0.0792447) 5402 10539 1
(0.0321373 0.484076 0.184895 0.298892) 48480 96280 1
(0.69411 0.0148273 0.153552 0.13751) 5406 96391 2
(0.482545 0.216788 0.0337387 0.266929) 5385 10502 2
(0.128121 0.431893 0.31736 0.122626) 5365 10502 1
(0.84385 0.0717758 0.0339791 0.0503955) 5396 10564 1
(0.509807 0.196399 0.0322885 0.261506) 5371 10474 2
(0.655683 0.158833 0.0487686 0.136715) 5354 10480 1
(0.11652 0.390863 0.050061 0.442557) 5346 10425 2
(0.0682777 0.451087 0.271867 0.208768) 5331 10434 1
(0.453471 0.271322 0.241173 0.0340344) 5329 10430 1
(0.324087 0.0274059 0.310594 0.337913) 5312 10357 2
(0.241681 0.377172 0.311963 0.0691843) 5284 10340 1
(0.848649 0.0749207 0.000862518 0.0755673) 5232 10197 2
(0.188653 0.404772 0.383398 0.0231771) 5205 10182 1
(0.244853 0.377457 0.375486 0.00220403) 5169 10110 1
(0.633733 0.181449 0.137363 0.0474552) 5165 10102 1
(0.23212 0.114243 0.27004 0.383596) 5174 10081 2
(0.822397 0.0131184 0.0884676 0.076017) 43436 86279 2
(0.110105 0.302314 0.143353 0.444227) 43562 86444 2
(0.190495 0.406658 0.308083 0.0947632) 43611 86629 1
(0.415844 0.195546 0.0971488 0.291461) 43425 86170 2
(0.111582 0.214576 0.443646 0.230197) 43654 86630 2
(0.235565 0.144741 0.245308 0.374386) 43422 86163 2
(0.144634 0.427993 0.120624 0.306749) 43747 86814 1
(0.380888 0.049063 0.307692 0.262357) 43601 86609 2
(0.0456461 0.478507 0.413556 0.0622909) 43514 86348 1
(0.505486 0.247678 0.142818 0.104017) 43701 86724 1
(0.124747 0.430929 0.00776878 0.436555) 43422 86164 2
(0.238217 0.240765 0.375595 0.145423) 43838 87083 2
(0.190582 0.269181 0.403952 0.136285) 43779 86880 2
(0.0730652 0.474622 0.355269 0.0970436) 43646 86611 1
(0.191008 0.241877 0.403683 0.163432) 43643 86608 2
(0.141909 0.430602 0.42364 0.00384989) 43642 86604 1
(0.347919 0.149072 0.325465 0.177544) 43643 86608 2
(0.172886 0.414619 0.356654 0.0558406) 43732 86784 1
(0.115792 0.361044 0.11587 0.407294) 43593 86505 2
(0.494075 0.134647 0.250735 0.120543) 43589 86500 2
(0.466833 0.010659 0.266591 0.255916) 43641 86604 2
(0.115554 0.460409 0.00119179 0.422845) 43688 86783 1
(0.48253 0.300794 0.0656265 0.15105) 43590 86587 1
(0.769827 0.11681 0.0439963 0.0693669) 43591 86504 1
(0.00552107 0.313435 0.184823 0.496221) 43639 86598 2
(0.25663 0.37245 0.290406 0.0805139) 43825 86970 1
(0.0556056 0.320726 0.149812 0.473857) 43634 86588 2
(0.242673 0.379523 0.0917964 0.286008) 43688 86698 1
(0.300991 0.35031 0.0302199 0.318479) 43778 86878 1
(0.565153 0.389219 0.0447341 0.000893685) 43632 141038 1
(0.0687861 0.483666 0.26906 0.178488) 43729 86777 1
(0.053562 0.505721 0.355352 0.0853647) 43727 86773 1
(0.159947 0.104528 0.421524 0.314002) 43676 86674 2
(0.0827476 0.34489 0.457357 0.115005) 43727 86776 2
(0.162389 0.429422 0.157431 0.250758) 43773 86865 1
(0.745642 0.0652795 0.0675826 0.121496) 43726 86771 2
(0.619379 0.0660965 0.188155 0.126369) 43821 87049 2
(0.903396 0.0482543 0.0399396 0.00841035) 44007 87334 1
(0.0109974 0.00138373 0.300098 0.687521) 43720 189686 2
(0.0333008 0.198185 0.295601 0.472914) 43818 86955 2
(0.0944383 0.00148906 0.39399 0.510083) 43720 189686 2
(0.099567 0.451998 0.0369681 0.411467) 43722 86766 1
(0.641236 0.075877 0.109479 0.173408) 43770 86859 2
(0.473699 0.151058 0.262743 0.1125) 44050 87422 2
(0.109472 0.106065 0.444772 0.339692) 43863 87048 2
(0.206291 0.397493 0.187453 0.208763) 43769 86858 1
(0.47391 0.263289 0.256222 0.00657855) 43958 87323 1
(0.126864 0.00210872 0.00564677 0.86538) 43808 189774 2
(1.03439e-08 0.624714 0.375286 7.05276e-09) 43808 141214 1
(0.374266 0.250688 0.0632083 0.311837) 43861 87042 2
(0.304604 0.374262 0.250542 0.0705923) 43809 87025 2
(0.160588 0.420945 0.298667 0.1198) 43860 87040 1
(0.496388 0.113808 0.244564 0.14524) 43860 87127 2
(0.947275 0.0270574 0.00610368 0.0195643) 43854 87028 1
(0.113794 0.443259 0.0460117 0.396936) 43859 87038 1
(0.264039 0.386691 0.0660627 0.283207) 43905 87217 1
(0.419961 0.173334 0.289323 0.117383) 43902 87126 2
(0.17864 0.43405 0.081572 0.305738) 43904 87215 1
(0.0472365 0.478095 0.440543 0.034126) 43901 87122 1
(0.508807 0.252574 0.183433 0.0551862) 43945 87297 1
(0.507162 0.246565 0.0656557 0.180617) 44045 87410 1
(0.0491334 0.247853 0.474734 0.22828) 44175 87672 2
(0.647424 0.181385 0.105616 0.0655756) 43948 87303 1
(0.055509 0.481444 0.328063 0.134984) 44087 87493 1
(0.831219 0.0912438 0.0653896 0.0121476) 43946 87211 1
(0.53425 0.233573 0.00800997 0.224167) 43994 87310 1
(0.00297604 0.530664 0.408287 0.0580729) 43992 87303 1
(0.83831 0.0911834 0.0559551 0.0145514) 43943 87205 1
(0.213145 0.000164033 0.39317 0.393521) 43992 87304 2
(0.608398 0.19679 0.190016 0.00479583) 43942 87291 1
(0.267826 0.255748 0.338004 0.138422) 43944 87295 2
(0.205869 0.407715 0.135227 0.251189) 43992 87303 1
(0.688588 0.15622 0.0851409 0.0700517) 43993 87306 1
(0.70483 0.148299 0.0686742 0.0781971) 43989 87300 1
(0.741403 0.132284 0.0288601 0.0974537) 43990 87299 1
(0.408673 0.295982 0.0974721 0.197873) 43992 87304 1
(0.79464 0.102898 0.0866789 0.0157836) 44230 87782 1
(0.16505 0.284946 0.416828 0.133176) 43987 87296 2
(0.376463 0.071207 0.24068 0.31165) 44036 87392 2
(0.33053 0.345641 0.165552 0.158276) 44037 87481 1
(0.235817 0.386729 0.0660836 0.31137) 44081 87481 1
(0.634193 0.187759 0.0406454 0.137403) 44033 87385 1
(0.299472 0.25486 0.112427 0.333241) 44080 87479 2
(0.092527 0.454354 0.166202 0.286918) 44031 87382 1
(0.136916 0.141634 0.413451 0.307999) 44031 87469 2
(0.459272 0.191004 0.104243 0.245481) 44075 87469 2
(0.262729 0.36913 0.120795 0.247346) 44080 87480 1
(0.456801 0.252431 0.0205782 0.27019) 44073 87466 2
(0.216768 0.164284 0.379142 0.239806) 44079 87565 2
(0.605814 0.203762 0.130446 0.0599784) 44078 87563 1
(0.804045 0.0358875 0.0622227 0.0978452) 44119 87558 2
(0.414837 0.274148 0.0334124 0.277603) 44170 87659 2
(0.407668 0.297104 0.0376097 0.257618) 44121 87564 1
(0.213711 0.00168309 0.435531 0.349075) 44116 190082 2
(0.492865 0.171972 0.0850103 0.250153) 44265 87849 2
(0.497152 0.120933 0.131371 0.250545) 44168 87656 2
(0.0898021 0.346582 0.454135 0.109481) 44214 87750 2
(0.101041 0.296217 0.375494 0.227248) 44161 87729 2
(0.114808 0.449732 0.367525 0.0679345) 44166 87739 1
(0.524133 0.238998 0.021533 0.215336) 44214 87750 1
(0.591948 0.169152 0.203455 0.0354444) 44210 87742 2
(0.309685 0.346476 7.6522e-05 0.343762) 44209 87738 2
(0.0701288 0.445626 0.464607 0.0196388) 44207 87736 2
(0.0048929 0.430836 0.0679588 0.496312) 44256 87832 2
(0.779377 0.0308965 0.0796577 0.110069) 44254 87828 2
(0.558814 0.232266 0.205344 0.00357526) 44256 87919 2
(0.230542 0.38527 0.284627 0.0995604) 44252 87824 1
(0.23152 0.196177 0.366829 0.205474) 44254 87915 2
(0.292577 0.199476 0.166185 0.341762) 44301 87921 2
(0.0056831 0.497637 0.367464 0.129215) 44250 87822 1
(0.775432 0.112228 0.0768307 0.0355091) 44349 88020 1
(0.564453 0.225298 0.108688 0.101561) 44301 87921 1
(0.397926 0.113777 0.292991 0.195307) 44300 88007 2
(0.15168 0.449444 0.0371686 0.361707) 44301 88009 1
(0.234467 0.274569 0.122624 0.36834) 44346 88011 2
(0.165063 0.176091 0.242055 0.416791) 44346 88012 2
(0.689846 0.0418185 0.113392 0.154944) 44346 88012 2
(0.552027 0.224555 0.133471 0.089947) 44343 88006 1
(0.175094 0.244035 0.182859 0.398012) 44389 88097 2
(0.0689074 0.492565 0.139974 0.298553) 44343 88093 1
(0.0804694 0.459661 0.0517678 0.408102) 44384 88087 2
(0.136779 0.0753658 0.431649 0.356206) 44386 88094 2
(0.225471 0.166718 0.385661 0.222151) 44385 88092 2
(0.191962 0.276141 0.128658 0.403239) 44388 88096 2
(0.501062 0.25031 0.019273 0.229355) 44391 88104 1
(6.42235e-09 6.50671e-10 0.456168 0.543832) 44380 190346 2
(0.11148 0.447369 0.402202 0.0389488) 44388 88183 1
(0.443439 0.204514 0.277731 0.0743153) 44433 88188 2
(0.434222 0.283233 0.174062 0.108483) 44432 88184 1
(0.531563 0.234636 0.0895768 0.144224) 44430 88182 1
(0.742921 0.0791922 0.11837 0.0595172) 44427 88261 2
(0.283353 0.358238 0.0182551 0.340154) 44434 88188 1
(0.0848258 0.474944 0.189753 0.250477) 44477 88361 1
(0.0297305 0.33966 0.466675 0.163935) 44478 88363 2
(0.856788 0.0744846 0.00708493 0.0616423) 44568 88543 1
(0.934621 0.0338662 0.0252245 0.00628841) 44568 88455 1
(0.321839 0.197081 0.142488 0.338592) 44523 88366 2
(0.22922 0.0258457 0.385472 0.359462) 44522 88366 2
(0.167049 0.422351 0.0975104 0.313091) 44754 88915 1
(0.132569 0.309695 0.124759 0.432976) 44521 88362 2
(0.0517571 0.367796 0.147079 0.433368) 44516 88351 2
(0.239919 0.145232 0.244762 0.370086) 44564 88447 2
(0.186087 0.421839 0.146962 0.245112) 44566 88539 1
(0.779581 0.0317715 0.0796003 0.109047) 44565 88449 2
(0.0890077 0.457788 0.0245086 0.428696) 44561 88441 1
(0.0691956 0.465401 0.463756 0.00164722) 44518 88358 1
(0.243755 0.268759 0.377548 0.109938) 44794 88910 2
(0.464005 0.163759 0.267588 0.104649) 44700 88722 2
(0.29185 0.371377 0.116829 0.219944) 44608 88623 1
(0.504864 0.247716 0.172133 0.075287) 44795 88912 1
(0.389311 0.0717572 0.234778 0.304153) 44797 88913 2
(0.533369 0.233394 0.0526893 0.180548) 44610 88540 1
(0.449865 0.023447 0.273274 0.253414) 44560 88527 2
(0.384907 0.28314 0.0438326 0.28812) 44608 88535 2
(0.117012 0.225566 0.44076 0.216662) 44607 88536 2
(0.0862826 0.204683 0.456654 0.252381) 44835 88992 2
(0.112513 0.0839598 0.439414 0.364114) 44654 88715 2
(0.427786 0.118402 0.286007 0.167806) 44605 88532 2
(0.58049 0.210204 0.184605 0.0247011) 44743 88806 1
(0.247697 0.380776 0.32496 0.0465674) 44607 88621 1
(0.808507 0.0593829 0.0365964 0.0955132) 44654 88628 2
(0.0503301 0.474745 0.459313 0.0156124) 44607 88536 1
(0.397218 0.302017 0.109118 0.191647) 44801 88924 1
(0.0285648 0.485742 0.00758562 0.478108) 44603 88526 1
(0.371557 0.173822 0.141004 0.313617) 44651 88622 2
(0.990715 0.00501319 0.00165382 0.00261786) 44697 88801 1
(0.171737 0.271353 0.395428 0.161482) 44652 88711 2
(0.144976 0.428216 0.214057 0.212752) 44648 88616 1
(0.122642 0.426322 0.405923 0.0451139) 44651 88709 2
(0.0435614 0.0340854 0.47692 0.445433) 44788 88983 2
(0.717303 0.141549 0.0720129 0.0691358) 44694 88708 1
(0.380354 0.310064 0.253397 0.0561857) 44781 88884 1
(0.329494 0.335032 0.00789599 0.327578) 44831 88982 1
(0.508615 0.00653071 0.239357 0.245497) 44786 88892 2
(0.192564 0.237425 0.402869 0.167142) 44786 88894 2
(0.33513 0.353218 0.256364 0.0552881) 44784 88887 1
(0.247023 0.0977303 0.366176 0.289071) 44781 88969 2
(0.180388 0.0420794 0.370828 0.406704) 44828 88975 2
(0.589863 0.197463 0.0231699 0.189504) 44827 88973 2
(0.0019643 0.00457258 0.49905 0.494413) 44919 89160 2
(0.335057 0.333471 0.327985 0.00348686) 44826 88972 1
(0.36135 0.336179 0.277932 0.0245391) 44874 89067 1
(0.148686 0.198763 0.227423 0.425128) 44919 89158 2
(0.27889 0.220514 0.140683 0.359912) 44872 89064 2
(0.114439 0.1408 0.302027 0.442734) 44873 89066 2
(0.188029 0.406258 0.383549 0.0221648) 44874 89155 2
(0.821031 0.0895691 0.0601683 0.0292319) 44865 89052 1
(0.621507 0.186875 0.0140059 0.177613) 44917 89153 2
(0.825394 0.0877117 0.00484206 0.0820518) 44963 89246 1
(0.525147 0.117592 0.237083 0.120178) 45007 89336 2
(0.111378 0.52482 0.307574 0.0562273) 44954 89227 1
(0.845632 0.0784068 0.0600643 0.0158966) 44960 89327 1
(0.0785662 0.470604 0.35389 0.0969391) 44958 89323 1
(0.523171 0.245054 0.208761 0.0230134) 44998 89316 1
(0.52986 0.0579833 0.231829 0.180327) 45006 89419 2
(0.388926 0.214068 0.1047 0.292306) 45049 89417 2
(0.247745 0.382472 0.299012 0.0707714) 45003 89413 1
(0.257124 0.398666 0.149827 0.194382) 45044 89495 1
(0.194965 0.428736 0.370056 0.00624313) 45093 89505 1
(0.0392837 0.23955 0.252638 0.468528) 45139 89597 2
(0.246907 0.108348 0.286784 0.35796) 45086 89491 2
(0.327863 0.336291 0.0849332 0.250912) 45094 89508 1
(0.608586 0.195583 0.00035247 0.195479) 45140 89600 1
(0.204939 0.15213 0.38839 0.254541) 45138 89683 2
(0.380077 0.331836 0.240534 0.047553) 45135 89589 1
(0.185449 0.161436 0.406734 0.246381) 45135 89592 2
(0.702021 0.0772737 0.071647 0.149058) 45184 89688 2
(0.288957 0.355899 0.136921 0.218224) 45183 89686 1
(0.670516 0.164777 0.105052 0.0596554) 45179 89678 1
(0.0323107 0.514531 0.0205517 0.432606) 45181 89769 1
(0.436215 0.282035 0.0589392 0.222811) 45227 89774 1
(0.236432 0.17013 0.219864 0.373575) 45271 89861 2
(0.0226762 0.0172542 0.471387 0.488683) 45362 90044 2
(0.161685 0.436697 0.25784 0.143777) 45221 89849 1
(0.533518 0.199176 0.232765 0.0345405) 45270 89862 2
(0.160727 0.425172 0.0315371 0.382563) 45266 89851 2
(0.685383 0.0933057 0.0645179 0.156794) 45270 89860 2
(0.766704 0.116728 0.0502717 0.0662961) 45316 89952 1
(0.297274 0.282339 0.0847078 0.335679) 45314 89947 2
(0.803193 0.0393128 0.0590354 0.0984588) 45357 90034 2
(0.137006 0.43814 0.300272 0.124583) 45359 90125 1
(0.502163 0.249032 0.0398126 0.208993) 45353 90026 1
(0.424371 0.246386 0.261612 0.0676313) 45352 90111 2
(0.317574 0.186096 0.159507 0.336823) 45496 90311 2
(0.172218 0.414227 0.272878 0.140677) 45544 90410 1
(0.686665 0.159155 0.00362656 0.150554) 45493 90305 2
(0.054134 0.496323 0.285387 0.164155) 45444 90207 1
(0.240747 0.0965342 0.28325 0.379469) 45492 90304 2
(0.172665 0.190039 0.225834 0.411462) 45440 90200 2
(0.281854 0.243875 0.115985 0.358287) 45446 90212 2
(0.134415 0.330997 0.120333 0.414255) 45490 90299 2
(0.311091 0.197821 0.330407 0.160681) 45444 90295 2
(0.179433 0.231244 0.403671 0.185652) 45539 90485 2
(0.166997 0.166043 0.416085 0.250876) 45489 90300 2
(0.470764 0.264984 0.154469 0.109782) 45489 90300 1
(0.0842067 0.468118 0.129552 0.318123) 45532 90383 1
(0.104147 0.456516 0.156478 0.282859) 45579 90477 1
(0.136653 0.371857 0.0890689 0.40242) 45575 90469 2
(0.157696 0.246896 0.174864 0.420545) 45578 90476 2
(0.643711 0.0996964 0.177927 0.0786658) 45578 90478 2
(0.649262 0.111897 0.171117 0.0677242) 45625 90657 2
(0.0600959 0.213634 0.268339 0.457931) 45622 90563 2
(0.223163 0.388546 0.0333308 0.354961) 45576 90472 1
(0.344612 0.331068 0.280208 0.0441128) 45576 90559 1
(0.616573 0.191876 0.12908 0.0624712) 45617 90556 1
(0.629335 0.197333 0.0690791 0.104252) 45659 90637 1
(0.0668704 0.505877 0.0051524 0.4221) 45750 90819 2
(0.491918 0.0151048 0.238674 0.254303) 45752 90824 2
(0.165512 0.416876 0.0140159 0.403595) 45756 90832 1
(0.0421182 0.318378 0.177128 0.462376) 45799 90917 2
(0.400853 0.300113 0.0250383 0.273995) 45800 90922 1
(0.315704 0.368573 0.21539 0.100333) 45793 90905 1
(0.348472 0.34499 0.0444684 0.26207) 45797 91001 1
(0.628144 0.194275 0.000244629 0.177336) 45844 91007 2
(0.6201 0.19953 0.150383 0.0299868) 45842 91003 1
(0.734189 0.125301 0.132486 0.00802489) 45809 90940 2
(0.589149 0.205665 0.132352 0.0728339) 45843 91008 1
(0.60321 0.140019 0.187327 0.0694441) 45839 91085 2
(0.892925 0.0558883 0.0507422 0.000444367) 45888 91095 1
(0.0159471 0.492942 0.155726 0.335385) 45889 91100 1
(0.491566 0.159177 0.253836 0.0954202) 45881 91084 2
(0.626539 0.150462 0.186374 0.0366254) 45884 91090 2
(0.279007 0.374149 0.335815 0.0110294) 45933 91185 1
(0.239946 0.380378 0.337504 0.0421731) 45982 91284 1
(0.21495 0.39825 0.0529264 0.333873) 46013 91345 1
(0.859918 0.0701278 0.0112281 0.058726) 46017 91354 1
(0.112537 0.444418 0.348319 0.094726) 46018 91356 1
(0.289015 0.368285 0.142001 0.200699) 46062 91531 1
(0.0334345 0.484277 0.110544 0.371744) 41858 83038 1
(0.0816562 0.460217 0.353989 0.104137) 42925 85257 1
(0.390569 0.0507796 0.254884 0.303767) 41948 83215 2
(0.182674 0.416015 0.0720774 0.329233) 41861 83129 1
(0.400168 0.24945 0.299216 0.0511666) 42869 85060 2
(0.10787 0.0432073 0.402851 0.446071) 43438 86196 2
(0.602257 0.199188 0.0989032 0.0996511) 43437 86196 1
(0.0832238 0.465153 0.101274 0.350349) 41845 83097 1
(0.823991 0.0936627 0.075866 0.00648007) 41792 82903 1
(0.414844 0.292699 0.172786 0.119671) 41799 82920 1
(0.548922 0.226236 0.0052293 0.219613) 41835 82992 1
(0.21304 0.417003 0.0107558 0.359201) 41878 83075 2
(0.399992 0.26694 0.0434518 0.289616) 41884 83087 2
(0.036898 0.450577 0.0532707 0.459255) 41882 83083 2
(0.0782317 0.294728 0.166898 0.460142) 41981 83282 2
(1.06113e-08 7.54789e-08 0.379885 0.620115) 41784 187750 2
(0.129883 0.26411 0.170997 0.43501) 41831 82982 2
(0.340149 0.267173 0.063992 0.328686) 41791 82902 2
(0.602003 0.199111 0.127022 0.0718638) 41833 82988 1
(0.900038 0.0443327 0.00589434 0.0497353) 41786 82892 2
(0.0241125 0.466626 0.0311231 0.478138) 42073 83465 2
(0.176113 0.412717 0.0932329 0.317937) 41924 83170 1
(0.8917 0.0560882 0.042193 0.0100185) 41831 83069 1
(0.329424 0.346598 0.313152 0.0108259) 41924 83255 2
(0.150824 0.382411 0.0700333 0.396733) 42011 83341 2
(0.304587 0.146014 0.218208 0.33119) 41876 83071 2
(0.503179 0.0826599 0.188835 0.225326) 41785 82889 2
(0.444461 0.0889769 0.277288 0.189274) 41885 83092 2
(0.387157 0.00274991 0.305796 0.304297) 42012 83431 2
(0.132315 0.249914 0.399526 0.218245) 41831 83069 2
(2.46784e-05 0.823631 0.176335 1.01785e-05) 41828 139234 1
(0.120338 0.451354 0.244253 0.184055) 41927 83173 1
(0.307565 0.346913 0.0822983 0.263223) 42018 83358 1
(0.123612 0.330284 0.437009 0.109095) 42103 83528 2
(0.282147 0.358603 0.094432 0.264818) 41874 83068 1
(1.12068e-08 7.19488e-10 0.100078 0.899922) 41872 187838 2
(6.25807e-09 0.975418 0.0245818 6.8847e-09) 41916 139322 1
(4.01897e-07 0.177094 0.822905 6.23225e-08) 41828 139234 1
(0.231596 0.391196 0.0593566 0.317851) 41965 83249 1
(0.322359 0.363072 0.29808 0.016489) 41920 83247 2
(0.191134 0.000975736 0.407958 0.399932) 41872 187838 2
(0.295785 0.352844 0.35058 0.000791397) 41921 83164 1
(0.417517 0.0805183 0.290998 0.210967) 41927 83176 2
(0.519249 0.240692 0.0762494 0.16381) 42056 83434 1
(0.199047 0.401215 0.380923 0.0188144) 42064 83535 1
(2.26197e-07 2.1204e-08 0.701497 0.298503) 41872 187838 2
(0.495033 0.175965 0.0805824 0.24842) 42207 83733 2
(3.20934e-09 0.0275796 0.97242 6.80578e-10) 41916 139322 1
(0.155808 0.428413 0.139611 0.276168) 42118 83643 1
(0.341638 0.302872 0.0335586 0.321931) 42151 83621 2
(0.159526 0.419176 0.0246598 0.396638) 41963 83246 1
(0.979061 0.00501127 0.0113033 0.00462483) 42007 83336 2
(0.010651 0.495099 0.402632 0.0916183) 41962 83244 1
(0.306643 0.288143 0.133727 0.271487) 41961 83241 2
(0.0766237 0.499936 0.0297324 0.393708) 42007 83333 2
(5.20008e-09 0.228134 0.771866 3.59786e-09) 41960 139366 1
(0.297794 0.589831 0.0561282 0.0562468) 41960 83328 1
(0.25339 0.374037 0.326079 0.0464943) 41968 83256 1
(0.193661 0.403798 0.142274 0.260268) 42064 83448 1
(0.821513 0.0965785 0.0464532 0.0354553) 42052 83423 1
(0.362365 0.0309016 0.289507 0.317226) 42188 83695 2
(0.149084 0.123093 0.316199 0.411624) 42096 83511 2
(0.102424 0.00108355 0.556811 0.339681) 42048 188014 2
(0.176622 0.412284 0.171425 0.239669) 42005 83330 1
(0.802058 0.0402955 0.0617841 0.0958623) 42053 83425 2
(0.146853 0.436379 0.206026 0.210742) 42004 83416 1
(0.45597 0.271864 0.217308 0.0548575) 42054 83430 1
(0.614203 0.0247027 0.191505 0.16959) 42057 83521 2
(0.0954899 0.374889 0.0782871 0.451334) 42049 83418 2
(0.00263513 0.251361 0.498106 0.247898) 42294 83910 2
(0.91676 0.0446108 0.0296898 0.00893992) 42186 83691 1
(0.491938 0.0935398 0.253773 0.160749) 42095 83512 2
(0.101249 0.449467 0.383889 0.0653945) 42057 83436 1
(0.74857 0.145475 0.0291455 0.0768092) 42094 83595 1
(0.283242 0.244126 0.147035 0.325597) 42183 83685 2
(0.271129 0.044831 0.325307 0.358733) 42140 83599 2
(0.0915629 0.336979 0.416658 0.1548) 42184 83775 2
(0.101437 0.449848 0.274432 0.174283) 42153 83626 1
(0.0982219 0.319645 0.449803 0.13233) 42184 83690 2
(0.513426 0.24315 0.0543088 0.189115) 42231 83782 1
(0.325807 0.124636 0.274855 0.274702) 42136 83592 1
(0.825623 0.0874178 0.0150132 0.0719462) 42182 83686 1
(0.033635 0.0798747 0.407742 0.478749) 42189 83697 2
(0.701639 0.0248711 0.124437 0.149053) 42233 83786 2
(0.0328289 0.228148 0.461682 0.277341) 42229 83865 2
(0.0475284 0.505097 0.39483 0.0525444) 42137 83681 1
(0.653956 0.172976 0.112103 0.0609647) 42183 83686 1
(0.645367 0.0252392 0.176391 0.153003) 42192 83791 2
(2.49037e-10 1.11337e-10 0.976398 0.0236018) 42136 188102 2
(0.849669 0.0864293 0.0266065 0.0372951) 42182 83771 1
(0.586143 0.00325856 0.206509 0.204089) 42182 83771 2
(5.20506e-07 0.0165319 0.983468 1.09516e-07) 42136 139542 1
(0.744429 0.129648 0.0844777 0.0414455) 42183 83686 1
(4.70505e-09 6.93886e-10 0.960341 0.0396591) 42180 188146 2
(0.0285648 0.486262 0.194765 0.290408) 42334 83988 1
(6.72944e-08 2.17099e-09 0.174233 0.825767) 42224 188190 2
(0.71874 0.145461 0.0653804 0.0704192) 42188 83695 1
(0.12914 0.413181 0.228932 0.228748) 42180 83768 1
(0.579485 0.108691 0.110752 0.201072) 42318 83955 2
(0.0372921 0.425769 0.480134 0.0568044) 42360 84042 2
(0.113188 0.286256 0.442632 0.157924) 42272 83866 2
(0.256085 0.327739 0.209128 0.207049) 42268 83856 1
(0.159349 0.420315 0.0598292 0.360507) 42317 83954 1
(0.836614 0.0847913 0.0552975 0.0232972) 42272 83951 1
(0.00604576 0.497691 0.288813 0.20745) 42408 84138 1
(0.49205 0.49584 0.00550107 0.00660866) 42268 83856 1
(0.576133 0.212334 0.127856 0.0836778) 42234 83788 1
(0.122973 0.117372 0.330317 0.429337) 42406 84131 2
(0.127818 0.0772231 0.431149 0.36381) 42232 83871 2
(0.598998 0.133739 0.0670228 0.20024) 42334 83988 2
(0.106438 0.278897 0.168956 0.445709) 42317 83954 2
(0.569685 0.107841 0.214984 0.10749) 42361 84044 2
(0.281641 0.360114 0.0238149 0.33443) 42324 83967 1
(0.294128 0.358334 0.0601097 0.287428) 42407 84133 1
(7.66786e-09 7.84643e-09 0.848199 0.151801) 42268 188234 2
(0.283282 0.303825 0.056424 0.35647) 42451 84222 2
(0.604376 0.143778 0.0550065 0.196839) 42456 84232 2
(0.50693 0.247135 0.118927 0.127008) 42314 83950 1
(4.12673e-09 0.231302 0.768698 7.07444e-09) 42312 139718 1
(0.0998806 0.196984 0.25325 0.449886) 42451 84222 2
(0.298853 0.378977 0.0811423 0.241028) 42405 84217 1
(0.394658 0.1909 0.301928 0.112514) 42404 84130 2
(1.65403e-06 0.467737 0.532259 2.63153e-06) 42356 139762 1
(0.673513 0.0482856 0.115004 0.163198) 42369 84058 2
(0.306809 0.348886 0.0300093 0.314297) 42496 84311 1
(0.2163 0.393203 0.0169732 0.373524) 42450 84222 1
(0.141822 0.559942 0.284073 0.0141633) 42357 84121 2
(0.303323 0.349341 0.281699 0.0656373) 42449 84218 1
(0.171065 0.0583442 0.385258 0.385333) 42356 84120 1
(0.446117 0.285085 0.123972 0.144826) 42365 84049 1
(0.275753 0.362562 0.148541 0.213144) 42510 84340 1
(0.0922649 0.302899 0.452531 0.152305) 42402 84126 2
(0.455095 0.206315 0.0667881 0.271802) 42401 84122 2
(0.121013 0.276247 0.438377 0.164364) 42366 84054 2
(0.238658 0.000259416 0.374744 0.38634) 42400 188366 2
(0.271996 0.364777 0.284708 0.0785194) 42401 84124 1
(0.0859132 0.457735 0.25632 0.200031) 42448 84218 1
(8.07425e-08 7.10533e-08 0.0712984 0.928701) 42444 188410 2
(0.13192 0.0971203 0.434118 0.336842) 42538 84398 2
(0.0805406 0.460623 0.298282 0.160554) 42448 84218 1
(0.198931 0.401337 0.138328 0.261403) 42539 84400 1
(9.01217e-09 0.769867 0.230133 7.08482e-09) 42444 139850 1
(2.97085e-09 4.49774e-09 0.556735 0.443265) 42444 188410 2
(0.649256 0.134239 0.0400915 0.176414) 42445 84210 2
(0.0265451 0.506702 0.201606 0.265147) 42538 84395 1
(0.380554 0.0194726 0.300393 0.29958) 42444 84296 1
(0.0601664 0.48438 0.455339 0.000115482) 42502 84323 1
(0.111408 0.492654 0.0928852 0.303053) 42489 84297 1
(0.789148 0.0234876 0.105326 0.0820384) 42553 84428 2
(0.301728 0.537069 0.0783847 0.0828184) 42488 84384 1
(0.61087 0.194559 0.0466483 0.147922) 42457 84234 1
(0.0277188 0.29235 0.194379 0.485552) 42535 84390 2
(0.0271494 0.486601 0.00860842 0.477641) 42672 84663 1
(0.185924 0.0941788 0.406126 0.313771) 42534 84390 2
(0.434155 0.282779 0.00340418 0.279662) 42452 84224 1
(0.288931 0.35603 0.124766 0.230272) 42500 84320 1
(0.020886 0.25212 0.261805 0.46519) 42581 84481 2
(4.57314e-09 0.796352 0.203648 2.90216e-10) 42532 139938 1
(0.138474 0.430996 0.425251 0.00527861) 42537 84481 1
(0.127207 0.128786 0.423525 0.320482) 42537 84481 2
(0.224756 0.0310052 0.357927 0.386312) 42499 84317 2
(0.445151 0.255727 0.0459066 0.253216) 42581 84481 2
(0.386364 0.235364 0.0844466 0.293826) 42717 84753 2
(0.40268 0.199974 0.297863 0.0994827) 42716 84754 2
(0.666568 0.166414 0.0121726 0.154846) 42624 84568 1
(0.631331 0.099557 0.0848955 0.184217) 42622 84564 2
(0.296036 0.355273 0.122975 0.225715) 42591 84501 1
(0.784239 0.047961 0.107596 0.0602032) 42721 84764 2
(0.233638 0.308507 0.0750303 0.382824) 42624 84568 2
(0.0298204 0.00577953 0.479523 0.484877) 42588 84495 2
(0.120489 0.373898 0.438787 0.0668253) 42671 84664 2
(0.271719 0.3843 0.20998 0.134001) 42668 84743 1
(0.924421 0.0390701 0.0269837 0.00952478) 42621 84649 2
(2.41419e-09 7.00993e-09 0.349036 0.650964) 42620 188586 2
(0.273494 0.384541 0.155244 0.186722) 42625 84657 1
(0.0830446 0.155373 0.457729 0.303853) 42713 84748 2
(0.197174 0.132311 0.286879 0.383636) 42667 84653 2
(0.123619 0.315502 0.153195 0.407684) 42713 84745 2
(0.269039 0.149997 0.354403 0.226561) 42715 84837 2
(0.328294 0.337113 0.267618 0.0669756) 42668 84656 1
(0.494686 0.282653 0.0193928 0.203268) 42666 84651 2
(0.519222 0.241015 0.0289689 0.210794) 42636 84594 1
(3.92887e-08 1.13581e-07 0.134287 0.865712) 42664 188630 2
(0.0499534 0.476336 0.0317543 0.441956) 42633 84585 1
(0.0292958 0.262806 0.485558 0.22234) 42712 84746 2
(0.303784 0.04244 0.306114 0.347662) 42710 84740 2
(0.10451 0.316043 0.44647 0.132977) 42670 84662 2
(0.660134 0.170515 0.119444 0.0499072) 42712 84744 1
(0.500541 0.0894155 0.249686 0.160358) 42758 84838 2
(0.182132 0.413977 0.398746 0.00514485) 42710 84740 1
(6.05269e-07 1.94089e-09 0.568246 0.431754) 42708 188674 2
(0.00361802 0.466477 0.0435924 0.486312) 42723 84765 2
(0.180565 0.00697198 0.556986 0.255478) 42708 188674 2
(0.0884042 0.000386803 0.456468 0.454741) 42632 84671 2
(0.847419 0.0762231 0.0050135 0.0713448) 42804 84928 1
(0.006266 0.497655 0.215885 0.280194) 42803 84926 1
(0.0819654 0.469291 0.162042 0.286701) 42849 85017 1
(0.237761 0.382011 0.078911 0.301317) 42752 84826 1
(0.208651 0.406999 0.124689 0.259662) 42847 85013 1
(0.390502 0.314092 0.232835 0.0625718) 42800 85007 1
(0.015874 0.435664 0.0785281 0.469934) 42762 84843 2
(0.0762556 0.465207 0.0325661 0.425971) 42934 85187 1
(0.763543 0.127871 0.0824347 0.0261513) 42841 85089 1
(0.14551 0.653469 0.100662 0.100359) 42840 85088 1
(0.180931 0.410007 0.260313 0.148748) 42937 85196 1
(0.0912239 0.44934 0.452696 0.00674005) 42887 85096 2
(2.03862e-09 0.3762 0.6238 3.03633e-09) 42884 140290 1
(0.21227 0.395372 0.313943 0.0784156) 42933 85186 1
(0.12705 0.437865 0.268863 0.166222) 42886 85092 1
(0.110381 0.445965 0.403755 0.0398985) 42983 85286 1
(0.0874292 0.639265 0.272689 0.000616864) 42928 140334 1
(0.568593 0.121235 0.154775 0.155397) 42928 85264 1
(0.347627 0.290521 0.181586 0.180266) 42928 85264 1
(0.391103 0.304473 0.175349 0.129075) 42977 85276 1
(7.87757e-09 0.986031 0.0139691 3.9713e-08) 42972 140378 1
(0.362803 0.35093 0.23025 0.0560164) 42976 85271 1
(0.13009 0.473144 0.378803 0.0179631) 43022 85363 1
(0.646652 0.176579 0.0255018 0.151267) 42852 85024 1
(0.512778 0.180331 0.226507 0.0803838) 43021 85449 2
(0.0490562 0.475831 0.334942 0.140171) 42853 85028 1
(0.132033 0.236606 0.212914 0.418447) 43068 85455 2
(2.3914e-07 1.42263e-07 0.66212 0.337879) 43016 188982 2
(0.0379653 0.482371 0.0585541 0.42111) 42993 85305 1
(0.316066 0.34791 0.193555 0.142469) 42942 85203 1
(0.0482556 0.524192 0.025634 0.401918) 43021 85449 1
(0.321293 0.0431253 0.3178 0.317782) 43016 85440 1
(0.315608 0.0136325 0.328603 0.342157) 42944 85208 2
(0.0561618 0.480005 0.352675 0.111159) 43068 85543 1
(2.87337e-08 1.34395e-09 0.31411 0.68589) 43060 189026 2
(0.787515 0.106608 0.00313193 0.102745) 42945 85212 1
(0.512937 0.163379 0.0806841 0.243) 43061 85442 2
(0.473156 0.263745 0.107341 0.155758) 43063 85446 1
(0.00768356 0.517438 0.180214 0.294664) 43109 85537 1
(0.610416 0.199856 0.139527 0.0502001) 42941 85201 1
(0.163143 0.418755 0.145517 0.272585) 42944 85208 1
(0.30124 0.281901 0.348763 0.0680964) 42944 85210 2
(0.164743 0.351339 0.0671753 0.416743) 42996 85312 2
(0.418303 0.312073 0.0582911 0.211333) 43110 85627 1
(0.247025 0.432946 0.160362 0.159667) 43104 85528 1
(0.106765 0.520441 0.371913 0.000880432) 43104 140510 1
(0.352492 0.348856 0.208954 0.0896977) 43153 85625 1
(0.233279 0.183878 0.29214 0.290702) 43104 85616 1
(0.311028 0.189476 0.249863 0.249633) 43148 85616 1
(0.55725 0.0196785 0.202496 0.220576) 43149 85618 2
(0.0854428 0.457618 0.085614 0.371325) 43154 85628 1
(0.63224 0.191013 0.0933636 0.0833834) 43200 85719 1
(0.820052 0.0618199 0.0285142 0.0896143) 43243 85806 2
(0.276785 0.401576 0.307242 0.0143968) 43195 85797 2
(0.225532 0.38791 0.186379 0.200179) 43028 85378 1
(0.135761 0.467897 0.377466 0.0188766) 43196 85799 2
(0.424121 0.268063 0.0210422 0.286774) 43240 85800 2
(0.167597 0.426621 0.154747 0.251036) 43289 85897 1
(1.37191e-10 6.40911e-10 0.362151 0.637849) 43236 189202 2
(0.335601 0.0433861 0.289143 0.33187) 43287 85894 2
(0.0481 0.520802 0.429477 0.00162035) 43236 140642 1
(0.298223 0.352015 0.185847 0.163915) 43240 85802 1
(0.546106 0.236214 0.137096 0.0805837) 43241 85889 1
(0.456615 0.28221 0.220256 0.040919) 43071 85461 1
(0.790979 0.0399444 0.0679596 0.101117) 43285 85889 2
(0.367819 0.317399 0.0311443 0.283637) 43282 85886 1
(0.175802 0.256872 0.179561 0.387765) 43329 85977 2
(0.31328 0.0344398 0.31622 0.33606) 43326 85971 2
(0.15024 0.569323 0.139693 0.140745) 43324 85968 1
(0.38845 0.306386 0.294328 0.010836) 43332 86071 1
(0.740701 0.0818404 0.17456 0.00289852) 43324 140730 1
(0.564226 0.216894 0.172328 0.0465519) 43327 85976 1
(0.0156938 0.502653 0.382003 0.0996509) 43330 86067 1
(0.306815 0.361364 0.0737594 0.258062) 43158 85723 1
(0.931509 0.0360812 0.0143242 0.0180855) 43374 86155 1
(0.643896 0.187208 0.0703607 0.0985353) 43375 86157 1
(0.423964 0.288649 0.176995 0.110392) 43374 86068 1
(0.0504275 0.412221 0.536784 0.000567022) 43368 140774 1
(0.487691 0.0552454 0.201029 0.256036) 43211 85742 2
(0.039398 0.0967653 0.862963 0.000874205) 43368 140774 1
(0.0956378 0.083536 0.369007 0.451819) 43419 86158 2
(0.0077093 0.502759 0.285729 0.203803) 43162 85731 1
(0.0063009 0.497383 0.318854 0.177462) 43202 85726 1
(0.791987 0.0336565 0.103956 0.0704006) 43212 85746 2
(0.780045 0.110082 0.0776233 0.0322498) 43419 86158 1
(0.626136 0.197261 0.0741984 0.102405) 43416 86151 1
(0.379692 0.172295 0.309289 0.138724) 43415 86152 2
(0.157419 0.00467597 0.66496 0.172945) 43412 189378 2
(0.172558 0.410891 0.0582371 0.358314) 43459 86237 2
(0.436662 0.228772 0.0830598 0.251506) 43459 86237 2
(0.137911 0.202425 0.43005 0.229614) 43462 86246 2
(0.725854 0.138742 0.093403 0.0420004) 43203 85813 1
(0.756806 0.0173891 0.120518 0.105287) 43464 86335 2
(0.777074 0.111562 0.0947255 0.0166391) 42075 83472 1
(0.613481 0.184434 0.189478 0.0126077) 43261 85929 2
(0.764931 0.11775 0.0620965 0.0552225) 43248 85816 1
(0.714977 0.15101 0.102403 0.03161) 43508 86335 1
(0.176855 0.412849 0.389758 0.0205391) 43507 86334 1
(7.12999e-09 0.537811 0.462189 1.00427e-09) 43500 140906 1
(0.154557 0.445224 0.173074 0.227145) 43506 86419 1
(0.267542 0.223955 0.327233 0.18127) 43502 86411 2
(0.240301 0.303549 0.110287 0.345863) 43548 86415 2
(0.50758 0.246713 0.191572 0.0541342) 42032 83384 1
(0.418272 0.20938 0.0822602 0.290088) 43552 86424 2
(0.412264 0.294907 0.282257 0.0105724) 43552 86511 1
(1.35759e-08 4.0766e-11 0.877816 0.122184) 43544 189510 2
(0.256926 0.372069 0.0350761 0.335929) 39859 79040 1
(0.1431 0.191376 0.415173 0.250351) 39855 79117 2
(0.443324 0.220876 0.273002 0.0627978) 40039 79485 2
(0.663949 0.023856 0.14482 0.167375) 39949 79217 2
(0.328741 0.110949 0.320584 0.239727) 39807 79021 2
(0.527327 0.236641 0.026963 0.20907) 39816 78983 1
(0.17834 0.43963 0.0874525 0.294578) 39810 79027 1
(0.428606 0.0789614 0.282891 0.209541) 39905 79217 2
(0.160115 0.183305 0.471289 0.185291) 39806 97344 2
(0.338244 0.107024 0.223455 0.331277) 39808 78975 2
(0.202765 0.407847 0.136257 0.253131) 39944 79207 1
(0.319959 0.113366 0.228155 0.33852) 39849 79018 2
(0.20917 0.532685 0.0069376 0.251207) 39849 79105 1
(0.0291533 0.349089 0.485167 0.136591) 40129 79580 2
(0.281683 0.360169 0.356302 0.0018468) 39898 79116 1
(0.31958 0.345121 0.0582839 0.277015) 39986 79291 1
(0.320928 0.282894 0.337678 0.0585007) 39893 79108 2
(0.494984 0.253598 0.212573 0.0388456) 40081 79569 1
(0.0231536 0.489388 0.132903 0.354556) 39893 79108 1
(0.061258 0.451048 0.0177572 0.469937) 39894 79108 2
(4.83339e-06 3.32661e-06 0.799997 0.199995) 39892 185858 2
(0.329612 0.116983 0.326946 0.226459) 39987 79381 2
(0.732728 0.136759 0.0011143 0.129399) 39980 79282 1
(0.571627 0.234394 0.0399192 0.15406) 39937 79193 2
(0.216235 0.0203832 0.371541 0.391841) 40168 79656 2
(0.0357294 0.210861 0.481747 0.271663) 40075 79472 2
(2.24003e-07 5.48175e-07 0.372155 0.627844) 39936 185902 2
(0.234414 0.129555 0.349261 0.28677) 39937 79281 2
(0.334861 0.0945925 0.318993 0.251553) 39983 79373 2
(1.31205e-06 1.81453e-06 0.92461 0.0753868) 39848 185814 2
(0.716947 0.0577257 0.0885463 0.136781) 40030 79379 2
(0.202837 0.0638962 0.389795 0.343472) 40027 79461 2
(0.236224 0.592551 0.0854761 0.0857493) 39980 79368 1
(0.058817 0.576361 0.201544 0.163278) 39981 79281 1
(4.83931e-07 0.750855 0.249145 5.15499e-09) 40024 137430 1
(0.306423 0.346843 0.0160167 0.330717) 40257 79834 1
(0.606103 0.196865 0.130243 0.0667887) 40123 79566 1
(0.502027 0.414772 0.0419523 0.041249) 40068 79456 1
(0.10761 0.446008 0.149089 0.297293) 40162 79644 1
(0.532399 0.169402 0.233659 0.0645402) 40068 79458 2
(0.370632 0.238064 0.287923 0.10338) 40116 79639 2
(0.334502 0.0492196 0.327586 0.288692) 40028 79463 2
(4.80063e-06 5.54145e-06 0.0764562 0.923533) 40112 186078 2
(0.158987 0.344174 0.0769978 0.419841) 40117 79554 2
(0.253443 0.129696 0.373104 0.243757) 40158 79638 2
(0.921489 0.0272639 0.0118147 0.0394319) 40114 79548 2
(0.592564 0.204286 0.032361 0.170789) 40112 79546 1
(0.380389 0.0732136 0.310427 0.23597) 40116 79554 2
(0.288898 0.356034 0.329976 0.0250915) 40069 79460 1
(0.343196 0.329637 0.238972 0.0881954) 40351 80109 1
(1.67683e-06 0.125321 0.874677 7.82899e-07) 40112 137518 1
(6.97696e-05 0.33924 0.660655 3.59479e-05) 40200 137606 1
(0.728622 0.0191356 0.135627 0.116615) 40161 79644 2
(0.00309462 0.065161 0.43345 0.498294) 40253 79826 2
(0.152895 0.297636 0.548876 0.000593438) 40200 137606 1
(9.44332e-07 1.18742e-06 0.497604 0.502394) 40200 186166 2
(1.07287e-06 0.819582 0.180417 4.83424e-09) 40200 137606 1
(0.862957 0.0697115 0.0366102 0.0307212) 40206 79732 1
(0.844487 0.129421 0.0130322 0.0130601) 40200 79720 1
(0.120145 0.356492 0.391082 0.13228) 40203 79813 2
(0.454054 0.2747 0.109241 0.162005) 40204 79728 1
(0.470381 0.264747 0.00145032 0.263422) 40201 79721 1
(0.330305 0.571731 0.0494071 0.0485573) 40288 79896 1
(0.637687 0.284345 0.077888 7.9999e-05) 40244 137650 1
(0.617558 0.191294 0.00933037 0.181818) 40298 79916 1
(0.0855308 0.136575 0.335969 0.441925) 40336 79991 2
(0.612312 0.253582 0.110084 0.0240216) 40289 79897 1
(0.762866 0.0617185 0.0597116 0.115704) 40430 80179 2
(0.600901 0.213855 0.154282 0.0309624) 40426 80171 1
(0.536435 0.233401 0.070136 0.160028) 40288 79898 1
(0.369714 0.00449671 0.0379907 0.587799) 40288 186254 2
(8.09982e-07 9.51925e-08 0.761204 0.238795) 40244 186210 2
(0.243132 0.341236 0.288001 0.127631) 40245 79897 2
(0.113743 0.44544 0.274183 0.166634) 40290 79900 1
(0.307793 0.346639 0.183759 0.161809) 40336 79994 1
(0.117534 0.441864 8.9625e-05 0.440512) 40332 79986 1
(0.165022 0.417752 0.0135279 0.403699) 40483 80285 1
(0.198284 0.453021 0.188994 0.159701) 40378 80075 1
(0.355051 0.32316 0.0673545 0.254434) 40426 80174 1
(0.278553 0.00971506 0.0567651 0.654967) 40332 186298 2
(8.70215e-07 0.928761 0.0712379 8.93545e-08) 40376 137782 1
(0.250043 0.230257 0.257759 0.261941) 40376 80160 1
(0.0511071 0.104988 0.843875 3.00745e-05) 40376 137782 1
(0.0259899 0.498403 0.304611 0.170996) 40560 80527 1
(0.63207 0.0605997 0.183402 0.123928) 40567 80456 2
(0.0341373 0.490406 0.0550276 0.420429) 40424 80167 1
(6.7255e-06 4.42184e-06 0.0231181 0.976871) 40420 186386 2
(0.0309292 0.00355969 0.48216 0.483351) 40468 80256 2
(0.464221 0.268696 0.0387391 0.228344) 40612 80543 1
(0.104125 0.461139 0.384744 0.049992) 40653 80625 1
(0.567448 0.14047 0.0759044 0.216178) 40472 80264 2
(0.283063 0.362496 0.320026 0.0344153) 40468 80343 1
(0.48832 0.219012 0.146173 0.146495) 40376 80160 1
(0.14157 0.430795 0.0597605 0.367875) 40378 80078 1
(0.256382 0.475589 0.133563 0.134466) 40420 80248 1
(0.336247 0.163238 0.309339 0.191176) 40423 80253 2
(0.146343 0.292275 0.426427 0.134956) 40655 80632 2
(0.211656 0.0479959 0.345336 0.395012) 40605 80530 2
(0.000761462 0.502663 0.495824 0.000751565) 40464 137870 1
(0.267801 0.272809 0.123799 0.335591) 40512 80343 2
(0.549816 0.0414013 0.193935 0.214848) 40509 80337 2
(0.00883459 0.624086 0.186144 0.180935) 40508 80336 1
(0.172136 0.093496 0.413779 0.320588) 39911 79144 2
(0.600037 0.10704 0.199951 0.0929728) 40606 80534 2
(0.39491 0.359239 0.245647 0.000204753) 40508 137914 1
(0.599886 0.0438654 0.195892 0.160356) 40557 80521 2
(0.347406 0.244146 0.116073 0.292376) 40467 80253 2
(0.518893 0.253339 0.189506 0.0382623) 40560 80439 1
(0.193749 0.295426 0.149337 0.361488) 40555 80429 2
(0.217856 0.3902 0.277404 0.11454) 40600 80522 1
(0.300281 0.304129 0.0455623 0.350028) 40513 80346 2
(0.549562 0.224866 0.0525769 0.172994) 40699 80718 1
(0.102415 0.449367 0.186381 0.261837) 40795 80910 1
(2.46884e-06 0.260466 0.739529 1.70805e-06) 40552 137958 1
(0.516149 0.24872 0.0690709 0.16606) 40601 80521 1
(0.246509 0.417109 0.216672 0.11971) 40599 80517 1
(0.338248 0.331118 0.0163663 0.314268) 40699 80718 1
(0.0520127 0.366732 0.108186 0.47307) 40785 80890 2
(0.154866 0.334806 0.501209 0.00911924) 40552 137958 1
(0.226536 0.390612 0.172749 0.210103) 40795 80997 1
(0.0462088 0.485641 0.294586 0.173564) 40786 80891 1
(0.0549999 0.290769 0.420491 0.23374) 40598 80603 2
(0.0536453 0.352566 0.13387 0.459918) 40608 80535 2
(0.336212 0.109352 0.222854 0.331583) 40740 80800 2
(0.769407 0.116183 0.0362462 0.0781637) 40646 80614 1
(0.672553 0.13183 0.0392848 0.156332) 40737 80793 2
(1.76851e-06 4.44534e-07 0.448603 0.551395) 40640 186606 2
(0.169454 0.428147 0.134603 0.267795) 40734 80787 1
(0.286833 0.14476 0.229534 0.338873) 40732 80783 2
(0.428104 0.349553 0.19589 0.0264526) 40641 80689 2
(0.616696 0.191754 0.0313833 0.160166) 40781 80884 1
(3.19498e-06 2.80928e-08 0.835666 0.164331) 40640 186606 2
(0.197655 0.339076 0.0627788 0.40049) 40918 81156 2
(0.255943 0.661219 0.070199 0.0126384) 40728 138134 1
(0.0674209 0.534004 0.197046 0.201529) 40684 80776 1
(0.00637098 0.506325 0.423381 0.0639227) 40689 80785 1
(0.237078 0.00177892 0.703068 0.0580756) 40684 186650 2
(0.432649 0.284068 0.0827523 0.200531) 40781 80882 1
(0.280148 0.361535 0.181851 0.176466) 40777 80874 1
(0.133252 0.000107595 0.433758 0.432883) 40870 81062 2
(0.343291 0.328554 0.298078 0.0300766) 40777 80874 1
(0.319676 0.373154 0.204935 0.102235) 40730 80867 1
(2.40387e-07 0.890496 0.109503 4.98796e-07) 40728 138134 1
(0.129113 0.440839 0.0967214 0.333326) 40922 81251 1
(4.10696e-07 0.453241 0.546758 3.62403e-07) 40772 138178 1
(0.26377 0.147214 0.221655 0.367361) 40774 80868 2
(0.309491 0.345907 0.0819652 0.262637) 40822 80966 1
(0.431226 0.285034 0.267887 0.0158528) 40869 81058 1
(0.804988 0.097468 0.0225475 0.0749967) 40777 80874 1
(0.193604 0.140815 0.399366 0.266216) 40918 81243 2
(0.461892 0.0142319 0.254387 0.269488) 40914 81148 2
(8.00935e-07 0.14862 0.851378 1.31224e-06) 40772 138178 1
(0.0863651 0.457648 0.218509 0.237478) 40773 80868 1
(0.555211 0.174348 0.0484778 0.221963) 40867 81054 2
(4.68069e-07 0.735317 0.264682 5.23598e-07) 40816 138222 1
(6.89774e-07 0.715343 0.284655 3.59118e-07) 40816 138222 1
(0.0166151 0.33748 0.323654 0.322251) 40816 80952 1
(0.680538 0.16104 0.0021614 0.156261) 40906 81131 1
(0.0728851 0.0618024 0.432087 0.433225) 40816 81040 1
(1.64283e-06 0.847091 0.152907 5.65575e-07) 40860 138266 1
(0.436516 0.310483 0.0544839 0.198517) 40864 81135 1
(0.30765 0.341512 0.298933 0.051906) 40863 81133 2
(0.753992 0.0442594 0.0811771 0.120571) 40957 81233 2
(0.0174989 0.250391 0.241528 0.490583) 40861 81042 2
(0.177937 0.302861 0.10884 0.410362) 41009 81338 2
(0.269212 0.36572 0.266858 0.0982099) 40864 81050 1
(0.583146 0.208925 0.204034 0.00389462) 41000 81320 1
(0.3631 0.231734 0.143704 0.261462) 40861 81041 2
(0.520972 0.0425103 0.197423 0.239095) 40907 81134 2
(0.0498961 0.124173 0.47457 0.351361) 40950 81222 2
(5.22958e-06 0.671435 0.328559 2.60372e-07) 40904 138310 1
(0.529949 0.235405 0.094806 0.13984) 41009 81340 1
(0.278326 0.385972 0.310044 0.0256574) 40999 81317 1
(0.289019 0.358854 0.0197941 0.332332) 40952 81223 1
(4.80874e-05 5.14857e-05 0.689522 0.310378) 40904 186870 2
(0.11691 0.474989 0.174879 0.233223) 40908 81223 1
(0.1079 0.0794212 0.441457 0.371222) 41045 81497 2
(1.8922e-06 0.445093 0.554905 3.13085e-07) 40948 138354 1
(8.26655e-08 2.84153e-07 0.83418 0.16582) 40948 186914 2
(0.202193 0.397691 0.255485 0.144631) 40949 81218 1
(0.218902 0.386277 0.389684 0.005138) 41098 81518 2
(0.410266 0.114219 0.200996 0.27452) 40994 81307 2
(0.180089 0.0312424 0.379386 0.409283) 41052 81423 2
(0.40276 0.228304 0.27367 0.0952667) 40952 81311 2
(1.74178e-06 6.09919e-07 0.727644 0.272354) 40992 186958 2
(0.150274 0.434014 0.208031 0.207681) 40992 81392 1
(0.506861 0.270144 0.0842633 0.138732) 41038 81395 1
(0.0662557 0.478382 0.0277127 0.42765) 41086 81491 2
(0.699371 0.0653832 0.151274 0.0839721) 41038 81398 2
(0.484521 0.25971 0.186596 0.0691731) 41138 81683 1
(0.741837 0.00489542 0.0477793 0.205488) 41036 187002 2
(0.124141 0.404263 0.436488 0.035108) 41085 81492 2
(0.17634 0.413579 0.28549 0.124591) 41038 81396 1
(0.434711 0.224699 0.281902 0.0586868) 41132 81586 2
(0.332486 0.234286 0.100399 0.332829) 41082 81484 2
(0.0758063 0.501794 0.270704 0.151696) 40994 81395 1
(0.746445 0.133223 0.0301046 0.0902273) 41132 81671 1
(2.93139e-06 0.924439 0.0755545 3.66989e-06) 41080 138486 1
(0.460473 0.0506954 0.23372 0.255112) 41081 81481 2
(0.473955 0.259304 0.253607 0.0131345) 41180 81767 2
(0.501546 0.257018 0.223369 0.0180672) 41225 81769 1
(1.01656e-06 6.72343e-08 0.968886 0.0311131) 41080 187046 2
(0.673853 0.165108 0.0145965 0.146443) 41129 81577 1
(0.463806 0.183546 0.0947018 0.257946) 41177 81673 2
(1.06412e-06 1.25851e-07 0.846503 0.153496) 41080 187046 2
(0.349635 0.327284 0.0775128 0.245568) 41125 81572 1
(0.701314 0.0871805 0.0620304 0.149475) 41125 81570 2
(8.26192e-07 9.84916e-07 0.439193 0.560805) 41124 187090 2
(0.429607 0.172015 0.261822 0.136555) 41127 81661 2
(0.0788568 0.462276 0.112246 0.346621) 41124 81570 1
(0.0240214 0.367738 0.388703 0.219538) 41125 81657 2
(0.206754 0.11682 0.396359 0.280068) 41171 81664 2
(0.477562 0.400544 0.121548 0.000345802) 41168 138574 1
(1.35039e-05 0.476365 0.523619 3.03777e-06) 41168 138574 1
(0.040818 0.140462 0.3789 0.43982) 41169 81657 2
(0.383336 0.0900829 0.218315 0.308266) 41214 81748 2
(0.125316 0.43794 0.102593 0.334152) 41216 81752 1
(0.658742 0.0900809 0.154758 0.0964187) 41214 81835 2
(0.712475 0.0964641 0.0539477 0.137113) 41263 81845 2
(0.0111153 0.494682 0.22962 0.264583) 41213 81748 1
(0.141305 0.31342 0.428498 0.116777) 41261 81844 2
(0.439862 0.318392 0.0186503 0.223096) 41258 81835 2
(0.622171 0.0235757 0.188895 0.165358) 41310 81942 2
(0.457322 0.307637 0.0439877 0.191053) 41257 81833 2
(0.00643744 0.496777 0.10693 0.389855) 41307 81936 1
(2.13026e-07 0.634154 0.365846 2.50032e-08) 41256 138662 1
(0.207949 0.332117 0.0845479 0.375386) 41308 81935 2
(0.610799 0.207598 0.158199 0.0234038) 41258 81923 2
(0.061705 0.401735 0.468392 0.0681685) 41257 81836 2
(0.368125 0.334967 0.219101 0.0778074) 41307 81933 1
(0.327834 0.336204 0.0509765 0.284986) 41310 81940 1
(0.0609962 0.262067 0.676199 0.000737829) 41256 138662 1
(1.46047e-05 0.188161 0.811824 7.11694e-07) 41300 138706 1
(0.328315 0.0914473 0.331842 0.248396) 41268 81943 2
(0.560707 0.219688 0.096748 0.122857) 41258 81838 1
(0.140686 0.429518 0.361101 0.0686953) 41305 81932 1
(0.10104 0.448671 0.0395242 0.410764) 41259 81838 1
(0.00730185 0.125398 0.491033 0.376267) 41355 82117 2
(0.00531227 0.498693 0.353844 0.142151) 41306 81932 1
(0.788012 0.112471 0.0911709 0.00834702) 41352 82023 1
(5.47152e-07 4.39772e-08 0.821175 0.178824) 41300 187266 2
(0.0215895 0.5829 0.341565 0.0539455) 41346 82011 1
(0.53039 0.234809 0.147825 0.0869761) 41362 82046 1
(0.303 0.434241 0.0268624 0.235896) 41345 82009 2
(0.190313 0.103681 0.301457 0.404549) 41409 82138 2
(0.0964246 0.288808 0.16401 0.450758) 41346 82012 2
(0.831287 0.0874031 0.0394354 0.0418746) 41344 82008 1
(0.0337451 0.153615 0.333115 0.479526) 41348 82016 2
(0.254447 0.377348 0.025334 0.342871) 39999 79405 1
(0.186798 0.489509 0.0233594 0.300334) 41346 82099 1
(0.191625 0.212102 0.192542 0.403731) 41395 82110 2
(0.512128 0.244052 0.129733 0.114087) 41398 82116 1
(0.405932 0.00202617 0.535516 0.0565261) 41344 187310 2
(0.480377 0.272696 0.139187 0.107739) 41394 82107 1
(0.712121 0.144173 0.0898385 0.0538675) 41392 82106 1
(0.783966 0.107776 0.0328546 0.0754039) 41389 82098 1
(0.191454 0.342402 0.403114 0.0630299) 41389 82100 2
(0.480449 0.126281 0.133885 0.259385) 41439 82198 2
(0.0100207 0.452241 0.123742 0.413997) 41434 82187 2
(0.0289789 0.487867 0.315037 0.168118) 41438 82196 1
(0.437064 0.181448 0.110548 0.27094) 41485 82289 2
(1.35281e-08 0.0938975 0.906102 5.49744e-09) 41432 138838 1
(0.0968968 0.149799 0.451399 0.301905) 41480 82282 2
(0.389115 0.0858584 0.242063 0.282963) 41477 82273 2
(0.570213 0.155919 0.271038 0.00282961) 41476 138882 1
(0.0444556 0.135133 0.351973 0.468438) 41527 82373 2
(0.107809 0.35674 0.108953 0.426498) 41529 82377 2
(0.0111902 0.495655 0.483129 0.0100261) 41481 82369 1
(0.402322 0.321758 0.000317058 0.275603) 41527 82373 2
(5.95633e-08 1.16302e-07 0.96409 0.0359094) 41476 187442 2
(9.02025e-10 0.901493 0.0985068 4.28073e-10) 41520 138926 1
(0.218167 0.0297856 0.389927 0.36212) 41523 82368 2
(0.0135456 0.493991 0.218023 0.27444) 41526 82374 1
(0.0184484 0.218692 0.301509 0.461351) 41567 82453 2
(0.0414613 0.0872126 0.391913 0.479413) 41569 82458 2
(3.57603e-09 5.8558e-09 0.474812 0.525188) 41564 187530 2
(0.319571 0.248766 0.322751 0.108912) 41571 82549 2
(3.53263e-10 0.263154 0.736846 8.63496e-10) 41564 138970 1
(0.520825 0.25427 0.194512 0.0303935) 41566 82539 2
(0.351629 0.00151206 0.326238 0.320621) 41608 82536 1
(0.0903671 0.455086 0.0912424 0.363304) 41621 82562 1
(0.651823 0.177847 0.0589358 0.111394) 41577 82561 1
(2.29593e-08 2.26019e-10 0.477315 0.522685) 41608 187574 2
(0.0558526 0.472508 0.383485 0.0881544) 41610 82542 1
(0.183726 0.432437 0.289081 0.0947569) 41659 82637 1
(4.65035e-08 0.0583109 0.941689 3.07689e-08) 41608 139014 1
(0.432879 0.301599 0.156741 0.108781) 41657 82633 1
(0.104145 0.140881 0.447512 0.307462) 41656 82634 2
(0.354506 0.00420485 0.0656958 0.575593) 41652 187618 2
(0.612602 0.193856 0.0695766 0.123966) 41662 82644 1
(0.873692 0.057335 0.00539378 0.0635789) 41657 82634 2
(0.209886 0.310446 0.0872161 0.392452) 41653 82626 2
(0.480474 0.260231 0.15577 0.103525) 41655 82630 1
(0.100686 0.195996 0.449204 0.254114) 41672 82666 2
(0.0911802 0.00868299 0.452698 0.447439) 41654 82715 2
(0.0504743 0.516913 0.382588 0.0500244) 41654 82715 2
(0.0901379 0.0940643 0.42857 0.387228) 41653 82713 2
(0.488427 0.0430555 0.230632 0.237886) 41696 82712 1
(0.600467 0.105082 0.146313 0.148137) 41696 82712 1
(3.14782e-10 0.412125 0.587875 2.74119e-10) 41696 139102 1
(0.050837 0.022143 0.453219 0.473801) 41710 82739 2
(0.073611 0.372486 0.427543 0.12636) 41701 82809 2
(0.047981 0.331582 0.44435 0.176086) 41701 82809 2
(0.267856 0.169964 0.365551 0.196629) 41751 82824 2
(0.554186 0.150785 0.291651 0.0033776) 41740 139146 1
(0.178122 0.411964 0.233116 0.176798) 41746 82812 1
(0.60055 0.209198 0.124788 0.0654648) 41744 82895 1
(0.545932 0.236109 0.0740276 0.143932) 41749 82905 1
(0.515075 0.0451901 0.236645 0.20309) 41744 82895 2
(0.00372516 0.497801 0.301822 0.196651) 41750 82822 1
(0.0163134 0.00108225 0.828459 0.154146) 41740 187706 2
(0.254969 0.125831 0.358475 0.260725) 41744 82895 2
(0.265719 0.178572 0.278138 0.277572) 41740 82888 1
(0.0133567 0.0701692 0.423081 0.493393) 35822 70969 2
(0.0857292 0.45869 0.163648 0.291933) 37069 73460 1
(0.3636 0.16407 0.316217 0.156113) 34007 67348 2
(0.107913 0.446208 0.299562 0.146317) 39845 79013 1
(0.478658 0.260778 0.224277 0.0362872) 40280 79882 1
(0.548445 0.138509 0.225241 0.0878046) 40446 80214 2
(0.464061 0.271132 0.128625 0.136182) 39922 79251 1
(0.299773 0.354235 0.167093 0.178899) 40535 80389 1
(0.112238 0.444423 0.281004 0.162335) 40591 80502 1
(0.281998 0.0741732 0.35887 0.284959) 40803 80928 2
(0.204257 0.0150847 0.383279 0.397379) 40937 81193 2
(0.515608 0.242286 0.0453406 0.196764) 40887 81094 1
(0.469148 0.091029 0.174595 0.265228) 41017 81354 2
(0.134699 0.421706 0.433592 0.010003) 39528 81742 2
(0.215376 0.392301 0.329449 0.0628739) 41060 81442 1
(0.0297035 0.485451 0.111151 0.373695) 41287 81894 1
(0.237665 0.381881 0.294744 0.0857096) 41468 82256 1
(0.0585099 0.471404 0.441969 0.0281172) 41416 82239 1
(0.757102 0.0872657 0.0344531 0.121179) 41471 82262 2
(0.416327 0.292382 0.0940867 0.197204) 39917 79156 1
(0.467075 0.271444 0.245274 0.0162065) 41060 81439 1
(0.469144 0.265269 0.253144 0.0124443) 41674 82670 1
(0.793217 0.103788 0.100477 0.00251803) 40796 80912 1
(0.164951 0.421872 0.203116 0.210061) 40532 80471 1
(0.74801 0.126461 0.0607518 0.0647773) 40004 79328 1
(0.902308 0.0493686 0.0297504 0.0185731) 41410 82139 1
(0.080845 0.165237 0.295882 0.458035) 26917 53189 2
(0.436395 0.284404 0.275218 0.00398312) 31215 61771 1
)


// ************************************************************************* //
