229.195
239.517
497.412
429.037
503.561
507.161
503.169
283.378
503.561
499.049
391.262
506.742
394.42
469.565
435.56
469.565
471.987
506.838
506.388
493.072
507.322
507.434
291.868
494.203
476.485
407.233
240.831
453.923
507.388
506.147
507.09
497.92
507.187
461.993
507.713
464.471
491.072
507.767
507.849
507.541
390.206
501.655
507.888
505.513
492.185
349.302
494.172
507.71
507.961
507.796
351.68
508.065
507.883
401.556
480.125
508.116
496.645
482.942
484.212
507.185
508.094
507.185
508.477
508.528
508.875
487.557
462.761
508.071
509.052
501.438
489.482
509.245
509.463
509.414
587.531
590.009
591.214
591.384
591.083
591.609
589.929
591.333
586.23
590.518
590.35
590.515
589.929
591.079
589.907
589.543
589.117
589.117
589.052
588.547
588.655
588.196
588.303
587.059
587.935
587.324
586.957
585.994
586.839
586.056
586.009
586.382
586.354
586.84
585.955
586.967
586.875
586.827
586.957
586.212
586.304
586.663
586.697
586.967
586.369
586.762
586.442
586.779
586.592
586.521
586.464
586.479
586.547
586.509
586.628
586.655
586.632
586.53
586.591
586.584
586.555
586.545
586.562
586.572
586.554
586.567
586.562
586.56
586.566
597.207
596.238
597.509
595.601
594.693
594.693
594.1
594.411
593.87
591.608
594.212
591.828
592.101
594.855
595.96
595.833
592.849
593.578
594.322
593.323
594.069
592.657
592.702
596.602
596.543
594.656
593.049
594.114
595.763
592.693
595.213
593.928
595.243
592.932
593.921
592.628
595.815
592.852
595.199
592.704
594.305
593.102
593.022
593.308
592.218
593.197
592.876
592.596
595.886
592.438
593.93
592.534
596.885
591.695
593.477
591.903
542.644
576.864
542.849
552.006
560.571
557.622
591.497
560.336
561.148
561.438
570.232
572.206
581.616
570.786
571.864
577.473
573.345
577.115
575.835
581.818
584.128
581.018
581.766
585.561
583.813
585.217
584.929
584.302
586.353
587.082
588.288
587.707
588.942
590.982
589.715
590.4
591.511
591.512
591.512
590.113
591.159
590.331
591.769
592.872
592.227
594.274
591.996
591.416
591.265
592.187
593.843
436.817
493.725
510.484
510.879
510.595
473.941
495.833
509.882
497.985
512.961
508.874
480.228
402.422
513.965
515.618
515.644
511.492
519.4
515.523
521.528
524.385
521.312
470.105
376.988
524.54
517.644
506.182
509.423
527.597
528.7
529.787
523.417
530.892
530.814
532.031
502.436
536.848
530.383
540.421
534.629
541.08
234.574
248.771
236.566
284.25
238.647
337.992
229.334
288.298
277.217
232.69
337.992
224.998
266.44
275.626
327.778
350.732
327.778
310.664
461.308
498.378
374.848
309.074
494.705
487.882
422.9
252.538
495.834
308.807
277.916
500.445
380.686
429.235
501.024
429.235
383.622
451.103
294.752
236.214
501.544
361.437
501.544
497.789
454.118
237.969
339.505
472.216
248.156
502.441
502.441
389.527
501.599
414.715
414.715
500.08
438.67
392.499
462.868
417.838
479.421
481.603
252.578
271.65
420.969
270.232
465.663
372.419
424.108
498.055
424.108
501.264
492.076
424.108
398.491
483.668
468.386
424.108
231.762
498.876
427.254
401.514
404.557
485.613
430.407
499.62
499.62
500.293
430.407
503.819
454.061
473.578
500.902
383.717
489.135
504.482
252.864
436.72
386.605
504.31
478.382
386.605
480.622
492.175
501.949
443.021
482.745
443.021
499.404
482.745
420.096
503.942
315.493
420.096
446.154
420.096
395.445
395.445
395.445
471.081
426.451
471.081
501.316
488.387
496.919
452.35
370.192
505.408
452.35
429.649
455.398
490.022
503.803
401.497
432.857
404.571
352.561
352.602
378.518
407.677
235.601
436.07
502.727
464.227
410.814
439.281
500.185
492.934
247.817
360.216
467.032
242.933
237.025
413.98
503.11
467.032
484.828
288.031
417.172
500.819
393.158
484.828
417.172
484.828
233.129
504.745
486.702
448.838
469.752
503.768
486.702
365.737
497.454
502.803
399.284
426.879
426.879
477.315
502.803
479.612
492.974
405.553
499.894
433.412
405.553
481.787
461.074
433.412
506.153
463.977
408.738
411.952
506.111
485.763
501.711
506.172
443.185
472.155
497.467
505.552
474.677
421.744
506.282
449.592
388.43
452.735
499.901
499.901
391.481
425.043
500.569
479.372
428.35
431.66
336.211
505.375
461.808
504.343
461.808
400.86
464.68
487.283
438.259
505.789
506.234
285.272
238.759
377.891
499.465
413.815
506.377
472.711
475.172
499.465
314.359
491.929
491.929
500.816
454.242
504.415
479.736
479.736
386.916
481.835
501.404
501.404
506.387
506.777
506.228
503.284
433.707
468.578
437.003
506.684
499.216
440.272
490.512
234.678
471.154
505.706
443.504
405.946
506.817
504.31
409.216
256.9
506.997
502.28
495.476
496.484
222.677
219.802
220.537
219.968
224.779
230.645
232.556
250.503
304.481
257.031
315.919
328.048
273.156
288.244
241.811
363.131
353.927
314.259
336.26
357.158
232.625
308.306
353.927
308.334
322.389
348.396
361.302
267.052
311.025
353.927
366.738
280.821
262.593
283.347
363.807
370.479
374.358
366.738
343.357
351.161
370.479
340.926
280.82
312.42
254.242
370.479
228.162
374.358
230.333
258.514
363.375
366.714
370.907
376.059
366.714
378.369
378.369
309.657
254.248
359.927
316.872
363.008
386.792
380.066
348.422
382.517
336.376
301.482
384.191
230.326
343.095
373.664
301.69
382.371
380.957
366.163
369.396
251.315
369.396
331.671
395.71
390.505
304.949
306.173
359.371
392.787
380.957
276.472
395.71
390.505
390.505
395.71
380.957
400.336
240.208
405.055
316.872
400.336
350.459
383.018
376.075
409.854
365.26
376.075
325.23
409.854
295.111
355.706
319.407
239.65
365.26
368.307
278.007
340.121
409.854
342.397
279.654
403.282
414.714
342.397
371.418
386.576
419.615
270.946
328.969
358.432
417.894
374.594
419.615
310.078
239.612
412.041
420.521
298.078
424.531
420.521
390.186
429.439
364.091
390.186
347.155
429.439
429.439
425.253
364.091
429.439
265.41
429.958
241.932
434.311
271.719
412.491
337.239
425.226
327.52
280.232
384.465
439.119
381.121
381.121
289.933
384.465
322.68
339.483
404.978
433.84
260.269
274.246
404.978
281.438
354.826
408.723
443.675
448.428
387.856
394.754
424.559
394.754
357.525
408.723
438.042
255.768
452.875
273.362
412.47
442.155
371.666
412.47
379.352
442.155
457.153
260.799
457.153
282.285
344.19
363.126
328.435
461.237
366.022
419.93
308.989
392.434
463.914
468.764
332.63
443.725
472.182
412.337
457.449
301.216
475.361
475.361
475.361
415.851
478.301
434.478
399.13
285.571
419.346
275.679
359.99
481.003
241.737
268.321
419.346
481.003
256.467
359.99
483.476
252.344
479.407
457.558
426.263
276.696
256.467
256.467
234.708
405.857
485.728
485.728
429.675
485.728
487.771
484.182
409.217
368.673
394.049
466.819
288.897
451.433
454.616
352.238
491.286
397.27
491.286
454.616
436.384
303.879
439.676
483.222
442.924
485.293
494.138
377.682
494.138
475.011
425.681
325
425.805
403.712
425.805
495.351
246.342
495.351
406.928
270.395
326.566
243.931
406.928
466.524
479.834
496.441
482.046
482.046
432.293
308.355
386.862
228.149
232.509
294.002
389.94
413.34
498.3
435.5
492.1
474.473
226.117
393.023
393.023
499.091
258.356
273.385
247.991
252.711
283.813
254.732
276.059
252.42
285.16
281.573
270.523
286.794
287.139
244.154
277.195
278.653
287.745
253.884
287.752
286.786
288.204
275.141
290.016
288.585
257.963
276.167
288.989
288.828
287.18
287.814
279.364
288.302
290.507
289.548
290.85
255.426
261.134
291.83
281.881
292.033
287.391
285.654
292.748
284.308
292.233
291.273
292.75
287.246
291.523
241.947
292.893
294.689
285.141
274.456
294.689
294.685
294.685
282.379
294.685
291.869
288.978
294.415
296.673
295.754
267.016
291.635
296.2
268.475
286.234
296.674
296.673
295.714
295.388
295.1
291.697
297.739
242.562
297.058
286.27
297.713
298.741
298.969
298.868
279.857
251.406
293.451
299.833
294.387
249.023
258.293
278.027
294.764
298.76
297.058
299.949
296.208
251.86
275.085
300.93
295.372
301.554
302.094
239.768
270.368
302.094
292.779
297.145
279.287
299.277
297.467
291.849
252.077
236.627
303.281
293.719
300.411
252.081
259.493
303.278
236.538
255.611
303.354
261.766
262.798
290.315
276.821
305.816
292.159
300.789
305.238
277.418
305.851
256.324
308.564
307.791
296.698
307.192
277.728
297.886
273.389
297.868
307.704
308.561
245.693
310.018
307.816
294.217
278.732
297.868
256.373
273.925
310.031
309.366
289.767
311.514
311.514
311.514
312.331
312.065
313.072
304.594
309.136
280.005
312.371
248.043
304.533
286.605
312.371
309.516
313.8
314.669
248.043
292.546
307.204
314.669
306.029
281.821
316.326
316.33
315.574
246.116
315.408
250.702
307.24
318.027
318.12
317.074
300.651
317.074
257.529
319.791
306.406
317.074
289.102
318.827
316.597
289.119
321.606
320.764
266.499
262.147
321.977
307.758
283.475
321.607
322.616
322.616
323.492
317.332
323.492
324.568
319.04
325.441
325.441
324.528
324.292
316.212
324.292
298.676
324.982
312.049
326.262
279.137
328.592
299.789
329.576
292.656
326.262
328.583
299.787
279.162
329.576
331.975
267.238
326.262
313.633
322.65
274.053
309.063
293.592
331.775
330.445
246.774
332.975
241.198
330.445
334.062
321.342
240.189
330.452
302.098
280.394
334.062
309.603
323.192
335.313
335.313
303.371
334.979
311.212
288.902
338.942
327.094
340.288
341.543
305.819
289.74
321.596
305.825
341.543
344.255
335.221
314.049
337.618
323.813
347.087
307.142
347.087
342.498
350.038
265.422
264.702
350.038
345.209
309.868
350.038
327.706
335.778
353.117
284.481
327.706
351.57
342.675
243.525
348.031
348.031
351.57
356.322
356.322
356.322
260.813
330.908
331.258
278.444
359.661
322.419
340.586
294.258
340.63
280.726
359.661
340.586
359.661
219.045
219.216
219.135
219.103
219.097
229.386
221.539
227.491
219.235
221.089
219.71
227.968
232.374
219.36
234.477
221.286
219.587
225.959
219.525
230.135
234.598
239.428
234.45
233.949
232.269
239.168
219.12
219.11