/*--------------------------------*- C++ -*----------------------------------*\
  =========                 |
  \\      /  F ield         | OpenFOAM: The Open Source CFD Toolbox
   \\    /   O peration     | Website:  https://openfoam.org
    \\  /    A nd           | Version:  7
     \\/     M anipulation  |
\*---------------------------------------------------------------------------*/
FoamFile
{
    version     2.0;
    format      ascii;
    class       Cloud<passiveParticle>;
    location    "0.1275/lagrangian/reactingCloud1";
    object      positions;
}
// * * * * * * * * * * * * * * * * * * * * * * * * * * * * * * * * * * * * * //

1153
(
(0.419337 0.132113 0.160142 0.288408) 46159 91637 2
(0.0109353 0.165027 0.335983 0.488055) 46153 91625 2
(0.54331 0.170978 0.0578417 0.22787) 46108 91536 2
(0.631907 0.19953 0.0244307 0.144132) 46102 91611 1
(0.504217 0.260569 0.146813 0.0884008) 46100 91607 1
(0.00814764 0.00154971 0.496496 0.493807) 46151 91709 2
(0.310959 0.25817 0.331461 0.0994097) 46151 91709 2
(0.389768 0.309166 0.137895 0.163171) 46331 91981 1
(0.672964 0.100246 0.154643 0.0721474) 46190 91787 2
(0.344829 0.236992 0.102462 0.315718) 46239 91797 2
(0.028172 0.267761 0.231907 0.472161) 46283 91885 2
(0.586076 0.0714449 0.206834 0.135645) 46465 92252 2
(0.0372192 0.107546 0.427617 0.427617) 46316 91952 1
(0.163649 0.368391 0.394479 0.0734815) 46325 92057 2
(0.11097 0.0156831 0.428848 0.444499) 46418 92156 2
(0.451551 0.279351 0.053986 0.215112) 46367 92053 1
(0.857664 0.0715569 0.0148988 0.0558805) 46372 92066 1
(0.13022 0.435405 0.25975 0.174625) 46367 92054 1
(0.0797812 0.233866 0.234095 0.452259) 46462 92243 2
(0.681081 0.0180559 0.143091 0.157773) 46455 92229 2
(0.479723 0.0218439 0.259887 0.238545) 46504 92330 2
(0.525369 0.252433 0.0685218 0.153677) 46456 92319 1
(0.096973 0.13253 0.318627 0.45187) 46501 92322 2
(0.723196 0.127917 0.01969 0.129197) 46500 92319 2
(0.36437 0.0792528 0.315238 0.24114) 46550 92507 2
(0.259412 0.290087 0.0807189 0.369782) 46547 92414 2
(0.526825 0.251425 0.176138 0.0456113) 46588 92495 1
(0.31068 0.35075 0.328934 0.00963583) 46592 92591 2
(0.0484402 0.0205779 0.4553 0.475682) 46774 92867 2
(0.323855 0.337771 0.336892 0.00148215) 46682 92771 1
(0.00529501 0.0541371 0.49712 0.443448) 46678 92678 2
(0.389681 0.305478 0.196988 0.107852) 46725 92770 1
(0.0574973 0.472458 0.0209116 0.449133) 46770 92862 1
(0.430262 0.28526 0.0598797 0.224598) 46718 92758 1
(0.248913 0.379948 0.0889738 0.282166) 46768 92855 1
(0.569107 0.0441081 0.173698 0.213087) 46766 92851 2
(0.168781 0.423976 0.174556 0.232688) 46770 92947 1
(0.109378 0.455647 0.345642 0.0893325) 46859 93037 1
(0.40536 0.304659 0.200892 0.0890888) 46858 93035 1
(0.669041 0.168914 0.104387 0.0576579) 46858 93035 1
(0.0208576 0.490278 0.43722 0.0516444) 46808 92936 1
(0.239582 0.137758 0.242326 0.380333) 46898 93116 2
(0.206489 0.226062 0.170892 0.396557) 47000 93320 2
(0.623573 0.196428 0.0415278 0.138471) 46899 93205 1
(0.00537345 0.521904 0.144285 0.328438) 46897 93201 1
(0.304287 0.360621 0.0450556 0.290036) 46945 93297 1
(0.287853 0.356109 0.350854 0.00518429) 46945 93297 1
(0.138387 0.0625593 0.369832 0.429222) 47123 93565 2
(0.560261 0.223959 0.135439 0.0803401) 47076 93559 1
(0.183154 0.276642 0.33895 0.201254) 47065 93537 2
(0.288923 0.360582 0.011185 0.33931) 47120 93559 2
(0.299486 0.377585 0.320694 0.00223461) 47116 93551 1
(0.370627 0.235912 0.314266 0.0791948) 47118 93558 2
(0.386182 0.307204 0.198669 0.107944) 47111 93542 1
(0.295202 0.369039 0.0117379 0.324021) 47120 93647 1
(0.126177 0.437294 0.138412 0.298117) 47161 93644 1
(0.506929 0.24676 0.177788 0.0685231) 47209 93740 1
(0.721063 0.139608 0.0688317 0.0704977) 47208 93738 1
(0.573492 0.216009 0.173979 0.03652) 47249 93905 1
(0.505876 0.16497 0.233694 0.0954603) 47291 93989 2
(0.430227 0.287648 0.0285516 0.253574) 47335 93989 1
(0.927494 0.0281148 0.00928307 0.0351084) 47341 94001 2
(0.27549 0.36944 0.232764 0.122306) 47343 94005 1
(0.485683 0.00607489 0.257073 0.251169) 47386 94094 2
(0.549877 0.0826386 0.147262 0.220222) 47382 94083 2
(0.650262 0.095566 0.0820865 0.172086) 47431 94181 2
(0.128105 0.281214 0.147443 0.443238) 3420 6645 2
(0.350346 0.325271 0.191246 0.133137) 3280 96660 2
(0.441588 0.277259 0.203082 0.0780708) 3340 6528 1
(0.267069 0.334535 0.0332823 0.365114) 3240 96662 1
(0.0118641 0.30255 0.504873 0.180713) 3445 6732 2
(0.336797 0.324214 0.192084 0.146905) 3447 6697 1
(0.150488 0.0913807 0.425291 0.33284) 3421 6649 2
(0.27936 0.359427 0.189574 0.171639) 3407 6622 1
(0.0381672 0.142984 0.485122 0.333727) 3382 6609 2
(0.681944 0.158984 0.0191399 0.139932) 3361 6530 1
(0.135993 0.428868 0.119128 0.316012) 3341 6490 1
(0.273791 0.314468 0.372353 0.0393879) 3342 6531 2
(0.170961 0.413287 0.38617 0.0295825) 3328 6504 1
(0.475259 0.19229 0.0691653 0.263286) 3323 6456 2
(0.78932 0.105144 0.0628938 0.0426417) 3304 6421 1
(0.280562 0.0047678 0.354924 0.359746) 3261 6335 2
(0.133578 0.432329 0.10588 0.328214) 3080 5984 1
(0.83208 0.0798945 0.0311109 0.0569141) 3253 6358 1
(0.482447 0.254326 0.124621 0.138606) 3246 6305 1
(0.910317 0.044681 0.0400938 0.00490796) 3224 6263 1
(0.830952 0.0834617 0.0558443 0.0297418) 3206 6266 1
(0.475573 0.261623 0.16091 0.101894) 3190 6197 1
(0.261355 0.290806 0.380507 0.0673313) 3166 6188 2
(0.515258 0.175248 0.242987 0.0665072) 3162 6144 2
(0.455917 0.271186 0.0142814 0.258616) 3142 6105 1
(0.36612 0.316689 0.236672 0.0805195) 3121 6064 1
(0.378429 0.303606 0.0595118 0.258453) 3102 6063 1
(0.53751 0.230891 0.100816 0.130783) 3091 6006 1
(0.255354 0.372131 0.0768646 0.29565) 3067 5957 1
(0.310657 0.342988 0.0701242 0.27623) 2720 5280 1
(0.294214 0.347895 0.189912 0.167978) 3041 5905 1
(0.635902 0.180402 0.0526906 0.131005) 3024 5872 1
(0.212895 0.328369 0.0645831 0.394153) 3018 5862 2
(0.793822 0.053505 0.104662 0.0480101) 2982 5829 2
(0.350153 0.324548 0.0886034 0.236695) 2982 5793 1
(0.265737 0.360122 0.280851 0.0932903) 2860 5553 1
(0.0450889 0.216473 0.485187 0.253252) 2945 5757 2
(0.173371 0.265706 0.134323 0.4266) 2949 5726 2
(0.313909 0.343069 0.196736 0.146286) 2660 96691 2
(0.588845 0.198094 0.149673 0.0633886) 2910 5650 1
(0.0916839 0.341022 0.11294 0.454354) 2906 5643 2
(0.127211 0.436267 0.417358 0.0191649) 2890 5612 1
(0.614126 0.192665 0.186693 0.00651487) 2868 5607 1
(0.353381 0.306558 0.33289 0.00717133) 2843 5558 2
(0.100551 0.258941 0.458356 0.182152) 2824 5521 2
(0.242228 0.236929 0.141957 0.378886) 2828 5491 2
(0.437169 0.137449 0.281416 0.143967) 2801 5440 2
(0.346483 0.326758 0.114056 0.212703) 2782 5403 1
(0.244343 0.0498947 0.379388 0.326374) 2763 5402 2
(0.0516864 0.139278 0.334879 0.474157) 2772 5382 2
(0.524807 0.117286 0.117224 0.240683) 2700 5241 2
(0.572115 0.212766 0.168045 0.0470748) 2620 5124 1
(0.805428 0.0969031 0.0923076 0.00536143) 2713 5305 1
(0.246612 0.376694 0.265026 0.111668) 2703 5247 1
(0.400268 0.240869 0.306205 0.0526584) 2640 5163 2
(0.230882 0.000175099 0.384384 0.384559) 2692 5226 2
(0.543141 0.0174014 0.22843 0.211028) 2667 5179 2
(0.0315387 0.484231 0.0140978 0.470133) 2641 5128 1
(0.482054 0.141472 0.264868 0.111607) 2627 5137 2
(0.0685506 0.465725 0.393327 0.0723981) 2605 5058 1
(0.258682 0.227672 0.142986 0.370659) 2612 5070 2
(0.901886 0.0490572 0.0250075 0.0240497) 2585 5019 1
(0.382303 0.298822 0.0581926 0.260682) 2567 5020 1
(0.0768169 0.453142 0.270382 0.199659) 2564 4975 1
(0.434509 0.278116 0.175911 0.111464) 2541 4930 1
(0.159026 0.381307 0.0391796 0.420487) 2532 4914 2
(0.68616 0.154804 0.0743882 0.0846482) 2480 4851 1
(0.00234437 0.441868 0.514609 0.0411786) 2485 4860 2
(0.0543425 0.34218 0.472829 0.130648) 2482 4818 2
(0.766258 0.116871 0.0453998 0.0714714) 2461 4777 1
(0.496249 0.248838 0.121487 0.133426) 2440 4734 1
(0.243542 0.372864 0.0751096 0.308485) 2453 4759 1
(0.48076 0.177623 0.0819971 0.25962) 2434 4723 2
(0.11099 0.444505 0.312944 0.131561) 2404 4680 1
(0.288734 0.355351 0.117811 0.238104) 3920 96628 2
(7.20541e-07 0.500653 0.327367 0.171979) 3580 96645 2
(0.161579 0.41949 0.306079 0.112852) 4065 7905 1
(0.631523 0.0104085 0.173483 0.184586) 4044 7861 2
(0.309769 0.197987 0.127329 0.364914) 4114 7998 2
(0.839755 0.00880345 0.071341 0.080101) 4067 7907 2
(0.407724 0.29679 0.267711 0.0277752) 4004 7784 1
(0.441659 0.047058 0.279054 0.232229) 4072 7919 2
(0.246067 0.374872 0.312037 0.0670239) 3984 7783 1
(0.00282551 0.498866 0.38538 0.112929) 4053 7882 1
(0.1417 0.429723 0.235424 0.193152) 4009 7794 1
(0.309969 0.000764926 0.344123 0.345143) 4036 7846 2
(0.557161 0.0141226 0.20733 0.221386) 3923 7626 2
(0.307763 0.316083 0.0187464 0.357407) 3945 7668 2
(0.224466 0.388028 0.277616 0.10989) 3925 7632 1
(0.167017 0.32062 0.0638097 0.448553) 3974 7725 2
(0.168036 0.244171 0.422776 0.165018) 3781 7387 2
(0.011381 0.495344 0.44189 0.0513859) 3864 7511 1
(0.523526 0.233997 0.144169 0.0983088) 3843 7469 1
(0.336115 0.32259 0.0232947 0.318001) 3823 7469 1
(0.059762 0.437354 0.0337892 0.469095) 3894 7570 2
(0.729115 0.0258284 0.135382 0.109674) 3871 7527 2
(0.219484 0.0772544 0.392459 0.310803) 3721 7270 2
(0.307232 0.345215 0.0373959 0.310157) 3804 7393 1
(0.638249 0.0389685 0.180792 0.141991) 3805 7398 2
(0.236314 0.364977 0.20239 0.196319) 3834 7452 1
(0.610993 0.194912 0.00448882 0.189606) 3807 7402 1
(0.163456 0.406836 0.343074 0.0866332) 3785 7356 1
(0.0186881 0.165645 0.490417 0.325249) 3764 7318 2
(0.461213 0.262772 0.198657 0.077359) 3745 7278 1
(0.366329 0.235962 0.0730077 0.324701) 3724 7237 2
(0.680141 0.140877 0.164625 0.0143569) 3704 7237 2
(0.25371 0.020744 0.373148 0.352398) 3683 7160 2
(0.0653866 0.193526 0.467619 0.273468) 3642 7080 2
(0.355756 0.215335 0.322488 0.10642) 3601 7000 2
(0.339269 0.318042 0.0962277 0.246461) 3630 7093 1
(0.742391 0.125091 0.0136798 0.118838) 3624 7081 1
(0.759732 0.0158722 0.120155 0.104241) 3634 7065 2
(0.311931 0.187122 0.344659 0.156288) 3581 6961 2
(0.507484 0.245955 0.0103177 0.236244) 3583 6962 1
(0.29961 0.242394 0.096783 0.361213) 3588 6972 2
(0.34595 0.326767 0.124097 0.203186) 3587 6971 1
(0.612442 0.193408 0.0442017 0.149948) 3570 6940 1
(0.167401 0.0372036 0.379004 0.416392) 3563 6924 2
(0.351121 0.323914 0.179623 0.145342) 3547 6893 1
(0.196905 0.400051 0.0389141 0.36413) 3547 6892 1
(0.38472 0.167785 0.308204 0.139291) 3525 6852 2
(0.076511 0.245518 0.468966 0.209006) 3482 6804 2
(0.385012 0.115137 0.307979 0.191872) 3484 6772 2
(0.355073 0.260209 0.061138 0.32358) 3461 6725 2
(0.808599 0.0954554 0.0428552 0.0530901) 3466 6737 1
(0.414026 0.288059 0.199419 0.0984959) 4640 9024 1
(0.271954 0.355366 0.0365438 0.336136) 5042 9856 1
(0.0354424 0.482225 0.0818015 0.400531) 5149 10031 1
(0.562869 0.215925 0.142775 0.0784305) 5105 9982 1
(0.0170039 0.473245 0.225329 0.284422) 5151 10074 1
(0.511267 0.241255 0.117662 0.129815) 5043 9818 1
(0.290524 0.188893 0.165285 0.355299) 5005 9743 2
(0.335664 0.331799 0.229404 0.103133) 5046 9827 1
(4.03667e-05 0.498694 0.260245 0.241021) 4420 96603 2
(0.736074 0.122082 0.131008 0.0108365) 5033 9798 1
(0.714053 0.0562717 0.0867312 0.142944) 4951 9635 2
(0.11343 0.444642 0.246617 0.195311) 4862 9459 1
(0.174364 0.314542 0.0982491 0.412845) 4910 9553 2
(0.129013 0.425492 0.359464 0.08603) 4802 9339 1
(0.1255 0.0513614 0.450091 0.373048) 4857 9486 2
(0.218986 0.371236 0.308344 0.101435) 4852 9437 1
(0.0613131 0.198083 0.265381 0.475223) 4742 9222 2
(0.0372432 0.0994073 0.484692 0.378657) 4724 9226 2
(0.571019 0.0781798 0.136829 0.213972) 4794 9325 2
(0.517629 0.241691 0.0797193 0.160961) 4733 9206 1
(0.733702 0.120229 0.0427063 0.103363) 4736 9250 1
(0.233034 0.110933 0.269272 0.386761) 4663 9068 2
(0.212658 0.377009 0.366572 0.0437612) 4709 9158 1
(0.45206 0.00536599 0.268618 0.273956) 4561 8870 2
(0.193564 0.403986 0.276729 0.125721) 4697 9138 1
(0.377533 0.28051 0.326817 0.0151398) 4650 9082 2
(0.0063116 0.489483 0.213123 0.291083) 4460 8712 1
(0.694022 0.146216 0.0541826 0.105579) 4656 9055 1
(0.82912 0.0806489 0.0191642 0.0710668) 4638 9020 1
(0.402601 0.178413 0.29771 0.121276) 4588 8925 2
(0.952558 0.0229306 0.00870445 0.0158069) 4550 8887 1
(0.296487 0.352255 0.253282 0.0979759) 4461 8677 1
(0.166105 0.315466 0.41519 0.103239) 4565 8880 2
(0.252596 0.0633476 0.375595 0.308462) 4461 8713 2
(0.29798 0.344662 0.34924 0.00811784) 4491 8736 2
(0.691861 0.152941 0.0293439 0.125854) 4467 8686 1
(0.202315 0.390188 0.242309 0.165187) 4466 8684 1
(0.705377 0.14781 0.0494008 0.0974127) 4471 8697 1
(0.144383 0.142482 0.427087 0.286047) 4472 8699 2
(0.520401 0.226674 0.0142565 0.238668) 4456 8666 2
(0.187029 0.0315955 0.406332 0.375043) 4408 8574 2
(0.161552 0.304242 0.11642 0.417786) 4364 8486 2
(0.0031947 0.499023 0.36437 0.133413) 4328 8418 1
(0.0741973 0.125256 0.330687 0.46986) 4350 8458 2
(0.161782 0.240842 0.179578 0.417797) 4324 8408 2
(0.581324 0.0579505 0.212236 0.14849) 4309 8417 2
(0.23681 0.264753 0.38039 0.118046) 4310 8383 2
(0.189871 0.106729 0.291665 0.411735) 4311 8382 2
(0.243512 0.191013 0.179272 0.386203) 4247 8257 2
(0.169389 0.403143 0.243241 0.184227) 4250 8263 1
(0.4447 0.0650342 0.285779 0.204486) 4215 8234 2
(0.769909 0.0541939 0.118057 0.057841) 4210 8224 2
(0.336519 0.332206 0.2248 0.106475) 4182 8133 1
(0.351317 0.20726 0.117971 0.323452) 4212 8190 2
(0.144739 0.416737 0.174292 0.264232) 4192 8150 1
(0.899953 0.0213475 0.0287381 0.0499618) 4164 8096 2
(0.114888 0.442954 0.155721 0.286437) 4145 8059 1
(0.297163 0.221106 0.369844 0.111887) 4153 8113 2
(0.397709 0.0509906 0.301016 0.250284) 4149 8069 2
(0.689399 0.155708 0.119887 0.0350058) 47570 94547 1
(0.145492 0.470379 0.0827335 0.301395) 47552 94511 1
(0.223572 0.270699 0.117636 0.388093) 47648 94616 2
(0.518695 0.178618 0.0622202 0.240467) 47646 94612 2
(0.286066 0.356961 0.183068 0.173905) 47648 94616 1
(0.646265 0.177309 0.165622 0.0108041) 47648 94703 1
(0.214377 0.394753 0.368331 0.0225389) 47688 94783 1
(0.351041 0.33454 0.103419 0.211001) 47731 94781 1
(0.408801 0.188133 0.278652 0.124414) 47730 94867 2
(0.0746462 0.470189 0.173227 0.281938) 47825 94969 1
(0.0698513 0.225522 0.464817 0.23981) 47817 94956 2
(0.29513 0.352607 0.137559 0.214704) 47911 95144 1
(0.366174 0.317276 0.200755 0.115794) 47912 95144 1
(0.0935777 0.424838 0.452835 0.0287498) 47997 95316 2
(0.546663 0.0719116 0.154883 0.226542) 48046 95412 2
(0.220817 0.422608 0.125704 0.230871) 48036 95479 1
(0.0425626 0.479062 0.366232 0.112143) 48084 95488 1
(0.461323 0.0220489 0.247195 0.269433) 48132 95584 2
(0.694162 0.152944 0.150513 0.00238025) 48175 95670 1
(0.0225846 0.508884 0.126181 0.34235) 48175 95757 1
(0.327141 0.346555 0.00194728 0.324357) 48223 95853 1
(0.44762 0.0774412 0.273681 0.201258) 48222 95851 2
(0.312927 0.362273 0.0109049 0.313895) 48175 95757 1
(0.0881282 0.0631617 0.392829 0.455881) 48356 96032 2
(0.33245 0.270497 0.315768 0.0812857) 48349 96105 2
(0.436446 0.281278 0.017116 0.26516) 48394 96110 1
(0.126174 0.374532 0.436609 0.0626846) 48391 96104 2
(0.0712008 0.513713 0.344925 0.0701617) 48388 96095 1
(0.0878979 0.137762 0.446876 0.327465) 48393 96193 2
(0.0719444 0.229352 0.463936 0.234768) 48440 96202 2
(0.0697021 0.465494 0.45595 0.00885403) 48440 96287 1
(0.177478 0.314176 0.0729059 0.43544) 48525 96379 2
(0.459956 0.267319 0.0894149 0.18331) 5364 10460 1
(0.342002 0.275961 0.318206 0.0638309) 5357 10446 1
(0.419338 0.275997 0.0200733 0.284591) 5308 10388 1
(0.269268 0.355369 0.131789 0.243575) 5292 10316 1
(0.308607 0.340737 0.146712 0.203944) 5245 10222 1
(0.369379 0.193993 0.120984 0.315644) 5207 10147 2
(0.554169 0.223124 0.00447685 0.21823) 43386 86092 1
(0.245262 0.377502 0.0180032 0.359233) 43534 86388 1
(0.682184 0.0838617 0.075126 0.158828) 43431 86182 2
(0.154335 0.422567 0.00624162 0.416857) 43340 86000 1
(0.351494 0.0331856 0.292387 0.322933) 43379 86077 2
(0.518455 0.241401 0.0298433 0.210301) 43561 86441 1
(0.506694 0.248544 0.106652 0.138111) 43478 86275 1
(0.751264 0.124602 0.0703139 0.05382) 43382 86086 1
(0.0435891 0.180994 0.297732 0.477685) 43560 86440 2
(0.382088 0.234206 0.305704 0.0780022) 43519 86445 2
(0.485095 0.196764 0.250561 0.06758) 43601 86609 2
(0.187001 0.40703 0.241911 0.164059) 43511 86344 1
(0.443476 0.124613 0.277849 0.154062) 43788 86898 2
(0.218707 0.405203 0.250644 0.125446) 43554 86427 1
(0.366005 0.0325217 0.316796 0.284677) 43780 86882 2
(0.886931 0.041368 0.0566326 0.0150689) 43646 86614 2
(0.585019 0.207839 0.182856 0.0242866) 43644 86610 1
(0.0718178 0.465675 0.4498 0.0127067) 43598 86516 1
(0.0131186 0.271606 0.473648 0.241627) 43595 86597 2
(0.00600105 0.497403 0.341783 0.154812) 43595 86510 1
(0.456911 0.272139 0.0883515 0.182598) 43732 86786 1
(0.244104 0.37849 0.274594 0.102812) 43642 86604 1
(0.459827 0.270911 0.228504 0.0407579) 43591 86502 1
(0.615914 0.261522 0.0616243 0.0609404) 43588 86496 1
(0.125841 0.000792239 0.436266 0.4371) 43683 86688 2
(0.279044 0.0436339 0.317217 0.360105) 43635 86590 2
(0.317176 0.238989 0.103377 0.340458) 43638 86596 2
(0.835236 0.0400993 0.0467726 0.0778926) 43636 86591 2
(0.657416 0.106271 0.0641769 0.172136) 43681 86682 2
(2.14215e-09 0.919298 0.0807017 7.2113e-09) 43676 141082 1
(0.495998 0.255371 0.21014 0.0384915) 43683 86773 1
(0.0263709 0.0890255 0.398194 0.486409) 43727 86774 2
(0.105596 0.448162 0.106446 0.339795) 43727 86776 1
(0.438496 0.0526396 0.27795 0.230914) 43774 86955 2
(0.135897 0.432296 0.36575 0.0660568) 43724 86770 1
(0.440368 0.0031224 0.276631 0.279879) 43725 86770 2
(0.400825 0.30084 0.296836 0.00149872) 43679 86765 1
(0.389465 0.141872 0.30416 0.164503) 43720 86762 2
(0.141666 0.202655 0.227235 0.428443) 43772 86864 2
(0.461941 0.104336 0.258941 0.174782) 43725 86857 2
(0.348927 0.328511 0.0158897 0.306673) 43767 86853 1
(0.589828 0.201172 0.0235386 0.185461) 43769 86857 2
(0.29797 0.0847106 0.35114 0.266179) 43766 86854 2
(0.302612 0.340333 0.0314582 0.325597) 43816 86951 2
(0.158003 0.431472 0.199046 0.21148) 43863 87133 1
(0.312421 0.366693 0.262127 0.0587588) 43815 86949 1
(0.355776 0.0433046 0.278971 0.321948) 43862 87044 2
(0.400324 0.331227 0.208704 0.0597454) 43765 86937 1
(0.427974 0.301967 0.0321686 0.237891) 43817 87041 1
(0.102919 0.122191 0.448231 0.326659) 43907 87136 2
(0.959052 0.0216222 0.0088931 0.0104331) 43813 87033 1
(0.0607363 0.43643 0.0345437 0.46829) 43954 87228 2
(0.158301 0.42032 0.00201891 0.419361) 43811 86942 2
(0.759174 0.120368 0.0153657 0.105092) 43812 86944 1
(0.0402837 0.480763 0.118249 0.360704) 44000 87322 1
(0.0599462 0.134676 0.45255 0.352828) 43811 87029 2
(0.492523 0.253894 0.0255455 0.228037) 44001 87324 1
(0.585782 0.208091 0.0175357 0.188592) 44044 87410 1
(0.370605 0.339666 0.0476279 0.242102) 43858 87123 1
(0.228984 0.0767206 0.385294 0.309001) 43949 87220 2
(0.562803 0.231592 0.0122894 0.193316) 43900 87119 2
(0.194544 0.403268 0.0074605 0.394728) 43946 87211 1
(2.52142e-08 1.33918e-09 0.882746 0.117254) 43896 189862 2
(0.0991109 0.332419 0.118915 0.449554) 43995 87310 2
(0.197444 0.400888 0.0167929 0.384875) 44040 87400 1
(0.124495 0.438242 0.132294 0.304969) 44085 87490 1
(0.554624 0.180407 0.222042 0.0429262) 43989 87300 2
(0.101072 0.450521 0.432831 0.0155765) 43988 87296 1
(0.0878714 0.432455 0.345112 0.134561) 43985 87377 2
(0.786778 0.106763 0.093028 0.013431) 44036 87392 1
(0.145253 0.22136 0.415579 0.217808) 44038 87483 2
(0.642066 0.126061 0.0635839 0.168289) 44034 87387 2
(0.463905 0.160963 0.106857 0.268274) 44032 87384 2
(0.172225 0.244484 0.171398 0.411893) 44031 87382 2
(0.00394256 0.379811 0.469424 0.146822) 44035 87477 2
(0.0687526 0.225211 0.41052 0.295516) 44029 87465 2
(0.00547468 0.144342 0.494099 0.356085) 44275 87957 2
(0.681772 0.0284236 0.157353 0.132451) 44081 87569 2
(0.142687 0.369284 0.401205 0.0868242) 44079 87565 2
(0.367318 0.220279 0.316085 0.0963182) 44124 87570 2
(0.322001 0.339799 0.227539 0.110661) 44074 87470 1
(0.0213895 0.489813 0.460024 0.0287736) 44075 87472 1
(0.016577 0.966587 0.00841576 0.00842064) 44072 87552 1
(0.659355 0.184235 0.0159847 0.140425) 44122 87651 1
(0.546903 0.168453 0.0592778 0.225366) 44120 87560 2
(0.307663 0.356888 0.178824 0.156624) 44170 87659 1
(0.326786 0.355652 0.310265 0.00729747) 44123 87653 2
(0.116952 0.269841 0.415446 0.197761) 44121 87649 2
(0.460306 0.128567 0.269949 0.141178) 44167 87656 2
(0.0524411 0.337988 0.137359 0.472212) 44165 87650 2
(0.0139248 0.108101 0.492813 0.385162) 44406 88134 2
(0.52358 0.252617 0.105227 0.118577) 44165 87737 1
(0.0731199 0.486881 0.0704235 0.369575) 44205 87729 1
(0.156614 0.00144911 0.485642 0.356294) 44204 190170 2
(0.425834 0.317769 0.197554 0.0588424) 44205 87817 1
(0.614907 0.101789 0.0913796 0.191925) 44256 87832 2
(0.250363 0.375552 0.176331 0.197755) 44259 87838 1
(0.563768 0.230093 0.116027 0.0901121) 44298 87915 1
(0.00337269 0.500663 0.131771 0.364193) 44294 87910 1
(0.0749409 0.463386 0.135448 0.326225) 44297 87916 1
(0.303286 0.349 0.0360038 0.31171) 44398 88118 1
(0.027486 0.180495 0.320973 0.471046) 44342 88003 2
(0.251714 0.395598 0.00643432 0.346254) 44344 88007 2
(0.569596 0.210842 0.214504 0.00505822) 44343 88008 2
(0.248698 0.376694 0.163805 0.210804) 44347 88014 1
(0.0030598 0.18627 0.312735 0.497935) 44437 88194 2
(0.93269 0.0338591 0.0152908 0.0181599) 44532 88383 1
(0.130504 0.465503 0.297617 0.106376) 44386 88091 1
(0.202304 0.155237 0.244349 0.398111) 44387 88094 2
(0.245763 0.377896 0.267125 0.109217) 44391 88102 1
(0.57913 0.120571 0.0901587 0.21014) 44386 88092 2
(0.368531 0.315838 0.15176 0.16387) 44384 88088 1
(0.241791 0.189213 0.368852 0.200144) 44390 88187 2
(5.03955e-09 0.895524 0.104476 1.42083e-09) 44424 141830 1
(0.372644 0.248156 0.0896866 0.289514) 44429 88177 2
(0.0906421 0.684614 0.223299 0.00144472) 44424 141830 1
(0.659667 0.170296 0.152363 0.0176744) 44578 88478 1
(0.622278 0.188849 0.142113 0.0467598) 44481 88284 1
(0.0900232 0.453187 0.453895 0.00289481) 44432 88186 2
(0.592703 0.199389 0.181309 0.0265987) 44428 88263 2
(0.177674 0.427312 0.310707 0.0843061) 44479 88277 1
(0.319493 0.183183 0.157619 0.339705) 44623 88566 2
(0.666688 0.177444 0.143687 0.0121808) 44476 88271 1
(0.867762 0.0157956 0.0504813 0.065961) 44478 88276 2
(0.13499 0.345194 0.4314 0.088416) 44474 88270 2
(0.158722 0.421676 0.39683 0.0227726) 44574 88468 1
(0.594657 0.202472 0.19289 0.00998083) 44473 88268 1
(0.491509 0.27535 0.0828387 0.150303) 44472 88351 1
(0.450293 0.275337 0.0347048 0.239665) 44569 88460 1
(0.43987 0.28214 0.242137 0.0358527) 44566 88539 1
(0.249097 0.375791 0.302722 0.0723898) 44612 88546 1
(0.0223049 0.323907 0.488268 0.16552) 44520 88362 2
(0.293528 0.285136 0.0729438 0.348392) 44750 88819 2
(0.22641 0.0110593 0.376638 0.385892) 44521 88361 2
(0.457904 0.272009 0.262149 0.00793824) 44520 88360 1
(0.247216 0.376879 0.370543 0.00536178) 44518 88443 1
(0.0738067 0.0566852 0.410882 0.458626) 44562 88443 2
(0.570428 0.0224469 0.214308 0.192817) 44561 88444 2
(0.157539 0.422137 0.363238 0.0570859) 44794 88908 1
(0.328375 0.367221 0.0597991 0.244605) 44601 88521 1
(0.540876 0.0125998 0.218217 0.228307) 44605 88529 2
(0.0386292 0.40619 0.0757821 0.479399) 44607 88534 2
(0.478857 0.20625 0.259847 0.0550458) 44605 88532 2
(0.146802 0.456341 0.0201105 0.376747) 44608 88623 1
(0.515131 0.250702 0.166831 0.0673362) 44605 88617 1
(0.147607 0.206566 0.425671 0.220156) 44789 88900 2
(0.260751 0.100315 0.636746 0.00218829) 44600 142006 1
(0.0230396 0.414761 0.487338 0.074861) 44698 88718 2
(0.0914976 0.464686 0.188626 0.25519) 44745 88897 1
(0.778077 0.11089 0.10446 0.00657352) 44743 88808 1
(0.0953286 0.45231 0.0968468 0.355514) 44652 88624 1
(0.783294 0.0458402 0.065979 0.104887) 44695 88709 2
(0.135072 0.00433949 0.432616 0.427973) 44695 88712 2
(0.159572 0.420665 0.161948 0.257815) 44742 88804 1
(0.0737332 0.0652536 0.398081 0.462932) 44739 88798 2
(0.46957 0.26572 0.181741 0.0829688) 44832 88984 1
(0.429454 0.285605 0.213577 0.0713632) 44740 88802 1
(0.446833 0.00497892 0.275975 0.272213) 44737 88881 2
(0.622494 0.196032 0.000765466 0.180709) 44921 89249 1
(0.53261 0.210918 0.0391094 0.217362) 44783 88885 2
(0.774906 0.112696 0.00259787 0.109801) 44783 88888 1
(0.0995027 0.450573 0.160053 0.289872) 44781 88882 1
(0.393405 0.304526 0.0179014 0.284167) 44829 88977 1
(0.465297 0.193485 0.248591 0.0926268) 44781 88969 2
(0.27053 0.397858 0.276968 0.0546446) 44825 88969 1
(0.496922 0.150858 0.11753 0.23469) 44824 88967 2
(0.115734 0.449518 0.315251 0.119497) 44830 89067 1
(0.201445 0.0757899 0.323764 0.399001) 44915 89150 2
(0.0451255 0.433711 0.443924 0.0772399) 44827 89061 2
(0.0622916 0.0940787 0.375023 0.468607) 44964 89248 2
(0.245166 0.377532 0.0491356 0.328166) 44911 89141 2
(0.385206 0.122373 0.307155 0.185267) 44915 89152 2
(0.0370246 0.0636268 0.417828 0.481521) 44915 89150 2
(0.694009 0.0971281 0.142082 0.0667813) 44956 89319 2
(0.593435 0.0570047 0.202952 0.146609) 44960 89242 2
(0.0131428 0.4083 0.0863414 0.492216) 44958 89236 2
(0.0993378 0.457838 0.324052 0.118772) 44962 89331 1
(0.294168 0.356033 0.0644895 0.28531) 45052 89423 1
(0.396631 0.313442 0.0716425 0.218284) 45007 89421 1
(0.104115 0.26582 0.208127 0.421937) 45001 89321 2
(0.448947 0.287244 0.127665 0.136144) 45003 89325 1
(0.112706 0.49326 0.377505 0.0165288) 44996 142402 1
(0.0521732 0.108383 0.365857 0.473586) 45044 89408 2
(0.695072 0.133979 0.0188894 0.152059) 45044 89408 2
(0.394572 0.302874 0.0941197 0.208435) 45140 89602 1
(0.0996407 0.45033 0.40641 0.0436196) 45045 89412 1
(0.765778 0.117593 0.0218954 0.0947337) 45092 89506 1
(0.355427 0.0763113 0.321952 0.24631) 45138 89598 2
(0.725214 0.13757 0.0519475 0.0852684) 45230 89782 1
(0.00242318 0.118773 0.489711 0.389092) 45091 89589 2
(0.440533 0.259649 0.0380622 0.261756) 45136 89591 2
(0.345256 0.29336 0.0627456 0.298638) 45133 89585 2
(0.0348701 0.253406 0.22991 0.481814) 45132 89584 2
(0.206779 0.315025 0.369398 0.108797) 45134 89675 2
(0.184288 0.408862 0.0187946 0.388056) 45228 89778 1
(0.156204 0.422519 0.108958 0.312319) 45315 89952 1
(0.975105 0.00966519 0.0121017 0.00312786) 45361 90129 2
(0.202321 0.240701 0.159035 0.397944) 45311 89942 2
(0.673022 0.152958 0.159056 0.0149639) 45406 90219 2
(0.439461 0.292306 0.0435676 0.224666) 45315 90037 1
(0.119793 0.465729 0.172283 0.242195) 45310 90027 1
(0.026843 0.487055 0.206916 0.279186) 45359 90038 1
(0.309413 0.345423 0.0955107 0.249654) 45355 90030 1
(0.486254 0.0864308 0.256617 0.170699) 45401 90124 2
(0.271896 0.364782 0.351501 0.01182) 45403 90213 1
(0.746754 0.126683 0.104763 0.0217994) 45397 90116 1
(0.503537 0.0292903 0.247897 0.219275) 45447 90216 2
(0.349331 0.325425 0.282545 0.0426995) 45448 90218 1
(0.498085 0.25722 0.115498 0.129197) 45448 90303 1
(0.296271 0.00676774 0.344765 0.352196) 45540 90400 2
(0.28483 0.380241 0.192179 0.14275) 45441 90201 1
(0.0378473 0.449885 0.0662275 0.44604) 45443 90205 2
(0.187647 0.333954 0.0727729 0.405626) 45445 90210 2
(0.59821 0.210114 0.10056 0.091116) 45443 90205 1
(0.254933 0.303175 0.348822 0.0930706) 45443 90293 2
(0.356532 0.275047 0.047382 0.32104) 45488 90296 2
(0.398157 0.289625 0.0292708 0.282947) 45533 90385 2
(0.433417 0.145721 0.144792 0.276069) 45579 90477 2
(0.204637 0.416088 0.255738 0.123537) 45577 90473 1
(0.374683 0.313194 0.2466 0.0655229) 45579 90478 1
(0.470902 0.264724 0.0330017 0.231373) 45577 90476 1
(0.259463 0.370637 0.348338 0.0215616) 45578 90476 1
(0.43121 0.0850236 0.283715 0.200052) 45570 90462 2
(0.40941 0.295522 0.0864335 0.208634) 45574 90468 1
(0.537565 0.247094 0.0246375 0.190704) 45576 90559 1
(0.328931 0.0583892 0.281179 0.3315) 45620 90559 2
(0.00517426 0.255411 0.486333 0.253082) 45624 90655 2
(0.311301 0.265828 0.343725 0.0791464) 45619 90560 2
(0.252736 0.0711595 0.37344 0.302665) 45668 90658 2
(0.343847 0.0682916 0.265388 0.322474) 45663 90645 2
(0.52355 0.238291 0.210419 0.0277394) 45663 90648 1
(0.0388362 0.493216 0.446176 0.0217722) 45664 90735 2
(0.38177 0.329938 0.0406921 0.247599) 45701 90721 1
(0.0393974 0.182757 0.480067 0.297779) 45755 90832 2
(0.0368232 0.488031 0.106811 0.368335) 45754 90827 1
(0.024162 0.384667 0.130461 0.46071) 45752 90823 2
(0.606197 0.196817 0.1576 0.039387) 45753 90826 1
(0.781679 0.0297563 0.107363 0.081202) 45753 90913 2
(0.496009 0.252359 0.123246 0.128386) 45753 90828 1
(0.363443 0.227887 0.0977775 0.310892) 45846 91011 2
(0.206647 0.339996 0.383707 0.0696499) 45801 91009 2
(0.102158 0.0689576 0.383119 0.445766) 45843 91005 2
(0.511168 0.245844 0.0200724 0.222915) 45841 91001 1
(0.109282 0.435257 0.444507 0.0109537) 45893 91108 2
(0.131322 0.0573664 0.434434 0.376877) 45887 91096 2
(0.634093 0.23531 0.102524 0.0280733) 45877 91073 1
(0.755969 0.122122 0.117151 0.00475872) 45887 91096 1
(0.262855 0.368876 0.352496 0.0157739) 45890 91187 1
(0.249028 0.375768 0.19134 0.183865) 45886 91092 1
(0.110948 0.451326 0.039348 0.398378) 45923 91165 1
(0.228213 0.392874 0.126544 0.252369) 45931 91181 1
(0.75517 0.119722 0.122151 0.00295668) 45927 91176 2
(0.261312 0.37178 0.0418287 0.325079) 45975 91269 1
(0.61002 0.0443704 0.152618 0.192991) 45976 91271 2
(0.171155 0.409788 0.0054378 0.413619) 45973 91266 2
(0.0917852 0.471909 0.00765824 0.428648) 45977 91361 1
(0.432041 0.28452 0.251141 0.0322986) 46016 91352 1
(0.183691 0.408405 0.229536 0.178369) 46017 91356 1
(0.0203633 0.530987 0.0120273 0.436622) 46015 91437 1
(0.565578 0.217366 0.0731674 0.143888) 46060 91440 1
(0.375738 0.130878 0.304587 0.188797) 46062 91531 2
(0.0578317 0.476081 0.328618 0.137469) 46066 91539 1
(0.0380152 0.489664 0.401856 0.0704651) 46057 91521 1
(0.44062 0.132271 0.280043 0.147066) 33411 66768 2
(0.711061 0.144514 0.089711 0.0547139) 42080 83482 1
(0.641697 0.180205 0.0864054 0.0916927) 42220 83847 1
(0.34209 0.32935 0.232956 0.0956041) 43003 85328 1
(0.702799 0.0945695 0.0563673 0.146264) 41902 83123 2
(0.401386 0.294231 0.00542174 0.298961) 41764 82848 2
(0.133144 0.438451 0.24597 0.182435) 41764 82847 1
(0.232198 0.384986 0.336462 0.0463539) 41812 83031 1
(0.407656 0.296963 0.141478 0.153903) 41791 82902 1
(0.201799 0.399565 0.326342 0.0722938) 41841 83002 1
(0.131499 0.199927 0.419798 0.248776) 41835 83077 2
(0.353528 0.302658 0.322855 0.0209585) 41834 82990 2
(0.0179851 0.492062 0.192742 0.297211) 41834 82990 1
(0.132805 0.443076 0.141646 0.282473) 41837 82993 1
(0.228178 0.385317 0.361421 0.0250848) 41880 83167 2
(0.435218 0.0419923 0.28224 0.24055) 41788 82898 2
(0.291214 0.277422 0.338712 0.0926528) 41881 83169 2
(0.532521 0.245964 0.192461 0.0290537) 41793 82905 1
(0.86222 0.0726043 0.0459345 0.019241) 41831 83069 1
(0.145741 0.0123151 0.166604 0.67534) 41828 187794 2
(0.149565 0.46955 0.304124 0.0767605) 41785 82977 2
(0.167225 0.211974 0.205061 0.415739) 41967 83254 2
(0.700052 0.273918 0.0136882 0.0123421) 41784 82976 1
(0.256577 0.309588 0.354408 0.0794282) 41925 83257 2
(0.373852 0.116189 0.312826 0.197133) 41927 83176 2
(0.429042 0.285789 0.20591 0.0792586) 41922 83166 1
(0.105306 0.448971 0.152033 0.293691) 41875 83072 1
(0.379923 0.310171 0.150691 0.159215) 42014 83350 1
(3.61645e-09 1.5435e-09 0.500388 0.499612) 41828 187794 2
(3.41254e-10 0.599994 0.400006 1.60184e-08) 41828 139234 1
(0.276294 0.362409 0.198325 0.162972) 42207 83736 1
(0.0877469 0.396548 0.0607357 0.45497) 41789 82898 2
(0.0877541 0.457016 0.109717 0.345512) 42015 83352 1
(2.76484e-06 0.283647 0.716349 1.76074e-06) 41828 139234 1
(0.330854 0.211016 0.124259 0.333871) 41920 83160 2
(0.339249 0.325231 0.006124 0.329396) 42058 83436 2
(0.424799 0.239067 0.286834 0.0492989) 41873 83068 2
(0.587315 0.218265 0.0856832 0.108737) 41966 83339 1
(0.637736 0.0131208 0.185476 0.163667) 41872 83066 2
(6.66884e-10 0.483832 0.516168 5.72203e-10) 41872 139278 1
(0.101654 0.0849692 0.36935 0.444027) 41925 83169 2
(0.159554 0.480323 0.354841 0.00528236) 41919 83245 2
(0.754276 0.08245 0.122627 0.0406467) 41918 83158 2
(0.13758 0.483602 0.0990845 0.279734) 41919 83245 1
(0.489309 0.256029 0.211895 0.0427667) 41973 83266 1
(0.196072 0.235455 0.401257 0.167216) 41923 83168 2
(1.42564e-09 0.0900201 0.90998 5.16435e-11) 41916 139322 1
(0.490257 0.124862 0.130976 0.253905) 42008 83336 2
(0.553673 0.0913811 0.132272 0.222674) 41964 83248 2
(0.0714213 0.14414 0.784324 0.000114026) 41916 139322 1
(0.555388 0.225493 0.170288 0.0488303) 42101 83609 1
(0.201221 0.39916 0.212697 0.186921) 42009 83338 1
(0.0796696 0.446365 0.458505 0.0154602) 42055 83432 2
(0.197323 0.335908 0.384664 0.0821052) 42102 83611 2
(0.383364 0.311065 0.0426215 0.262949) 42057 83433 1
(0.727225 0.136021 0.0393692 0.0973851) 41964 83248 1
(0.0491308 0.554856 0.389906 0.00610699) 42048 139454 1
(1.13914e-08 0.888198 0.111802 1.25113e-08) 42004 139410 1
(0.663199 0.182502 0.0587203 0.0955785) 42052 83511 1
(0.358377 0.32136 0.286747 0.033516) 42191 83702 1
(0.23463 0.457432 0.153204 0.154735) 42004 83328 1
(0.297105 0.352044 0.138827 0.212024) 42059 83440 1
(0.363829 0.102447 0.217312 0.316412) 42198 83715 2
(0.185428 0.0286784 0.38193 0.403964) 42096 83511 2
(0.0898263 0.455771 0.28184 0.172563) 42115 83552 1
(0.171553 0.275478 0.388202 0.164767) 42097 83601 2
(0.414381 0.29242 0.198006 0.0951934) 42146 83614 1
(0.766771 0.0399346 0.113391 0.0799035) 42185 83777 2
(0.772921 0.113186 0.00825166 0.105641) 42187 83693 2
(0.0291459 0.231094 0.473931 0.265829) 42102 83611 2
(0.433576 0.284542 0.211169 0.0707128) 42141 83602 1
(0.593229 0.000138383 0.0317543 0.374878) 42092 188058 2
(0.329507 0.0925407 0.332597 0.245356) 42194 83795 2
(0.219372 0.00117377 0.390279 0.389175) 42197 83716 2
(0.0546495 0.398834 0.472871 0.0736459) 42182 83686 2
(0.654371 0.0852563 0.170855 0.0895183) 42151 83709 2
(0.564113 0.129367 0.096928 0.209592) 42276 83871 2
(0.122063 0.160731 0.410302 0.306904) 42138 83683 2
(0.726718 0.152778 0.0114504 0.109054) 42228 83863 1
(0.929303 0.00602535 0.0635928 0.00107879) 42136 139542 1
(0.0270963 0.0034207 0.196336 0.773147) 42136 188102 2
(0.422574 0.289274 0.0677024 0.22045) 42137 83596 1
(0.475243 0.262591 0.0674744 0.194692) 42337 83994 1
(0.647046 0.177377 0.165206 0.0103706) 42274 83955 1
(0.77429 0.104447 0.00859553 0.112667) 42276 83872 2
(0.528624 0.237769 0.180664 0.0529422) 42236 83879 1
(0.202854 4.00147e-05 0.308053 0.489053) 42180 188146 2
(2.86837e-08 0.489884 0.510116 2.93716e-09) 42180 139586 1
(0.0734361 0.402603 0.080954 0.443007) 42366 84051 2
(0.505568 0.195807 0.246298 0.0523267) 42190 83702 2
(0.745808 0.0611407 0.0999819 0.0930695) 42224 83768 1
(0.58685 0.206889 0.0849717 0.121289) 42226 83774 1
(0.409366 0.295228 0.236089 0.0593169) 42319 83960 1
(0.209933 0.0675377 0.386293 0.336236) 42227 83861 2
(0.122893 0.195273 0.24439 0.437444) 42318 83956 2
(0.835021 0.0683301 0.082087 0.014562) 42381 84084 2
(0.0583393 0.532304 0.223666 0.185691) 42270 83859 1
(1.70791e-08 1.13905e-08 0.803175 0.196825) 42224 188190 2
(0.0283732 0.486405 0.259673 0.225549) 42189 83698 1
(0.0470984 0.157287 0.360766 0.434849) 42269 83857 2
(0.574115 0.0883279 0.198429 0.139129) 42270 83947 2
(0.0592383 0.494501 0.432356 0.0139046) 42454 84227 1
(0.820433 0.0730775 0.0886128 0.0178762) 42313 83948 2
(0.861526 0.0691505 0.0392583 0.0300647) 42269 83858 1
(0.57323 0.0613928 0.157508 0.207868) 42186 83691 2
(0.0663884 0.213059 0.412089 0.308464) 42313 84033 2
(0.467251 0.0786672 0.187987 0.266095) 42314 83948 2
(0.586891 0.206613 0.0143721 0.192124) 42362 84044 1
(1.5181e-09 2.5877e-09 0.750378 0.249622) 42268 188234 2
(3.20408e-08 1.56073e-08 0.826202 0.173798) 42268 188234 2
(4.90635e-08 1.87192e-09 0.371704 0.628296) 42312 188278 2
(0.390581 0.189269 0.117127 0.303023) 42313 83946 2
(0.231283 0.384747 0.0647769 0.319193) 42454 84228 1
(0.198073 0.43905 0.202717 0.16016) 42359 84037 1
(0.815081 0.0463862 0.0695448 0.0689876) 42312 83944 1
(0.0306629 0.0434221 0.92591 5.45586e-06) 42356 139762 1
(0.141575 0.12118 0.316775 0.420471) 42451 84221 2
(0.291867 0.191033 0.353661 0.163439) 42325 83972 2
(0.296128 0.40553 0.297826 0.000515668) 42312 139718 1
(0.250927 0.397878 0.271552 0.0796426) 42319 83957 1
(0.764177 0.12437 0.0137091 0.0977446) 42453 84313 1
(0.384289 0.309529 0.222071 0.0841107) 42314 83950 1
(0.102208 0.848196 0.025173 0.0244225) 42312 84032 1
(2.76636e-09 0.564337 0.435663 2.54425e-11) 42356 139762 1
(0.376836 0.0477242 0.304161 0.271279) 42359 84125 2
(0.0238991 0.5078 0.307941 0.160359) 42453 84225 1
(0.543862 0.017223 0.211414 0.227502) 42498 84315 2
(0.46377 0.294318 0.0605381 0.181374) 42404 84215 1
(0.681656 0.0614415 0.159851 0.097051) 42401 84124 2
(0.704233 0.178867 0.10498 0.0119199) 42400 139806 1
(0.037937 0.497521 0.289954 0.174588) 42410 84139 1
(0.60505 0.185195 0.182081 0.0276745) 42494 84395 2
(0.378807 0.328122 0.212015 0.0810563) 42539 84397 1
(0.451556 0.120989 0.153907 0.273548) 42460 84240 2
(0.758097 0.128454 0.103412 0.0100367) 42447 84301 2
(0.656071 0.180557 0.0615069 0.101866) 42537 84393 1
(0.0737885 0.231411 0.462639 0.232161) 42536 84394 2
(0.792962 0.103824 0.0551435 0.04807) 42583 84488 1
(0.150766 0.226602 0.198981 0.42365) 42583 84486 2
(0.55955 0.412518 0.0239132 0.00401935) 42488 139894 1
(0.0265519 0.40822 0.285377 0.279851) 42488 84384 1
(0.0531405 0.324697 0.472876 0.149286) 42582 84486 2
(0.611252 0.0501794 0.140895 0.197674) 42577 84474 2
(0.678631 0.16031 0.103448 0.0576109) 42535 84390 1
(0.428858 0.127687 0.167195 0.276259) 42627 84573 2
(0.261321 0.244842 0.124874 0.368964) 42582 84484 2
(0.127072 0.536374 0.186327 0.150226) 42533 84385 1
(0.435139 0.000482274 0.282725 0.281654) 42673 84668 2
(0.0222592 0.490501 0.463494 0.0237459) 42581 84482 1
(0.0870534 0.318073 0.40192 0.192955) 42534 84475 2
(0.100735 0.246613 0.203901 0.448752) 42581 84482 2
(0.17604 0.37311 0.0661456 0.384704) 42671 84661 2
(0.358838 0.163485 0.32024 0.157437) 42547 84416 2
(0.234954 0.0880403 0.375962 0.301044) 42626 84659 2
(0.499896 0.311128 0.0171122 0.171864) 42577 84473 2
(0.173762 0.315017 0.115972 0.395248) 42497 84313 2
(0.000993135 0.30785 0.479355 0.211803) 42628 84663 2
(0.419909 0.0804902 0.291633 0.207968) 42577 84476 2
(0.0360739 0.482659 0.441635 0.0396323) 42626 84659 2
(0.319725 0.0772071 0.326181 0.276886) 42622 84651 2
(0.554151 0.000218434 0.223842 0.221789) 42666 84652 2
(0.0324735 0.282382 0.200742 0.484403) 42578 84476 2
(0.234005 0.324751 0.3821 0.0591437) 42544 84410 2
(0.0169826 0.493939 0.435225 0.053853) 42577 84474 1
(0.605993 0.294553 0.0493804 0.0500744) 42576 84560 1
(3.83163e-09 0.956087 0.0439132 5.72664e-10) 42620 140026 1
(0.733645 0.0554207 0.0803827 0.130552) 42675 84669 2
(0.451617 0.275007 0.245642 0.0277351) 42671 84664 1
(0.262438 0.199213 0.17086 0.36749) 42539 84398 2
(0.293208 0.353658 0.244226 0.108907) 42591 84504 1
(0.248281 0.29209 0.084553 0.375076) 42689 84698 2
(0.0626708 0.283792 0.653412 0.000125573) 42620 140026 1
(0.00903262 0.314294 0.182225 0.494448) 42669 84658 2
(0.283451 0.33781 0.341107 0.0376309) 42542 84491 2
(2.99738e-09 0.489632 0.510368 9.19681e-10) 42664 140070 1
(0.185777 0.417724 0.341539 0.0549591) 42667 84741 1
(0.228107 0.469756 0.145218 0.156919) 42665 84737 1
(0.284124 0.0240984 0.357016 0.334762) 42588 84583 2
(7.63352e-09 3.88537e-09 0.675258 0.324742) 42664 188630 2
(0.919275 0.00694179 0.0405092 0.0332738) 42683 84688 2
(0.144764 0.427521 0.172993 0.254721) 42710 84740 1
(0.659889 0.170282 0.110904 0.0589243) 42632 84584 1
(5.08598e-10 1.13724e-09 0.924953 0.075047) 42664 188630 2
(0.107421 0.440627 0.387231 0.0647206) 42711 84829 2
(0.0798903 0.361426 0.099428 0.459256) 42759 84838 2
(0.261958 0.369496 0.346728 0.0218184) 42710 84740 1
(0.41584 0.293476 0.103828 0.186856) 42847 85016 1
(0.070805 0.00244404 0.133315 0.793436) 42752 188718 2
(0.600458 0.173303 0.0498693 0.176369) 42799 84917 2
(0.065285 0.853664 0.0399565 0.0410948) 42796 84912 1
(0.521808 0.0339049 0.205147 0.23914) 42801 84922 2
(1.25986e-09 9.31385e-10 0.107332 0.892668) 42796 188762 2
(0.36505 0.170711 0.318091 0.146148) 42796 84914 2
(0.273911 0.379979 0.116608 0.229502) 42844 85007 1
(0.652248 0.174216 0.0760658 0.09747) 42845 85012 1
(6.34616e-09 0.145723 0.854277 9.85983e-11) 42796 140202 1
(0.299372 0.258782 0.349704 0.0921418) 42891 85104 2
(0.116495 0.381519 0.251375 0.250612) 42796 85000 1
(0.435387 0.305686 0.25261 0.00631629) 42889 85185 2
(0.76819 0.115909 0.113512 0.00238916) 42936 85194 1
(0.26031 0.0860501 0.369609 0.284031) 42888 85098 2
(0.0979295 0.460969 0.175269 0.265832) 42762 84843 1
(0.0461312 0.052489 0.429183 0.472197) 42934 85187 2
(0.0786685 0.55376 0.185463 0.182108) 42840 85088 1
(0.0766766 0.462186 0.277518 0.183619) 42935 85192 1
(0.0664052 0.00941061 0.458414 0.46577) 42931 85181 2
(0.0939615 0.000638425 0.617125 0.288275) 42884 188850 2
(0.407477 0.296888 0.253901 0.041734) 42932 85184 1
(3.50098e-08 0.953184 0.0468157 5.3219e-09) 42928 140334 1
(0.375749 0.312185 0.0203659 0.2917) 42933 85186 1
(0.112059 0.377302 0.10274 0.4079) 42977 85273 2
(0.0821071 0.121213 0.451051 0.345629) 42980 85367 2
(0.23853 0.385058 0.0966898 0.279722) 42860 85127 1
(1.02827e-10 2.05754e-09 0.700706 0.299294) 42928 188894 2
(0.0687943 0.202429 0.278132 0.450645) 43023 85365 2
(0.0997486 0.496066 0.235927 0.168258) 42930 85267 1
(0.264308 0.196493 0.27021 0.26899) 42928 85264 1
(0.637021 0.094223 0.0876492 0.181107) 43024 85368 2
(7.61114e-05 0.72877 0.271141 1.23514e-05) 42972 140378 1
(7.31766e-09 9.1889e-09 0.533647 0.466353) 42972 188938 2
(0.679961 0.156689 0.159001 0.00434881) 42972 85266 2
(0.211362 0.416089 0.367176 0.0053726) 43024 85455 2
(0.12473 0.449565 0.388154 0.0375503) 42898 85115 1
(0.438472 0.288365 0.102943 0.17022) 43068 85455 1
(0.0452296 0.478065 0.28374 0.192965) 43020 85360 1
(0.0729142 0.244443 0.461684 0.220959) 43017 85356 2
(0.669381 0.173594 0.072539 0.0844862) 43066 85539 1
(0.0358404 0.0816478 0.400235 0.482277) 43063 85446 2
(0.689247 0.169236 0.0716717 0.069846) 43060 85440 1
(1.74967e-09 0.499788 0.500212 1.49605e-09) 43060 140466 1
(0.778712 0.122532 0.0343091 0.0644476) 43063 85533 1
(1.00023e-09 2.90422e-10 0.216622 0.783378) 43104 189070 2
(0.206346 0.402859 0.126701 0.264094) 42983 85285 1
(0.192087 0.369506 0.0407645 0.397643) 43037 85393 2
(0.486639 0.259864 0.212028 0.0414689) 43156 85719 1
(0.0640688 0.46895 0.320827 0.146154) 42982 85284 1
(0.247608 0.608093 0.140574 0.00372512) 43148 140554 1
(0.306367 0.367146 0.125028 0.201459) 43154 85715 1
(5.32787e-08 0.709184 0.290816 1.2657e-08) 43192 140598 1
(0.859705 0.0783125 0.0288015 0.0331807) 43194 85707 1
(0.0186048 0.234383 0.470848 0.276163) 43198 85803 2
(0.279755 0.37336 0.118272 0.228612) 43026 85459 1
(1.01835e-07 0.481953 0.518047 2.19037e-07) 43192 140598 1
(0.687848 0.0611963 0.152425 0.0985311) 43157 85721 2
(0.879746 0.0604938 0.0389605 0.0207994) 43084 85575 1
(0.207054 0.395686 0.382893 0.0143664) 43155 85632 1
(0.749712 0.0787827 0.0551354 0.116369) 43240 85799 2
(0.263798 0.399229 0.00255727 0.334416) 43286 85891 2
(0.189619 0.408832 0.0356984 0.365851) 43285 85889 2
(0.214967 0.393173 0.137582 0.254278) 43286 85892 1
(0.259011 0.307771 0.0722382 0.360979) 43118 85555 2
(0.609558 0.133069 0.0610193 0.196354) 43281 85882 2
(0.57507 0.0991858 0.187461 0.138283) 43281 85969 2
(0.0596157 0.0332129 0.466953 0.440219) 43286 85979 2
(0.152358 0.424876 0.305155 0.117611) 43283 85888 1
(0.00424692 0.205952 0.789802 3.15774e-18) 43280 140686 1
(0.124574 0.124179 0.313818 0.437429) 43327 85974 2
(0.384069 0.308521 0.134547 0.172862) 43329 85980 1
(0.505211 0.0489592 0.199246 0.246584) 43171 85661 2
(0.19419 0.403371 0.298944 0.103495) 43116 85554 1
(0.425122 0.28894 0.0661252 0.219813) 43330 85980 1
(0.125076 0.440393 0.31958 0.114951) 43325 85970 1
(0.0449503 0.0696686 0.477194 0.408187) 43376 86074 2
(0.265046 0.367807 0.0536083 0.313539) 43330 85980 1
(0.0536988 0.472775 0.293307 0.180218) 43326 85974 1
(0.288148 0.0028722 0.353367 0.355613) 43370 86059 2
(0.744434 0.128351 0.0589086 0.0683064) 43376 86074 1
(0.880746 0.00289006 0.0590007 0.0573632) 43370 86062 2
(0.0555526 0.278912 0.471311 0.194225) 43161 85644 2
(0.0725318 0.488005 0.123802 0.315661) 43376 86159 1
(0.463785 0.298052 0.0327849 0.205378) 43372 86151 1
(0.299753 0.35082 0.310644 0.0387823) 43165 85737 1
(0.592093 0.372126 0.0178556 0.0179257) 43368 86144 1
(0.171211 0.450538 0.02406 0.354191) 43374 86155 1
(0.252867 0.0603516 0.373329 0.313452) 43420 86162 2
(0.120301 0.37803 0.40792 0.0937493) 43374 86155 2
(0.187462 0.279667 0.143764 0.389107) 43420 86159 2
(0.0868639 0.462179 0.273799 0.177158) 43209 85737 1
(0.308353 0.361464 0.0109992 0.319184) 43419 86157 2
(0.45203 0.292594 0.211794 0.0435821) 43419 86157 1
(0.444896 0.0619063 0.27411 0.219088) 43202 85811 2
(0.848725 0.0762168 0.0313925 0.0436661) 43214 85747 1
(0.422643 0.199212 0.288028 0.0901162) 43210 85742 2
(5.57792e-07 0.399821 0.600178 1.37258e-07) 43412 140818 1
(0.158219 0.421449 0.241784 0.178548) 43412 86146 1
(0.0529064 0.210824 0.280534 0.455735) 43462 86243 2
(0.0807337 0.253287 0.458504 0.207476) 43459 86240 2
(0.0487155 0.476712 0.0419868 0.432586) 43457 86236 1
(0.529107 0.235572 0.160441 0.0748799) 43460 86242 1
(0.341376 0.331599 0.299012 0.0280134) 43463 86333 1
(0.0944263 0.453172 0.358136 0.0942659) 43460 86242 1
(0.259101 0.0682248 0.664719 0.00795504) 43456 140862 1
(0.10982 0.122622 0.767515 4.3431e-05) 43456 140862 1
(0.0261023 0.602622 0.216948 0.154328) 43501 86321 1
(0.652996 0.173942 0.0656092 0.107453) 43248 85818 1
(2.75631e-09 0.728881 0.271119 2.42258e-10) 43500 140906 1
(0.0737091 0.464012 0.229651 0.232628) 43248 85816 1
(0.0783973 0.479913 0.287114 0.154576) 43505 86417 1
(0.508739 0.246292 0.0464505 0.198518) 43294 85910 1
(0.498731 0.251219 0.197359 0.0526906) 43292 85904 1
(0.395264 0.302688 0.235621 0.0664266) 43291 85904 1
(0.378346 0.311044 0.255091 0.0555192) 43547 86416 1
(0.328162 0.386439 0.18375 0.101648) 43545 86497 1
(0.686106 0.158103 0.0955565 0.0602346) 39855 79032 1
(0.252603 0.303736 0.430465 0.0131953) 39807 97345 2
(0.761936 0.0770958 0.115469 0.045499) 39858 79123 2
(4.3443e-07 0.38629 0.61371 9.38131e-08) 39804 137210 1
(1.31858e-06 1.58324e-06 0.769936 0.230061) 39848 185814 2
(0.396842 0.306983 0.175193 0.120983) 39947 79301 1
(0.348336 0.0518313 0.302198 0.297635) 39848 79016 1
(0.521029 0.0532991 0.189183 0.236488) 39943 79205 2
(0.656259 0.142925 0.171832 0.0289843) 39849 79020 2
(0.187303 0.372373 0.0452204 0.395104) 40025 79370 2
(0.154954 0.125119 0.299307 0.42062) 39806 78973 2
(2.27022e-08 0.190771 0.809222 7.11863e-06) 39848 137254 1
(8.73497e-07 0.838004 0.161995 1.29066e-07) 39848 137254 1
(0.519002 0.214048 0.0255281 0.241422) 39940 79200 2
(0.546299 0.15416 0.226579 0.0729618) 40303 79928 2
(1.56224e-06 0.406474 0.593524 4.0107e-09) 39892 137298 1
(6.97404e-07 6.45819e-07 0.0425771 0.957422) 39980 185946 2
(0.122871 0.429764 0.00934088 0.438025) 39939 79198 2
(0.0621782 0.0378029 0.464662 0.435357) 39983 79373 2
(0.376571 0.00624549 0.305201 0.311983) 39986 79292 2
(6.84884e-06 1.51277e-06 0.761872 0.23812) 39892 185858 2
(0.358143 0.0529178 0.267801 0.321138) 39986 79292 2
(0.0301396 0.506969 0.147578 0.315313) 40072 79463 1
(0.168723 0.502982 0.317382 0.0109128) 40026 79371 1
(0.0140596 0.493217 0.173611 0.319112) 40032 79384 1
(0.209594 0.469203 0.187001 0.134202) 39981 79369 1
(0.096732 0.608968 0.292869 0.00143097) 40025 79369 1
(0.642263 0.0696291 0.1067 0.181408) 40025 79370 2
(0.114132 0.497603 0.287272 0.100993) 40071 79461 1
(0.209952 0.196448 0.216817 0.376783) 40029 79377 2
(0.349791 0.0636664 0.262898 0.323644) 40259 79837 2
(0.0887172 0.00110906 0.534073 0.376101) 39936 185902 2
(0.0512206 0.476233 0.032539 0.440007) 40166 79651 1
(0.442503 0.277774 0.00626966 0.273454) 40223 79765 2
(0.0039101 0.500942 0.447291 0.0478564) 40209 79825 1
(0.648377 0.227712 0.116546 0.00736492) 40069 79545 2
(0.282239 0.359477 0.0600834 0.298201) 40390 80102 1
(0.451141 0.00125108 0.434781 0.112827) 40068 186034 2
(3.80942e-06 8.38458e-07 0.605994 0.394001) 40112 186078 2
(0.0214538 0.489936 0.0543358 0.434275) 40118 79558 1
(0.474624 0.260915 0.120312 0.14415) 40157 79634 1
(5.28667e-07 1.74317e-06 0.120056 0.879942) 40068 186034 2
(0.771879 0.0473164 0.0694259 0.111379) 40165 79649 2
(0.839316 0.0803353 0.0290746 0.0512745) 40250 79822 1
(9.65806e-07 1.29868e-06 0.581239 0.418758) 40420 186386 2
(0.0693951 0.464832 0.0353934 0.430379) 40162 79644 1
(0.187261 0.415842 0.325734 0.0711631) 40293 79993 1
(0.421267 0.289912 0.223161 0.0656598) 40343 80006 1
(0.143627 0.456987 0.15203 0.247357) 40205 79817 1
(0.308898 0.150939 0.533786 0.00637629) 40156 137562 1
(0.0501233 0.757414 0.0985094 0.093953) 40200 79808 1
(0.527636 0.247146 0.199551 0.0256672) 40202 79811 1
(0.038893 0.480513 0.209794 0.2708) 40340 80000 1
(0.242957 0.000597849 0.675288 0.0811577) 40068 186034 2
(0.246731 0.216342 0.216312 0.320615) 40289 79897 2
(0.576029 0.213711 0.183128 0.0271314) 40297 80001 1
(0.284157 0.6838 0.0137815 0.018261) 40244 79896 1
(0.26606 0.281351 0.366434 0.0861538) 40430 80182 2
(0.867385 0.0218341 0.0613994 0.049381) 40421 80249 2
(0.0917521 0.295127 0.161802 0.451319) 40289 79898 2
(0.0332196 0.485315 0.0334133 0.448052) 40430 80179 1
(0.201574 0.0120144 0.398236 0.388176) 40382 80171 2
(6.19716e-06 9.36379e-06 0.42117 0.578814) 40288 186254 2
(0.587783 0.00127077 0.0605343 0.350412) 40332 186298 2
(0.0290746 0.0592076 0.432984 0.478734) 40424 80167 2
(3.12737e-07 7.9801e-07 0.622135 0.377864) 40332 186298 2
(0.591181 0.24448 0.160515 0.00382315) 40376 137782 1
(0.576407 0.236614 0.173289 0.0136897) 40380 80079 1
(0.0251548 0.487842 0.199976 0.287027) 40607 80534 1
(0.0681917 0.466821 0.201193 0.263794) 40380 80082 1
(0.488101 0.26887 0.196252 0.0467772) 40378 80163 1
(0.390687 0.308366 0.120659 0.180287) 40654 80627 1
(0.406144 0.151434 0.159413 0.283009) 40557 80433 2
(6.77471e-07 0.891765 0.108234 9.61281e-08) 40420 137826 1
(0.52624 0.195757 0.051478 0.226524) 40605 80529 2
(0.739149 0.132887 0.00381978 0.124145) 40613 80633 1
(2.99658e-06 1.72035e-06 0.178202 0.821793) 40464 186430 2
(0.658629 0.208256 0.000260675 0.132855) 40466 80251 2
(0.100903 0.467452 0.307132 0.124513) 40468 80343 1
(0.143775 0.00957949 0.419294 0.427352) 40558 80435 2
(0.639863 0.122142 0.178871 0.0591248) 40510 80342 2
(0.128973 0.350072 0.0857703 0.435185) 40602 80524 2
(0.733771 0.133682 0.0283265 0.104221) 40465 80252 1
(0.0822192 0.0602465 0.39809 0.459444) 40467 80254 2
(3.94316e-06 6.53607e-07 0.297469 0.702526) 40508 186474 2
(6.90057e-07 4.10679e-07 0.712299 0.2877) 40464 186430 2
(0.337625 0.341265 0.184051 0.137059) 40650 80619 1
(2.4069e-06 0.786806 0.213191 7.77614e-07) 40508 137914 1
(0.496252 0.256729 0.153362 0.0936567) 40561 80529 1
(0.667571 0.136395 0.045413 0.150621) 40556 80431 2
(0.558321 0.211782 0.220834 0.00906391) 40555 80432 2
(1.6605e-05 5.48859e-06 0.259481 0.740497) 40728 186694 2
(0.356262 0.322902 0.090779 0.230057) 40555 80432 1
(0.411782 0.232825 0.0625785 0.292815) 40555 80430 2
(0.442223 0.441591 0.059183 0.0570036) 40552 80512 1
(0.332518 0.141401 0.328653 0.197428) 40740 80887 2
(0.627122 0.0711495 0.119577 0.182151) 40692 80703 2
(0.246528 0.384467 0.262446 0.106558) 40648 80703 1
(0.347373 0.351163 0.0457493 0.255715) 40646 80699 1
(0.306407 0.370662 0.239101 0.0838298) 40730 80867 1
(4.61407e-06 0.677677 0.322304 1.36943e-05) 40596 138002 1
(0.00477651 0.497753 0.000873498 0.496597) 40644 80607 1
(0.479936 0.255375 0.256062 0.00862663) 40597 80516 2
(0.779918 0.0899171 0.109603 0.0205624) 40596 80514 2
(0.526942 0.246149 0.165348 0.0615612) 40556 80519 1
(0.185775 0.0332949 0.405211 0.375719) 40692 80791 2
(0.116047 0.423668 0.402746 0.0575385) 40645 80697 2
(0.119697 0.418244 0.228897 0.233162) 40640 80600 1
(0.570219 0.185451 0.0306706 0.21366) 40644 80608 2
(0.32888 0.310163 0.280345 0.0806114) 40642 80691 2
(0.355039 0.114296 0.214289 0.316375) 40781 80881 2
(0.568432 0.0150751 0.215703 0.200789) 40686 80694 2
(0.232053 0.496635 0.0167022 0.25461) 40685 80689 2
(0.38757 0.340657 0.123837 0.147937) 40686 80691 1
(0.0312519 0.606885 0.12997 0.231894) 40641 80689 1
(0.0944224 0.257149 0.431851 0.216578) 40734 80875 2
(0.134322 0.436945 0.384258 0.0444751) 40735 80877 1
(0.319715 0.341066 0.339135 8.35025e-05) 40731 80782 1
(0.193948 0.281073 0.330719 0.19426) 40685 80777 2
(0.116146 0.265853 0.441399 0.176601) 40728 80778 2
(0.297856 0.248013 0.14678 0.307352) 40774 80867 2
(0.0945661 0.445458 0.137678 0.322298) 40817 80954 1
(0.723911 0.150025 0.0244191 0.101646) 40729 80778 1
(0.49993 0.256238 0.0641617 0.17967) 40873 81153 1
(0.0758585 0.272366 0.461515 0.190261) 40775 80872 2
(0.0273023 0.488822 0.139011 0.344864) 40775 80872 1
(0.385815 0.102232 0.306739 0.205213) 40822 80966 2
(0.146509 0.426473 0.399969 0.0270491) 40736 80794 1
(0.536591 0.125242 0.169087 0.16908) 40772 80864 1
(0.428504 0.28631 0.265326 0.0198593) 40776 80872 1
(0.424425 0.163531 0.123208 0.288836) 40729 80778 2
(0.411991 0.249956 0.292965 0.0450875) 40773 80868 2
(7.91396e-07 1.59958e-07 0.0052632 0.994736) 40816 186782 2
(0.749075 0.00725428 0.12485 0.118821) 40774 80870 2
(0.284582 0.00482585 0.358209 0.352383) 40816 80954 2
(0.0252494 0.49605 0.0988414 0.379859) 40876 81159 1
(1.40627e-05 0.252401 0.747565 1.99643e-05) 40816 138222 1
(0.274961 0.157689 0.206178 0.361172) 40914 81148 2
(0.438357 0.418527 0.0738219 0.0692939) 40816 81040 1
(0.249457 0.375819 0.179605 0.19512) 40914 81148 1
(0.102225 0.449506 0.0246599 0.423609) 40868 81056 1
(1.08923e-05 2.46082e-06 0.931634 0.0683531) 40816 186782 2
(0.174032 0.446909 0.289788 0.0892718) 40909 81137 1
(0.207669 0.187276 0.395904 0.209151) 41005 81332 2
(0.102835 0.493476 0.157372 0.246318) 40863 81133 1
(0.791339 0.104514 0.0914744 0.0126719) 40962 81244 1
(0.555497 0.162504 0.221414 0.0605844) 40909 81140 2
(0.418804 0.292591 0.251279 0.0373257) 40861 81044 1
(0.145544 0.476853 0.189995 0.187608) 40904 81128 1
(0.871458 0.068626 0.0535212 0.00639445) 40907 81221 2
(0.0953925 0.44527 0.450585 0.00875262) 40999 81320 2
(0.377698 0.210614 0.205493 0.206195) 40904 81216 1
(0.768849 0.118428 0.0920861 0.0206367) 40952 81311 1
(0.0621863 0.469427 0.134241 0.334146) 40953 81226 1
(0.191904 0.420019 0.259257 0.12882) 41045 81409 1
(0.274755 0.282891 0.311702 0.130652) 40950 81307 2
(0.427959 0.286167 0.131665 0.154209) 41048 81418 1
(0.445703 0.277356 0.275396 0.00154475) 40998 81403 1
(0.214445 0.341495 0.141066 0.302994) 40993 81305 2
(0.664945 0.167784 0.016082 0.15119) 41135 81589 1
(1.92627e-07 0.125163 0.874836 1.95195e-07) 40948 138354 1
(0.0404376 0.291642 0.189142 0.478778) 41045 81410 2
(0.418619 0.013018 0.290019 0.278343) 41043 81408 2
(0.0888031 0.159123 0.45476 0.297314) 40995 81312 2
(0.114642 0.155037 0.288188 0.442133) 41091 81502 2
(0.125226 0.700428 0.174316 2.99574e-05) 40992 138398 1
(0.127861 0.274071 0.398589 0.19948) 40995 81397 2
(0.324645 0.311796 0.316459 0.0470991) 40999 81405 2
(0.324162 0.352724 0.196277 0.126837) 40997 81401 1
(0.237682 0.381334 0.00626216 0.374722) 41039 81397 1
(0.0750559 0.68947 0.11769 0.117785) 40992 81392 1
(0.386503 0.0103957 0.0484451 0.554656) 40992 186958 2
(0.431212 0.292928 0.0575237 0.218336) 41040 81399 1
(0.197885 0.402141 0.0360931 0.36388) 41039 81400 1
(2.16285e-07 0.331475 0.668525 5.17925e-08) 41036 138442 1
(0.849814 0.0817227 0.029113 0.03935) 41083 81573 1
(0.357875 0.163416 0.236915 0.241795) 41080 81568 1
(0.22617 0.00814831 0.631224 0.134457) 41036 187002 2
(0.153324 0.378761 0.0455818 0.422333) 41140 81600 2
(0.636626 0.220705 0.0784316 0.0642368) 41081 81481 1
(0.251859 0.258853 0.115928 0.373361) 41083 81486 2
(0.0758298 0.452789 0.419068 0.0523137) 41085 81577 2
(0.533439 0.234178 0.14454 0.0878426) 41081 81482 1
(0.132079 0.43561 0.376252 0.0560599) 41081 81482 1
(0.414207 0.294788 0.0212486 0.269757) 41174 81667 1
(0.280718 0.360129 0.285951 0.0732017) 41125 81570 1
(0.373759 0.348369 0.239873 0.0379999) 41128 81575 1
(0.302937 0.365462 0.137436 0.194165) 41175 81757 1
(0.235546 0.375343 0.378522 0.0105896) 41124 138530 1
(0.272185 0.38167 0.25196 0.0941848) 41220 81759 1
(0.00732955 0.000182811 0.621566 0.370922) 41124 187090 2
(0.611424 0.195577 0.187823 0.00517502) 41170 81660 1
(0.331169 0.303882 0.043624 0.321326) 41267 81853 2
(0.287996 0.356469 0.282941 0.0725945) 41170 81660 1
(0.46485 0.267894 0.147738 0.119518) 41169 81660 1
(0.306956 0.347755 0.221624 0.123665) 41171 81662 1
(0.17801 0.215931 0.195376 0.410684) 41267 81854 2
(0.537384 0.105299 0.231163 0.126154) 41276 81874 2
(5.21843e-07 0.801194 0.198805 3.38729e-07) 41168 138574 1
(0.0145872 0.492376 0.139254 0.353783) 41169 81660 1
(0.523996 0.325744 0.0822503 0.0680102) 41212 81832 1
(2.86218e-07 3.68782e-07 0.400095 0.599904) 41212 187178 2
(0.615982 0.191607 0.191899 0.000511742) 41213 81748 2
(9.76486e-07 0.0975774 0.902421 2.17595e-07) 41212 138618 1
(0.922663 0.0144471 0.0358013 0.0270888) 41214 81835 2
(0.52085 0.239468 0.226967 0.0127154) 41212 81746 1
(0.636472 0.181836 0.0087967 0.172896) 41259 81838 1
(0.263614 0.367583 0.170543 0.198259) 41261 81842 1
(0.77975 0.111393 0.0918574 0.017) 41256 81834 1
(0.384175 0.318744 0.0668429 0.230239) 41311 82029 1
(0.182256 0.710017 0.0543083 0.053419) 41256 81920 1
(0.771688 0.0706749 0.0785379 0.0790994) 41300 82008 1
(0.114043 0.445187 0.0975334 0.343236) 41360 82039 1
(0.174346 0.00124918 0.694167 0.130238) 41300 187266 2
(0.123957 0.372371 0.0667114 0.436961) 41348 82016 2
(0.207672 0.00246071 0.3959 0.393967) 41402 82211 2
(0.266889 0.293493 0.439117 0.000500698) 41344 138750 1
(8.76372e-08 0.289745 0.710255 4.0546e-09) 41344 138750 1
(2.27992e-07 2.00134e-08 0.200693 0.799306) 41388 187354 2
(0.0253342 0.494752 0.242475 0.237439) 41446 82211 1
(2.40484e-07 0.899023 0.100976 1.27469e-08) 41388 138794 1
(0.268726 0.365663 0.218022 0.147589) 41401 82124 1
(0.0256294 0.00275024 0.574577 0.397044) 41388 187354 2
(0.850678 0.0894749 0.0318639 0.0279827) 41389 82185 1
(0.472277 0.263999 0.249577 0.0141475) 41391 82104 1
(0.0986346 0.49757 0.0827886 0.321006) 41392 82191 1
(0.0823857 0.138038 0.458518 0.321058) 41437 82196 2
(0.252723 0.640725 0.0508 0.0557517) 41388 82184 1
(0.17234 0.414933 0.408344 0.00438346) 41445 82210 1
(0.211957 0.201609 0.196531 0.389903) 41433 82186 2
(0.689785 0.144362 0.0481453 0.117707) 41433 82185 2
(0.589718 0.22612 0.0372453 0.146916) 41433 82185 1
(0.103065 0.480611 0.0573709 0.358952) 41477 82273 1
(0.0734481 0.463655 0.180763 0.282134) 41487 82294 1
(0.0428115 0.178437 0.433539 0.345212) 41433 82273 2
(0.133559 0.433642 0.260315 0.172484) 41486 82294 1
(0.225465 0.394759 0.218278 0.161498) 41489 82297 1
(0.137849 0.542565 0.207947 0.11164) 41477 82273 1
(3.31057e-09 5.2774e-09 0.255143 0.744857) 41476 187442 2
(0.0830197 0.290908 0.167335 0.458737) 41477 82274 2
(1.10706e-07 7.86363e-09 0.654843 0.345157) 41476 187442 2
(0.0213336 0.489959 0.0884517 0.400256) 41481 82282 1
(0.0918903 0.74188 0.0849299 0.0812997) 41520 82360 1
(0.75781 0.0928144 0.0290197 0.120356) 41528 82376 2
(0.26977 0.248553 0.320503 0.161174) 41478 82363 2
(0.321703 0.0212219 0.318027 0.339048) 41524 82368 2
(0.526835 0.16633 0.0703068 0.236528) 41524 82368 2
(0.462072 0.0599085 0.210187 0.267833) 41521 82362 2
(0.839079 0.0805549 0.0465935 0.0337725) 41524 82370 1
(0.208336 0.153278 0.38613 0.252257) 41528 82463 2
(0.349791 0.239318 0.0945516 0.31634) 41576 82471 2
(0.578786 0.223902 0.14897 0.0483415) 41522 82451 1
(0.438368 0.0378969 0.244801 0.278934) 41575 82469 2
(0.0708144 0.485995 0.21974 0.223451) 41526 82459 1
(0.263654 0.388592 0.12841 0.219344) 41526 82459 1
(0.438396 0.301547 0.0364679 0.223589) 41565 82449 1
(0.376012 0.108504 0.20422 0.311265) 41622 82564 2
(2.30022e-09 0.757065 0.242935 5.31072e-09) 41564 138970 1
(6.1117e-09 4.72855e-10 0.324761 0.675239) 41564 187530 2
(0.56228 0.219136 0.0849388 0.133645) 41567 82454 1
(0.209573 0.469962 0.163594 0.156872) 41565 82537 1
(0.0128281 0.514171 0.141913 0.331088) 41612 82543 1
(0.17909 0.0115925 0.41076 0.398557) 41611 82544 2
(0.0710118 0.173175 0.433016 0.322797) 41566 82539 2
(5.30484e-09 0.000237881 0.999762 5.90504e-09) 41564 138970 1
(1.01412e-07 0.967615 0.0323845 1.40488e-08) 41608 139014 1
(0.147236 0.355531 0.24935 0.247883) 41608 82536 1
(0.497105 0.120669 0.152416 0.22981) 41610 82539 2
(0.700861 0.0972553 0.0526651 0.149219) 41611 82542 2
(0.272539 0.363951 0.0885613 0.274949) 41617 82554 1
(0.374066 0.314151 0.0016449 0.310138) 41611 82544 1
(0.382121 0.315359 0.19955 0.10297) 41617 82641 1
(0.194071 0.0186316 0.401461 0.385837) 41619 82645 2
(0.0528126 0.479773 0.371509 0.0959048) 41608 82538 1
(0.0457493 0.0608247 0.473889 0.419537) 41617 82641 2
(0.0135843 0.0164222 0.490856 0.479137) 41611 82629 2
(0.220667 0.390095 0.281176 0.108061) 41666 82652 1
(0.785865 0.114272 0.0969491 0.00291294) 41660 82639 1
(1.17759e-08 5.38624e-09 0.494081 0.505919) 41652 187618 2
(0.477966 0.272068 0.094375 0.155591) 41660 82727 1
(0.0827914 0.429269 0.434802 0.0531373) 41661 82729 2
(0.0216241 0.225339 0.285384 0.467653) 41701 82721 2
(0.0585677 0.258137 0.259744 0.423551) 41698 82715 2
(0.210201 0.220836 0.394346 0.174617) 41706 82734 2
(0.905286 0.0503818 0.0414023 0.00292959) 41704 82727 1
(0.0639336 0.303205 0.456747 0.176114) 41708 82823 2
(0.0416026 0.482237 0.385682 0.0904792) 41696 82714 1
(1.87335e-08 5.41012e-09 0.968728 0.031272) 41696 187662 2
(0.0801894 0.361885 0.278896 0.27903) 41740 82800 1
(0.827444 0.0535988 0.0863836 0.0325736) 41750 82822 2
(0.61341 0.193001 0.0831322 0.110457) 41742 82806 1
(0.028398 0.487014 0.119129 0.365459) 41745 82812 1
(0.228764 0.0146706 0.385029 0.371536) 41742 82891 2
(0.159901 0.110008 0.407484 0.322607) 41744 82895 2
(0.860681 0.0696804 0.0135357 0.0561028) 40771 80863 1
(0.626455 0.0229593 0.186478 0.164108) 41020 81362 2
(0.253686 0.375742 0.125271 0.2453) 41237 81793 1
(0.603137 0.199285 0.0380701 0.159508) 41501 82321 1
(0.247842 0.382745 0.0990816 0.270332) 41638 82683 1
)


// ************************************************************************* //
