247.293
425.74
458.816
506.941
507.176
485.952
485.931
355.831
507.078
489.103
490.527
288.907
507.406
504.84
404.014
507.097
474.295
507.097
407.233
507.249
480.511
506.77
505.773
506.883
413.663
497.101
507.09
484.069
269.645
423.172
504.441
464.471
429.32
507.734
489.869
505.011
429.32
390.206
435.229
435.229
507.541
505.744
228.47
502.127
507.188
475.119
475.119
406.969
496.645
508.163
497.359
508.171
506.783
508.253
497.359
507.949
484.212
498.659
508.248
508.731
508.882
487.557
419.323
462.761
508.071
423.709
595.993
592.164
593.804
591.079
592.612
592.193
594.147
591.728
592.754
592.758
592.289
591.917
590.648
591.136
590.612
590.395
587.105
589.713
589.575
589.205
588.989
589.002
588.433
588.148
587.764
587.346
587.059
588.123
587.5
586.961
586.166
586.602
587.849
586.009
586.009
586.42
586.535
587.073
586.957
587.015
586.608
586.952
586.747
586.261
586.365
586.685
586.304
586.3
586.363
586.792
586.967
586.931
586.733
586.429
586.944
586.691
586.561
586.535
586.56
586.528
586.628
586.534
586.561
586.53
586.572
586.59
586.744
586.555
586.552
586.569
586.666
586.571
586.569
586.561
596.629
597.812
593.199
593.565
591.674
592.811
593.799
592.145
593.91
592.183
592.876
592.098
594.535
593.882
593.978
592.523
596.457
594.5
594.934
595.024
592.781
593.149
596.633
594.719
594.416
592.844
593.916
594.447
594.792
594.462
594.802
594.793
595.228
595.762
596.468
593.022
594.615
592.518
596.371
594.889
593.197
593.426
592.709
594.753
593.148
593.148
593.533
594.6
593.477
594.996
592.62
584.173
504.448
541.752
540.311
542.138
530.993
549.421
547.387
591.056
552.096
558.558
563.179
561.817
570.607
567.992
567.538
576.029
576.633
572.106
575.835
575.832
580.535
577.115
586.029
577.946
580.124
590.121
579.835
580.673
582.899
584.076
588.915
584.241
588.915
585.799
586.89
587.088
586.335
586.239
586.494
588.156
589.834
589.699
589.064
590.565
589.876
589.743
589.625
591.078
590.614
590.65
591.108
593.399
590.883
591.105
592.699
592.601
591.409
591.86
230.813
509.936
504.115
509.955
504.115
504.115
511.01
511.449
511.437
497.088
512.406
511.741
508.082
514.775
482.94
515.628
516.345
512.444
516.54
516.545
456.642
488.913
516.54
417.223
521.558
522.338
522.555
522.513
522.535
520.108
520.108
525.55
484.667
529.782
531.638
533.189
525.768
537.096
248.943
220.528
246.113
258.041
315.3
252.566
238.878
272.174
257.7
245.99
288.314
321.26
234.532
345.522
258.279
275.626
307.029
348.112
419.721
419.721
310.653
350.732
487.882
499.804
426.072
489.562
444.957
479.232
466.926
501.024
426.072
429.235
429.235
358.733
483.519
469.615
491.116
501.544
408.492
469.615
493.858
472.216
498.631
411.6
340.528
435.535
364.157
501.08
386.568
341.937
474.721
281.725
495.058
487.313
258.743
495.058
252.558
259.408
460.007
395.487
490.609
465.663
503.173
346.866
324.873
304.506
483.668
493.426
503.464
427.254
375.209
471.027
494.666
499.62
451.081
503.536
230.597
404.557
454.061
433.556
502.644
500.293
504.268
476.033
496.833
383.717
457.046
489.135
459.983
490.714
232.054
490.714
504.523
504.851
504.523
443.021
362.174
484.748
504.193
494.757
247.444
486.629
449.266
471.081
367.487
319.406
240.474
488.387
473.646
370.192
488.387
501.316
398.455
505.518
497.857
505.518
236.371
321.406
455.398
501.835
375.706
235.011
458.4
404.571
491.537
247.423
498.71
502.304
325.511
411.223
355.583
461.346
247.698
436.07
461.346
492.934
494.219
500.185
247.818
505.742
500.819
484.828
500.819
467.032
500.819
336.314
505.871
420.389
334.109
393.158
469.752
488.452
488.452
423.626
490.079
368.236
474.902
502.38
343.318
491.585
491.585
502.803
458.098
502.803
503.186
504.749
430.143
495.422
492.974
376.636
505.729
495.422
495.422
505.274
485.763
501.711
439.941
382.449
411.952
504.393
497.467
506.35
505.552
505.552
388.43
504.627
490.791
452.735
329.466
499.268
492.227
505.034
505.785
503.428
394.571
434.966
369.243
502.227
338.549
434.966
504.595
438.259
502.683
488.949
441.532
505.907
444.776
410.537
410.537
286.588
506.016
503.474
490.496
503.474
503.474
500.172
493.252
454.242
494.471
454.242
494.471
479.736
506.748
505.722
501.404
501.941
423.881
504.678
427.071
504.919
504.919
502.431
506.882
465.895
487.392
503.284
498.425
498.425
498.425
364.383
399.477
471.154
499.938
272.979
473.62
507.028
473.62
367.209
491.907
507.036
475.971
506.02
478.203
449.822
501.771
412.505
505.112
502.28
506.294
505.338
496.484
378.932
507.054
219.184
220.582
219.659
222.204
222.692
234.944
234.944
226.077
314.278
266.713
316.216
326.094
325.766
296.207
307.233
343.109
297.22
295.221
353.927
366.738
361.302
320.678
363.131
298.289
280.82
330.031
356.98
290.682
366.738
366.738
228.162
334.061
282.062
366.738
351.161
291.526
368.425
332.065
370.479
370.479
298.243
360.131
367.302
360.131
267.736
319.016
374.358
356.926
354.003
374.358
302.601
345.857
323.353
292.444
301.471
354.003
386.792
382.517
359.927
284.683
382.517
282.708
248.471
363.008
237.324
351.057
293.274
356.531
329.71
293.094
353.759
391.193
263.601
251.253
390.505
258.515
320.06
386.392
372.7
396.7
395.71
392.787
232.589
347.939
320.06
276.976
400.336
400.336
298.068
294.181
405.055
394.697
335.771
384.719
350.459
232.582
398.961
405.055
304.98
406.788
398.961
300.201
411.212
406.397
343.095
411.072
403.282
353.049
409.854
409.854
414.714
411.072
300.208
396.393
414.714
419.615
342.397
270.582
414.714
335.771
312.902
403.282
414.714
419.615
396.393
312.902
301.323
386.576
420.521
424.531
299.117
361.227
347.155
255.327
404.402
381.121
397.527
349.64
349.64
434.311
434.311
367.021
439.192
412.491
352.198
367.021
434.613
320.898
384.465
425.226
384.465
354.826
260.094
370.016
439.192
314.389
337.11
439.192
370.016
433.84
438.042
429.561
280.826
439.192
443.833
448.428
293.497
354.826
347.155
260.269
232.524
448.428
391.287
302.522
452.875
424.559
448.036
281.481
452.875
246.471
442.155
282.07
452.875
428.516
360.292
442.155
366.022
461.237
436.263
465.113
401.759
465.113
465.113
423.624
405.283
465.113
368.977
465.113
408.812
351.79
427.286
308.989
392.434
468.764
371.986
447.328
472.182
430.906
475.361
412.337
415.851
354.462
244.172
475.361
378.143
460.935
475.361
357.196
478.301
478.301
478.301
357.196
268.004
359.99
437.995
476.719
402.493
457.558
483.476
483.476
457.558
485.728
301.216
241.701
365.735
316.913
487.771
409.217
489.619
478.608
412.567
318.702
489.619
344.394
234.677
388.028
454.616
419.225
439.676
419.225
269.684
489.954
489.954
419.225
472.405
492.787
475.011
442.924
236.892
290.795
422.526
491.547
380.73
422.526
485.293
487.211
380.73
487.211
279.64
380.73
463.677
252.494
495.351
425.805
383.791
425.805
383.791
252.514
406.937
406.928
326.566
239.169
249.047
496.441
496.441
432.293
482.046
495.479
469.275
410.137
469.275
497.42
497.42
496.546
294.002
498.3
294.008
455.411
271.265
295.203
311.681
486.07
497.509
272.976
283.659
261.889
286.477
287.225
259.293
287.183
274.302
286.796
290.431
285.16
287.254
287.183
283.857
249.795
288.142
289.959
286.044
287.475
278.653
288.171
278.653
286.421
289.426
273.438
289.839
290.431
290.431
288.721
282.694
249.503
289.036
265.508
234.835
270.695
291.417
253.226
291.842
292.803
280.873
293.329
291.83
269.573
283.147
299.833
281.938
287.747
263.414
286.232
293.754
295.388
293.317
277.699
291.898
296.2
271.255
295.801
268.475
299.343
296.206
268.48
285.739
296.822
297.713
293.451
297.715
298.865
292.518
265.956
292.525
297.082
254.879
292.76
299.833
275.086
246.746
300.931
299.155
294.977
288.58
300.312
289.445
300.406
297.145
302.099
300.933
270.844
302.094
274.529
296.371
299.278
308.561
299.277
299.277
303.293
262.841
281.287
280.833
290.525
306.579
304.532
298.5
303.958
304.532
296.377
281.694
295.587
305.816
298.592
303.881
277.433
305.108
306.559
305.108
306.194
292.794
287.439
304.042
306.738
308.561
307.817
310.853
307.976
259.762
305.352
304.308
294.193
282.189
310.018
302.001
307.929
309.365
311.514
307.817
311.522
250.199
311.514
273.925
311.521
273.926
284.345
311.713
301.337
260.623
309.138
256.557
301.337
312.372
314.669
309.516
292.189
314.672
307.205
302.593
281.362
313.811
265.323
298.483
317.247
271.157
316.34
284.151
293.518
312.505
270.686
318.027
312.757
292.574
304.016
314.069
318.43
318.027
310.027
314.069
319.791
315.672
321.608
319.791
251.021
320.764
315.672
307.001
320.764
320.764
303.035
322.908
313.01
296.642
323.492
290.825
323.492
322.389
272.593
322.389
324.528
319.04
272.594
242.858
325.441
324.528
327.471
327.471
326.519
327.471
324.292
327.471
322.644
312.04
329.576
273.088
329.577
331.775
251.827
331.775
321.342
259.033
334.062
334.062
336.452
259.271
336.452
263.401
336.656
335.313
328.578
323.368
318.43
336.609
263.72
337.746
337.746
337.778
340.295
275.2
337.804
281.713
264.045
340.288
341.543
340.288
341.543
320.205
344.255
297.624
337.385
329.15
329.15
342.934
329.15
298.014
270.078
339.889
276.201
314.869
314.09
345.696
260.298
347.087
347.087
337.618
346.3
333.491
339.606
342.498
348.722
350.038
350.038
345.209
340.098
291.62
340.098
291.516
276.943
350.038
291.866
341.212
260.557
300.925
353.117
301.046
293.067
329.747
350.96
285.203
302.099
271.655
356.322
356.322
359.661
285.95
354.004
331.854
354.004
340.973
219.244
225.914
232.423
232.527
222.593