/*--------------------------------*- C++ -*----------------------------------*\
  =========                 |
  \\      /  F ield         | OpenFOAM: The Open Source CFD Toolbox
   \\    /   O peration     | Website:  https://openfoam.org
    \\  /    A nd           | Version:  7
     \\/     M anipulation  |
\*---------------------------------------------------------------------------*/
FoamFile
{
    version     2.0;
    format      ascii;
    class       vectorField;
    location    "0.7/lagrangian/reactingCloud1";
    object      U;
}
// * * * * * * * * * * * * * * * * * * * * * * * * * * * * * * * * * * * * * //


2581
(
(127.701 23.9362 0.000690869)
(133.952 19.4914 0.000577876)
(136.649 19.7463 -5.43377e-05)
(139.246 5.61834 -2.75522e-05)
(141.299 9.15632 -0.000818974)
(141.346 2.96214 -0.000287315)
(147.378 17.3443 12.695)
(144.008 5.39058 -0.000354295)
(150.101 12.6624 -0.000139703)
(155.153 15.7819 -0.000123162)
(145.774 0.731089 -3.1278e-08)
(150.263 6.64882 -0.000231815)
(154.189 7.82219 -4.96841e-05)
(149.922 4.21096 -0.000608522)
(155.084 5.66196 -0.00190808)
(156.468 4.8636 -0.0021572)
(157.192 3.44509 0.000409541)
(157.326 1.63919 0.000708339)
(151.133 1.63614 -5.93582e-05)
(153.87 2.39803 0.000115018)
(152.081 1.54649 -0.000173963)
(152.418 1.45315 -9.25425e-05)
(154.282 1.27679 1.26852e-05)
(154.094 1.11424 -0.000708019)
(153.269 1.05843 -0.000273996)
(154.549 -0.0476988 -6.38764e-05)
(152.636 0.415406 2.75881e-06)
(153.711 0.567476 4.31579e-06)
(154.023 0.140235 -2.43112e-05)
(150.406 10.6125 11.7288)
(153.4 0.471379 -5.77517e-06)
(153.561 0.345281 -2.71e-05)
(153.724 0.111137 -3.03482e-05)
(153.633 0.132199 -1.6999e-05)
(153.65 -0.037492 2.11631e-05)
(153.582 -0.234546 1.26784e-05)
(153.559 -0.144663 1.18262e-06)
(153.44 0.159362 9.0715e-06)
(153.475 0.0715511 3.64406e-05)
(153.366 0.0890441 3.70398e-07)
(153.41 0.182106 7.90773e-06)
(153.432 -0.27585 2.52133e-06)
(-2.69477 -1.5304 -2.18777)
(-6.16463 1.67983 -0.207488)
(98.2415 -28.2818 -5.88119)
(46.9384 0.475829 1.47437)
(139.141 -28.303 0.00446966)
(111.685 -26.8557 1.93166)
(112.56 -25.803 3.25293)
(123.099 -26.3517 0.0012381)
(150.894 -10.6102 0.00015067)
(139.645 -15.4992 0.00165498)
(117.223 -22.0112 -3.66646e-05)
(132.404 -16.109 -5.61332e-06)
(126.191 -17.2985 0.0020943)
(105.358 -17.1984 -2.27639)
(138.993 -3.54711 0.00026639)
(117.023 -15.8404 0.00297747)
(115.792 -8.89528 6.2367)
(114.575 -14.114 -0.000145095)
(98.979 -7.63363 1.6188)
(122.686 -9.35366 -3.46014e-05)
(116.013 -10.7716 0.00143428)
(107.12 -10.3887 -8.86499e-05)
(115.049 -9.09779 0.00163383)
(108.918 -7.0519 -5.18344e-05)
(74.0858 -5.43691 7.48347)
(72.3141 6.77446 4.42017)
(28.4458 12.3023 0.110272)
(94.8664 -1.32472 -0.244602)
(121.423 -3.03985 -1.07116e-05)
(118.416 -3.75601 -4.02292e-05)
(112.971 -3.7168 -0.000148308)
(118.939 -2.89113 -1.01035e-05)
(112.136 -3.04526 -9.25464e-05)
(108.578 -7.5397 -3.3273)
(113.755 -1.64398 -6.18253e-05)
(107.217 1.01395 -0.000193025)
(114.535 -0.750829 0.00026245)
(109.071 1.48563 -0.000136548)
(113.738 0.33019 0.00118287)
(41.8648 4.21956 -0.549755)
(94.892 11.1345 0.476627)
(106.256 10.9078 3.233)
(109.427 3.7674 -1.99016e-05)
(113.419 2.3475 0.000692253)
(109.66 4.92883 0.00051638)
(118.175 1.25706 1.66548e-05)
(113.456 4.03875 0.000237479)
(112.038 4.99777 0.000159002)
(116.384 4.01659 0.000754549)
(111.076 5.99548 0.000633369)
(117.082 4.95349 0.000100365)
(117.853 5.39627 1.2139e-05)
(121.456 3.72432 -2.78168e-05)
(114.727 7.93179 1.11819e-05)
(122.392 3.8361 -2.81898e-05)
(120.665 6.24196 -2.65946e-06)
(111.273 9.46885 0.00269865)
(114.01 11.2349 0.00283159)
(126.045 1.53308 -4.78154e-06)
(120.925 10.6182 0.000610455)
(113.559 13.517 0.00034992)
(119.059 13.9635 0.00112104)
(127.672 5.11462 0.000383348)
(110.045 15.4188 -7.83886)
(126.427 12.9915 -6.60535e-05)
(128.287 13.4491 0.00013813)
(131.373 11.4824 8.66244e-05)
(131.119 15.5524 0.000907848)
(291.07 -27.4335 5.46173)
(272.82 -22.3303 5.74533e-05)
(255.543 -12.1571 -0.000102702)
(224.171 -49.7098 -2.45385)
(246.509 -8.71483 -4.55094e-05)
(205.498 -48.8466 2.66544)
(210.606 -46.8495 -4.71838)
(203.297 -29.1935 3.00249e-05)
(194.877 -29.3549 0.000778594)
(156.162 -43.8706 3.16913)
(163.316 -46.777 2.56764)
(190.514 -27.2415 0.00182095)
(179.942 -20.2309 1.59955e-05)
(169.406 -29.5484 0.000557976)
(166.665 -28.0544 0.00270656)
(157.513 -35.8875 0.000739556)
(121.81 -25.3163 -1.10916)
(149.31 -31.6462 -5.45787e-05)
(145.109 -30.3547 8.01401e-05)
(401.494 -6.0672 0.238846)
(305.63 20.0662 -10.56)
(407.259 -0.11688 0.934377)
(402.391 -0.977201 -9.61915e-06)
(394.867 -1.33363 -0.000185681)
(392.454 -4.36482 0.0149473)
(389.205 -1.32127 -7.97018e-05)
(387.795 -3.46868 0.0269113)
(362.48 -6.16611 -0.000834099)
(348.528 -16.9466 -0.730045)
(347.427 -7.57623 6.18246e-06)
(342.434 -6.77045 -0.000698352)
(331.748 -20.0244 -6.18378)
(334.332 -7.46339 -5.58174e-05)
(400.1 1.6531 -16.5421)
(439.393 0.157305 2.73183e-05)
(441.347 0.0651127 -0.658576)
(402.268 1.73565 0.0517899)
(435.892 -7.86393 0.128455)
(433.058 -3.25503 -11.3471)
(427.645 1.94016 1.40324)
(426.058 2.16562 0.233212)
(422.696 -1.33224 -1.3362)
(415.061 3.10273 -0.778795)
(415.01 -0.447646 -0.419589)
(415.622 1.80249 -8.68706)
(396.163 -8.24255 -5.29994)
(408.274 -0.232766 -1.76225e-05)
(441.8 -0.0613538 0.151532)
(409.867 -4.95989 2.91933)
(442.973 -0.041484 -1.63698e-06)
(435.026 -0.770512 0.287196)
(374.31 25.6539 21.3446)
(439.934 5.77473 -4.24037)
(435.699 2.10903 -0.824601)
(347.212 1.70301 7.13976)
(442.546 -0.0335971 2.55404e-06)
(373.028 22.2464 18.3829)
(440.684 -4.84574 0.576344)
(453.75 -19.8223 1.62357)
(449.641 -4.85642 -2.32606)
(438.794 -0.91006 -0.123865)
(435.797 -13.721 -22.7275)
(355.919 10.1541 -2.80204)
(441.591 0.000217841 2.365e-05)
(441.462 0.106629 -1.61823)
(440.977 0.184023 8.58019e-05)
(434.721 4.9147 5.35422)
(391.545 12.3065 4.24603)
(440.391 -1.2291 1.10648)
(446.043 7.81502 2.51058)
(439.984 0.556579 -3.88228e-06)
(440.166 0.452032 -6.88003e-08)
(449.682 -0.30275 -4.44396)
(445.215 -0.065734 0.553234)
(446.781 -2.27091 -3.62487)
(444.598 -0.0479256 -0.322994)
(450.085 -1.5893 -2.08961)
(435.639 -4.11337 -3.94498)
(370.602 8.93643 1.56076)
(446.22 0.0243084 -3.39644e-09)
(445.027 -0.0316628 -0.328654)
(443.364 -1.01444 -1.02354)
(445.93 0.0357567 -1.21405e-06)
(446.105 0.0226022 6.67132e-08)
(446.308 -0.943013 -1.6723)
(368.158 14.6597 -2.176)
(445.42 0.0501416 -1.26413e-06)
(430.821 5.69655 -3.9037)
(417.601 -2.18365 12.0228)
(382.3 -7.08424 -3.60474)
(445.167 0.0441116 -2.93818e-07)
(445.598 0.00549694 -5.12905e-08)
(444.672 0.0337716 -1.80771e-07)
(416.961 0.204953 -0.708896)
(435.475 -3.98249 -0.848125)
(375.045 10.0584 -0.602206)
(443.203 0.363399 -0.413983)
(415.443 -9.00271 3.06837)
(442.264 0.0879408 -0.163585)
(438.449 1.39149 6.12385)
(443.304 -0.0424669 1.01989e-06)
(429.591 -0.661914 -0.368511)
(443.504 -0.0215598 3.4518e-07)
(449.256 -1.32736 10.3252)
(452.263 -4.01641 2.77538)
(446.878 1.49917 1.95206)
(442.262 -2.33126 3.37574)
(451.001 -0.0752807 -1.72686)
(449.224 0.763519 -2.97985)
(449.457 -0.393506 -0.733529)
(449.18 1.56618 -5.71004)
(356.762 16.5809 9.12643)
(415.147 1.02007 0.590533)
(397.485 3.60686 4.1725)
(380.594 5.43023 -9.23439)
(445.163 -10.0233 -14.5939)
(442.169 -7.70421 3.00126)
(451.33 -2.27894 -1.66397)
(409.098 10.4848 -4.4199)
(441.451 -2.11166 1.0602)
(451.367 3.9371 -6.38842)
(448.354 -3.96577 -3.54694)
(449.145 5.56862 2.59328)
(433.368 -8.94731 -2.60216)
(447.378 0.00719683 -1.90199e-07)
(447.486 0.00470921 3.14105e-08)
(448.66 -0.397097 -1.3805)
(451.13 -5.12168 2.87777)
(443.603 -3.33486 -1.8167)
(439.722 -2.85112 2.22554)
(446.975 0.0162661 -7.75652e-09)
(446.711 0.0228257 -3.07762e-08)
(446.91 2.15971 -0.801193)
(422.117 1.72042 19.9906)
(447.558 -14.3284 13.8134)
(446.673 0.0264499 1.54757e-06)
(447.158 0.00761952 -4.62831e-08)
(446.441 0.0355163 -4.46382e-07)
(412.615 0.520646 -1.55257)
(432.754 -0.557498 -1.17178)
(357.303 15.7883 -1.69684)
(443.814 -1.73117 -3.62112)
(431.232 -2.29779 -10.0899)
(437.509 -3.01223 -9.74453)
(342 1.50471 -3.04751)
(351.576 7.12716 -8.81127)
(439.939 -1.20997 4.60256)
(431.829 -15.2601 3.11642)
(442.992 -4.97986 -3.04929)
(377.613 -4.24074 -2.8616)
(442.201 -0.612671 -1.15916)
(439.228 -2.73655 -5.98146)
(439.527 -2.89804 -5.1836)
(416.513 3.20448 -0.757271)
(447.359 -1.16679 -5.10718)
(448.187 0.0595819 -1.43127)
(449.815 1.11911 -3.56403)
(445.157 0.339875 3.43757)
(448.717 -2.17633 3.31421)
(447.54 0.359062 2.81627)
(449.328 0.647851 0.833943)
(442.386 -2.64024 -2.29719)
(447.226 -0.375574 -5.3894)
(446.586 -6.54346 10.6775)
(446.195 3.01864 2.87317)
(448.479 1.23809 -3.57657)
(446.259 1.6746 -2.23169)
(449.095 0.947016 -1.06277)
(450.622 0.963416 2.04211)
(448.904 0.146693 -2.80205)
(446.406 1.23365 -0.31269)
(447.458 -1.29523 -1.47215)
(447.986 -0.803122 -0.755999)
(448.197 -4.55822 0.0722271)
(450.321 -3.57752 1.16434)
(447.939 0.495401 1.0011)
(447.243 0.579888 1.56656)
(441.782 -0.457516 -2.20148)
(451.457 -1.49207 -4.32354)
(447.072 -0.54557 2.81059)
(447.485 0.918727 -1.15002)
(447.44 1.81545 4.14328)
(448.044 2.58624 -3.96846)
(406.738 -3.48191 12.8484)
(446.857 -0.154815 -0.391916)
(384.05 0.441377 -0.465218)
(454.037 2.35887 3.48695)
(448.89 -0.270488 0.956317)
(402.999 4.52878 -20.4613)
(449.862 -12.0412 -5.7386)
(387.436 -1.86829 5.26657)
(449.721 1.2669 3.18103)
(451.378 -13.4538 -14.3415)
(445.516 -9.08508 0.71851)
(441.479 -3.67581 -0.330369)
(446.78 -0.31457 -0.828832)
(450.57 1.13889 -0.342714)
(448.88 -15.6284 0.281278)
(447.428 0.482855 1.48953)
(425.08 0.498742 -0.458223)
(414.473 -1.90308 0.322807)
(432.814 0.0474292 -3.64076)
(448.318 -0.436106 0.998334)
(447.738 -2.04634 -1.0952)
(447.95 0.00200607 1.43438e-09)
(409.475 11.3148 6.05238)
(445.077 -11.0028 -11.4317)
(416.481 -4.60102 4.95687)
(450.436 1.01692 -2.93907)
(435.521 -5.35003 -3.44418)
(447.859 0.00306284 1.05005e-08)
(445.393 -2.36206 0.799082)
(416.294 -4.55257 1.22885)
(447.749 -1.29855 0.332206)
(403.598 4.63141 13.4747)
(447.579 0.00611421 1.75807e-06)
(447.588 0.006529 5.77582e-08)
(450.733 -10.2874 -7.41375)
(405.931 1.45266 -2.21533)
(323.72 -2.65062 -6.38557)
(425.383 4.78655 5.34896)
(457.195 -9.15524 -1.98989)
(427.585 -6.1694 5.7223)
(453.655 -2.40372 3.70101)
(408.479 7.60102 5.42763)
(435.359 0.233767 0.891118)
(403.531 -3.52524 -1.2766)
(447.425 0.00722012 5.28017e-07)
(390.572 8.60157 -8.97292)
(447.713 0.0041621 4.714e-08)
(430.76 -0.416974 2.36721)
(396.066 8.58708 -14.6502)
(447.347 0.00899555 -1.44885e-06)
(423.51 0.597501 -0.902003)
(447.541 -0.944397 1.13305)
(436.113 -1.25888 -11.0526)
(444.398 -16.0795 -7.98675)
(399.648 -4.40726 3.59498)
(428.444 -5.94182 -2.08824)
(447.462 0.00634202 6.37581e-07)
(449.27 4.62404 1.17888)
(450.117 -5.82128 -3.40864)
(447.381 0.00704 -2.04765e-09)
(447.547 -1.25878 -0.793442)
(446.985 1.26925 0.989404)
(449.662 3.26669 -0.260977)
(447.998 0.116588 0.289181)
(450.633 1.22155 6.48295)
(450.253 -0.776917 -0.632359)
(449.536 -1.48901 -2.6943)
(448.729 -0.814347 0.963926)
(447.488 -0.346009 -1.27341)
(449.774 -0.134057 -1.08826)
(451.405 3.94999 -2.15071)
(443.475 -0.185426 -2.31949)
(448.174 0.0682854 3.45202)
(447.007 -0.0627094 0.724553)
(446.497 0.490657 -3.67777)
(446.403 0.152946 2.04431)
(448.202 -0.961159 0.899045)
(448.077 -0.513814 6.17756)
(451.869 -0.696307 4.42254)
(448.34 -2.19197 2.14907)
(444.127 -0.855777 2.40028)
(448.005 0.428183 0.387677)
(442.79 0.55235 -5.14487)
(449.143 0.596713 -4.79016)
(448.088 0.0855671 -0.0882017)
(447.878 0.017127 0.318782)
(445.532 -0.685089 -7.30922)
(448.27 0.353452 0.982849)
(448.305 0.738264 1.37704)
(447.013 0.211703 -1.13723)
(452.368 -0.762874 -9.35819)
(443.45 -0.182801 3.71565)
(449.73 0.0156677 -2.41587)
(445.772 0.771855 -1.74689)
(447.743 -0.181437 -3.75195)
(442.399 0.402772 -1.93113)
(448.176 -0.031495 -0.39158)
(448.22 -0.13215 -0.124626)
(453.082 0.0824047 -0.950183)
(449.299 3.65318 -2.92275)
(446.685 1.35231 6.41828)
(447.927 -1.31675 1.70439)
(448.112 0.946148 -1.20373)
(451.243 0.196746 3.47429)
(447.977 -0.995725 1.11433)
(446.391 -0.81526 -7.50805)
(447.821 1.90088 -3.27254)
(448.797 0.477114 2.51152)
(451.712 0.718345 2.42106)
(451.025 -0.161898 0.857659)
(452.039 -0.600717 1.70006)
(446.928 0.747571 -0.672607)
(448.611 1.7255 2.92906)
(448.614 1.25534 -0.637793)
(444.979 -1.01308 -2.91157)
(448.727 1.74978 -2.33398)
(447.135 0.0571853 2.00666)
(447.795 0.169369 -1.25824)
(446.578 0.00160204 3.74379)
(448.182 0.0560255 -0.0701485)
(447.816 0.152793 -0.493702)
(448.254 0.457393 -1.94674)
(449.002 -1.67251 -1.5737)
(399.652 -4.6301 -3.12627)
(404.357 -0.718294 0.0462532)
(396.797 3.64915 10.6579)
(440.641 1.62465 -0.564427)
(395.191 -12.5802 5.08758)
(372.389 18.5637 20.2995)
(446.378 -2.19769 -2.80647)
(455.95 -13.7978 5.95742)
(447.972 0.316922 0.873454)
(462.816 -10.8271 0.925691)
(416.621 -2.96219 -6.84588)
(425.759 -23.7411 7.41538)
(446.103 -4.10484 0.207504)
(421.163 -0.934929 0.98966)
(446.09 -0.0471728 -0.229716)
(449.555 0.046691 -1.0367)
(447.714 -3.5334 1.98893)
(432.463 -5.3416 -7.93053)
(450.006 -8.09833 -8.63076)
(448.912 -1.53545 2.26392)
(366.99 9.2493 8.34028)
(420.332 -0.583978 0.130342)
(445.123 -1.46007 2.08073)
(413.697 0.863961 -3.63117)
(390.585 11.3479 3.90028)
(413.184 8.72613 12.5622)
(391.428 4.88456 -3.61085)
(440.614 -0.494498 0.393291)
(446.224 -0.568316 5.41555)
(449.686 -1.77184 0.674462)
(441.18 -2.60911 2.06092)
(351.257 -1.68124 1.1024)
(354.679 2.69112 1.1806)
(444.875 -0.485755 0.865007)
(370.739 0.805856 -3.77496)
(449.156 -12.4667 1.43415)
(443.443 -0.226008 -2.40087)
(409.554 15.4986 -11.6437)
(448.453 -0.716108 1.07597)
(400.878 3.58237 4.59262)
(406.779 0.952224 4.43494)
(458.047 -3.26719 0.394218)
(445.476 -3.4382 -2.41125)
(398.232 11.9452 1.88087)
(443.248 -14.4699 -6.02091)
(415.61 -0.42889 -0.0286504)
(434.862 7.48152 1.79997)
(414.303 -3.89387 -3.20042)
(380.744 7.40003 14.3109)
(445.977 -4.05469 0.330536)
(419.096 -1.92157 -0.786786)
(446.598 -9.80405 -4.08627)
(436.533 -2.20938 -17.8613)
(450.119 -5.11944 -4.08332)
(436.468 -2.83077 1.96777)
(441.026 1.62531 -4.37295)
(446.635 -1.10215 0.12126)
(450.181 -13.9082 -7.16579)
(444.421 1.04714 -4.40954)
(440.858 -7.64139 -0.747298)
(435.922 -0.884199 0.910589)
(449.163 -0.429635 -4.2825)
(332.425 7.38599 -2.41776)
(445.721 2.73631 0.824555)
(390.243 2.6615 3.23603)
(432.635 -0.903135 -0.214679)
(402.518 1.18461 0.967794)
(437.879 2.24929 5.32558)
(447.834 0.00309238 1.56793e-07)
(449.828 -12.3018 -4.97898)
(447.809 0.00339704 8.00789e-08)
(452.653 -4.24258 4.14103)
(450.882 0.892779 -1.24145)
(446.424 -0.837196 4.98618)
(448.582 0.392397 -0.851789)
(446.81 -0.456593 3.16067)
(448.251 0.334032 -1.00509)
(446.044 -0.562105 -5.13135)
(447.973 0.117861 -0.625122)
(447.756 -0.665776 -2.08186)
(449.042 0.0296159 1.24321)
(448.98 0.16184 -2.06545)
(449.46 0.157913 -2.94173)
(449.424 0.209711 4.53031)
(447.915 -0.276087 -6.27394)
(448.609 -0.402352 1.09404)
(449.297 -0.150115 0.849383)
(443.379 -1.683 -2.40585)
(449.547 -0.164199 7.09633)
(446.636 -2.49865 -2.434)
(435.556 0.81222 -2.79936)
(441.268 -1.22964 3.26074)
(449.228 -0.332472 -1.06264)
(447.865 -0.0605951 -0.345975)
(445.85 0.351804 1.83468)
(449.285 0.600741 1.69567)
(448.179 0.617946 -1.35923)
(450.359 -0.450575 -0.705269)
(448.242 -0.0492484 -0.723804)
(450.089 1.52673 2.34039)
(449.501 0.0214795 1.46348)
(448.952 0.234577 0.953301)
(449.354 -0.409694 -0.491684)
(449.179 4.38192 -4.72819)
(445.504 2.88407 5.9652)
(447.982 0.0990537 -0.698952)
(448.165 0.659429 -4.58693)
(450.883 0.00909784 -0.486147)
(448.438 0.191402 0.302863)
(450.049 0.241911 -1.66704)
(447.854 -0.000293075 2.52865)
(450.469 -0.159975 -1.55695)
(446.771 -0.139807 -1.11978)
(447.472 1.01816 1.30874)
(446.085 -0.136329 -1.20965)
(449.569 1.49772 -1.81802)
(449.551 -0.116731 -1.73806)
(444.46 0.0789633 -1.28336)
(444.44 -0.133923 -2.93502)
(446.326 0.115388 1.53168)
(447.489 1.73085 3.16837)
(448.841 0.182856 -1.08996)
(443.93 -0.54498 -2.5102)
(446.363 0.0356192 -1.6349)
(444.828 1.98569 1.59088)
(447.383 0.208018 -0.309456)
(449.204 2.21526 6.38767)
(447.928 -0.222819 0.399133)
(453.133 0.51417 3.5834)
(450.561 0.956104 1.04488)
(447.438 -0.537871 2.99457)
(452.426 2.39871 -10.7684)
(448.256 -0.0931139 -1.01913)
(447.841 -1.05064 -0.386567)
(448.724 0.134103 0.745179)
(448.793 -0.316691 -1.51047)
(445.691 -0.815935 -5.71299)
(447.43 -1.08115 -0.760937)
(448.454 6.41987 -7.59262)
(447.736 -0.199665 -2.86695)
(446.103 1.55535 -3.65731)
(449.086 -0.4649 0.382278)
(447.78 0.110977 -0.111615)
(449.467 -0.656197 0.79271)
(446.513 0.00725272 1.35248)
(448.203 -0.752839 2.49178)
(451.434 0.512031 2.06293)
(449.561 0.797824 2.03878)
(447.417 0.735795 -1.9764)
(448.478 0.0818246 -0.356387)
(450.184 -0.489092 -1.85682)
(449.193 0.256051 -4.38989)
(446.445 -0.0773861 2.04028)
(448.345 3.13158 -4.75274)
(447.901 0.679258 -1.9384)
(447.671 -0.229008 1.02767)
(444.192 1.8688 10.2477)
(447.986 0.238075 -0.264307)
(447.513 0.223612 1.86228)
(448.094 0.620025 1.31955)
(448.648 1.03506 2.211)
(447.583 -0.803489 1.82119)
(446.819 -0.337019 -0.363989)
(453.076 -0.398447 -4.0703)
(446.668 -0.811106 -0.494497)
(448.14 0.0438684 0.386245)
(450.03 2.26041 -4.94458)
(447.829 -0.0324018 -0.7151)
(447.772 0.199259 1.29781)
(447.529 -0.6034 -2.25755)
(448.531 -2.40762 -1.98484)
(447.628 0.0198958 1.28548)
(449.552 -0.0947234 -1.17283)
(448.051 -0.0510166 -0.0574988)
(446.734 0.55498 1.08605)
(446.626 0.0565701 0.890657)
(451.132 0.254766 -0.626322)
(447.202 -0.721954 -0.68858)
(447.98 -0.202894 1.63579)
(447.892 -0.0657711 0.183465)
(448.232 0.144752 0.569266)
(447.55 0.682987 -0.255902)
(450.854 -0.535526 0.72459)
(448.229 -0.0966909 -0.39058)
(444.456 0.575597 0.591874)
(449.941 1.08213 -2.45745)
(447.631 1.66306 -1.05411)
(293.751 12.2676 8.16344)
(320.244 -0.844593 1.80578)
(447.319 -1.29565 -1.10586)
(343.156 -7.17113 -15.3909)
(341.3 9.56747 -2.51322)
(371.598 0.43885 0.798271)
(333.53 21.6815 -10.7317)
(401.599 -0.405776 -2.10614)
(339.726 5.75869 4.24017)
(388.02 -10.254 -0.0813727)
(437.243 12.1436 4.01105)
(428.9 -2.34011 -3.895)
(411.124 -4.7826 -7.24686)
(442.476 -2.10238 -0.430284)
(376.158 -1.36786 -2.66176)
(376.645 -3.05465 1.45384)
(356.608 9.81872 6.37684)
(425.191 10.5512 -1.75529)
(416.733 1.29837 0.63026)
(442.728 -1.88172 -1.55566)
(430.166 -8.08502 7.29644)
(357.32 11.1473 -0.80073)
(423.108 5.36127 3.43113)
(441.575 -1.84719 -5.33704)
(448.585 -6.45588 -4.64894)
(435.163 3.07747 1.5814)
(398.594 5.57018 -3.18013)
(367.44 -0.504617 5.04101)
(436.24 -2.26335 1.43837)
(418.588 3.68693 5.9343)
(455.271 -12.6042 0.491111)
(446.886 -1.20961 -1.00271)
(422.31 2.78261 2.42813)
(368.679 7.05591 -4.79614)
(414.044 6.0147 -4.46438)
(372.246 4.92586 -0.324016)
(410.362 -1.08116 -0.302034)
(437.164 -1.17274 -2.37195)
(448.518 -0.659031 -0.877219)
(421.761 -4.37035 4.68379)
(421.285 -0.59532 -0.153786)
(401.882 9.60869 1.5888)
(432.233 -4.16266 -0.274865)
(306.663 20.459 -0.236136)
(445.309 2.24637 -5.45296)
(446.056 -2.84084 -1.71512)
(451.13 4.00939 2.77883)
(398.608 -0.206206 1.2198)
(425.376 2.29947 4.81682)
(403.802 -7.91792 -3.47403)
(412.003 -3.06069 -24.3185)
(421.202 -3.461 0.17291)
(331.726 15.1363 -0.111494)
(449.754 -16.5996 -5.42642)
(447.522 -0.485904 -0.967227)
(434.287 -5.95932 0.722625)
(400.565 -3.35533 -0.849925)
(448.404 -7.63271 4.61492)
(406.13 -1.39489 -1.25256)
(447.391 -5.06177 -2.10916)
(436.457 -5.28899 6.12764)
(318.421 7.07701 -8.77088)
(447.441 -1.48205 -2.05559)
(402.864 4.46512 -2.60448)
(450.469 -9.21005 -1.05272)
(435.983 -1.87055 0.877905)
(435.507 -8.92449 -1.79918)
(342.821 0.677008 -0.416124)
(440.345 2.15881 0.306434)
(454.082 -9.13217 27.5289)
(435.925 5.06192 -4.2338)
(428.331 -14.4989 -0.432807)
(451.381 2.29765 -1.63482)
(387.219 1.14262 6.183)
(388.562 9.30207 -6.22163)
(421.896 -3.66399 2.74812)
(448.397 -8.30088 -4.45354)
(442.413 -2.402 2.78922)
(347.954 -0.555296 2.79001)
(447.011 -3.73413 -2.71881)
(415.007 5.17224 -0.893545)
(427.156 -10.6531 -12.4295)
(445.635 6.33729 -1.85534)
(446.991 -2.45395 0.393227)
(450.482 -7.2705 0.70162)
(431.098 0.605878 -4.95178)
(447.293 -1.06116 -0.777339)
(424.906 0.0467693 -5.85066)
(418.301 -0.357992 -2.46044)
(445.031 0.0628837 4.5413)
(448.187 -0.232586 -0.852194)
(446.202 -0.0506767 2.4059)
(419.092 -0.660156 3.76811)
(430.439 3.42744 3.00107)
(447.357 -1.15888 5.57287)
(446.081 -0.135921 5.08463)
(438.184 -0.998871 5.19181)
(404.55 3.45436 12.3335)
(446.724 0.5688 1.27378)
(441.54 0.604305 1.04644)
(412.811 0.0347366 -2.93879)
(442.825 1.32743 -1.69723)
(442.477 0.877866 4.79388)
(447.335 0.544852 -2.65459)
(446.267 -0.36125 -1.67335)
(413.114 -0.169461 -3.45844)
(447.009 1.44571 12.361)
(393.012 4.17257 -8.8958)
(423.595 2.36731 5.5059)
(409.418 7.50419 30.4859)
(440.326 0.947284 -4.58741)
(451.515 -1.07157 -5.77267)
(446.71 -1.20264 3.80229)
(406.149 2.97382 -4.68573)
(433.009 0.596869 0.279932)
(407.162 10.7656 10.2603)
(448.543 1.51036 -2.68378)
(420.764 -0.17104 2.13744)
(448.843 2.09437 3.04195)
(440.859 2.04511 -4.29145)
(448.751 -0.0426621 0.479701)
(449.606 1.40282 6.12119)
(426.755 -1.58838 3.85876)
(447.576 -0.487286 0.576555)
(422.482 0.219176 0.72003)
(445.409 -0.632458 -1.02811)
(421.412 -4.19205 16.7255)
(413.435 2.18134 1.33752)
(448.806 0.827374 -2.5133)
(450.991 25.949 9.31455)
(429.903 0.712596 -8.78023)
(447.418 -0.0574377 -0.375296)
(449.989 -4.31265 -6.95631)
(425.771 0.857043 -2.43009)
(405.123 -6.18102 1.56875)
(438.983 -5.41866 7.14538)
(447.11 -1.95881 4.67774)
(446.29 1.27003 -3.20789)
(448.156 -4.54315 -4.58414)
(417.825 2.85428 -2.68849)
(448.83 -4.83182 -5.14956)
(418.147 -0.81879 3.25581)
(413.864 -1.09024 4.88527)
(433.037 -3.35852 -5.90542)
(437.409 5.61399 -1.75956)
(430.146 3.67098 16.1459)
(449.885 1.10962 1.75013)
(447.895 1.78654 -2.48513)
(452.98 1.29727 -4.43913)
(424.891 -0.44683 -8.49552)
(441.207 -0.122995 -3.7743)
(427.108 -3.05145 -3.40022)
(442.943 -0.00580485 5.81447)
(444.802 -1.64641 -1.8861)
(419.981 -4.32199 5.19517)
(392.301 4.76369 -22.1682)
(447.401 0.539227 1.0228)
(447.007 1.13324 0.647935)
(431.511 -0.469186 -0.354825)
(447.722 0.348224 -1.11642)
(450.054 -0.554517 -1.92155)
(419.222 -1.20311 -18.7203)
(432.235 -0.690939 -4.76577)
(428.752 0.0731273 -0.402098)
(443.961 0.130218 -1.33531)
(402.591 -1.74087 3.26756)
(449.507 -4.17823 -3.66721)
(411.619 2.259 7.40252)
(401.895 5.08509 9.85245)
(430.875 -0.196656 -4.21655)
(431.692 0.0119222 -0.140736)
(438.228 -1.22582 -5.00117)
(453.056 4.31954 -2.0831)
(415.184 -0.525744 -6.20297)
(446.623 2.09961 -14.8739)
(401.097 -3.38059 2.72168)
(410.323 1.20678 -3.02068)
(418.55 -3.32597 -14.7359)
(448.289 0.355951 -2.49795)
(440.861 -3.82629 10.1366)
(426.33 7.88591 -15.1539)
(432.989 -0.74688 -1.96636)
(420.21 -4.71903 -4.65868)
(444.304 -1.1125 5.68817)
(450.653 0.139848 4.56048)
(447.468 0.965022 3.34511)
(437.326 0.451573 5.14481)
(424.87 -4.25095 -1.25982)
(443.813 -3.123 -3.94495)
(409.127 -3.67973 4.73342)
(440.044 0.0561463 0.81077)
(450.325 0.132456 -1.71201)
(448.589 -0.156 -0.234509)
(447.86 0.0326418 1.04379)
(428.462 1.57907 -12.4447)
(439.241 1.18238 -3.14235)
(446.557 0.059674 -2.08064)
(411.306 2.18227 1.94318)
(436.49 -0.380034 5.90786)
(448.732 0.816636 1.96952)
(413.944 1.45663 5.13247)
(425.486 0.549321 -2.31396)
(448.637 0.74404 -6.69624)
(414.242 1.34624 -8.37763)
(420.724 -9.71887 9.25264)
(439.822 -1.19764 -2.22273)
(446.005 -0.207686 1.86051)
(408.675 1.40894 -8.45881)
(412.909 0.141039 -2.53534)
(436.278 3.69566 -5.02216)
(442.523 1.39817 3.40028)
(437.815 -0.132633 -0.344277)
(432.836 0.376182 4.87907)
(427.947 3.17574 -19.5425)
(406.424 0.762025 -1.96429)
(444.237 1.82403 -2.45479)
(413.303 1.6569 -3.49432)
(412.569 0.486132 -0.451327)
(446.943 0.842253 1.87467)
(447.909 1.91514 3.66727)
(443.213 0.295444 3.06393)
(444.843 0.420655 2.21432)
(422.831 -4.38409 -4.31766)
(447.348 0.0306243 -0.111617)
(421.419 10.0391 9.52606)
(435.377 0.247868 0.269244)
(441.241 -3.42224 25.1432)
(447.802 0.201775 -0.19163)
(407.235 0.148191 2.76539)
(447.443 1.15839 5.14919)
(421.498 1.52611 5.61068)
(448.061 -0.27766 1.21655)
(440.386 0.0282197 -0.0568021)
(427.692 -0.0840197 -0.130982)
(450.905 6.83275 10.6662)
(431.433 6.09081 34.1454)
(420.718 2.05969 -3.75673)
(419.935 -0.812923 3.79081)
(442.87 0.157741 2.55301)
(447.806 -0.667186 4.02367)
(416.313 -0.0638844 -2.13279)
(428.705 -2.42702 0.769783)
(432.346 -12.1554 -6.69365)
(414.243 -0.0516245 0.308762)
(437.766 1.21085 -1.91865)
(417.486 -0.214976 0.138784)
(434.45 0.230558 -2.37777)
(426.33 0.298783 -0.235241)
(447.161 -1.11166 -2.84325)
(440.013 -0.0562881 0.0511961)
(439.081 0.852345 11.5164)
(407.013 -8.39673 -13.8667)
(430.69 -0.128286 2.43991)
(425.969 -2.0847 -6.95557)
(437.346 -4.43246 7.34605)
(446.087 0.542324 0.706185)
(445.864 -0.0251287 0.085572)
(431.855 0.440757 4.46997)
(428.366 -1.04978 1.58174)
(420.144 -0.507921 1.11282)
(449.749 0.300293 -3.05774)
(447.275 -0.00440879 0.524996)
(435.071 -0.246477 -0.84218)
(435.925 -0.217563 1.97851)
(438.78 6.5124 -4.78709)
(442.886 -2.4237 -9.94401)
(444.233 0.055769 -0.182428)
(422.585 -0.303443 1.61781)
(444.278 0.45925 -0.780899)
(449.309 -0.0933901 1.68262)
(412.909 2.26639 15.2024)
(420.027 0.155792 5.97224)
(439.545 -3.28027 -1.88737)
(423.64 8.08675 7.97103)
(447.977 0.24787 0.27307)
(445.396 1.88029 -7.01872)
(434.385 5.91728 -7.23032)
(448.141 0.0420483 2.33695)
(415.445 -0.544908 -7.15689)
(449.135 1.29268 4.45682)
(444.804 0.171067 5.50689)
(416.653 -0.208012 10.1659)
(448.683 -0.542369 4.14041)
(437.869 -1.04372 2.42679)
(436.15 -0.0851126 -5.54065)
(405.315 2.93421 3.07608)
(444.967 8.7242 -11.9934)
(427.203 2.72386 -1.87568)
(445.867 -0.660538 2.66479)
(438.104 2.62298 -3.78227)
(447.274 -0.123033 -0.34323)
(442.958 3.12809 8.25577)
(447.017 -0.0604381 -6.75014)
(415.754 -2.0604 4.13794)
(421.346 0.31599 -0.541543)
(447.463 0.00599558 -0.40965)
(442.364 2.10298 4.09322)
(429.084 4.56548 7.74921)
(442.727 -0.71748 5.77218)
(302.675 1.13988 -1.00405)
(445.911 -1.72515 2.36081)
(445.608 0.275383 -0.848127)
(446.862 -1.41581 -1.55805)
(437.202 8.98509 6.97266)
(324.047 6.722 -3.99658)
(346.425 -1.96497 -7.72465)
(437.791 1.9398 -1.98942)
(347.085 -11.5138 -16.1911)
(444.048 -0.149648 -0.140386)
(429.423 1.40505 -1.40755)
(380.452 -9.24233 7.89033)
(372.466 10.8536 1.04598)
(447.778 -0.0274018 -0.069969)
(372.249 2.10026 4.07487)
(392.824 -0.771035 1.74471)
(352.771 8.40314 3.0486)
(381.662 -23.4701 -26.3914)
(391.609 2.34796 -1.49559)
(340.442 0.517178 0.9573)
(411.81 -29.6706 2.59962)
(409.433 0.132756 0.621962)
(413.984 -1.77393 0.32011)
(353.777 10.4158 -3.23844)
(288.232 0.425022 -0.711853)
(409.247 -0.407805 -0.890532)
(446.293 -0.296519 0.91219)
(362.63 16.8837 -9.13124)
(412.631 -25.853 -12.2232)
(394.742 -3.76873 4.50069)
(408.209 -0.000628954 5.11345)
(404.698 -1.50955 3.29092)
(256.033 24.9409 5.79582)
(414.698 0.366868 0.322348)
(327.582 -0.515586 4.28425)
(395.67 5.79344 -3.56596)
(377.623 -0.374249 -0.170357)
(409.543 2.58307 -2.10524)
(349.128 3.89229 8.30624)
(342.728 9.89213 -1.72241)
(396.249 -1.50382 -6.96655)
(327.552 1.09257 -10.6676)
(425.519 -8.01034 13.3664)
(406.652 -0.916129 -2.77141)
(351.684 0.921325 0.961995)
(315.202 2.24492 3.36985)
(365.337 16.1002 13.447)
(449.784 0.165923 2.74256)
(400.284 2.45717 4.64806)
(343.572 12.7021 7.75222)
(355.024 -3.51943 1.39538)
(366.694 1.76516 -4.39062)
(378.075 0.782079 2.65162)
(415.902 -1.79885 -1.10192)
(382.194 -1.54179 -9.22866)
(339.842 7.56346 -2.91343)
(402.293 -19.0232 21.997)
(364.724 15.7946 -10.744)
(373.963 3.60083 1.90539)
(426.789 2.22534 -2.44179)
(392.627 17.4643 3.58729)
(427.13 1.06751 -13.6013)
(412.203 -1.56352 2.53984)
(377.377 -12.6052 -9.26373)
(421.397 -11.4838 -9.0247)
(316.302 -1.23807 -0.970275)
(434.17 -17.1838 8.81949)
(332.819 13.1504 -16.8125)
(431.142 -0.324739 -0.0255865)
(372.276 2.29135 -3.61865)
(433.736 0.743078 -0.147459)
(414.899 -1.19465 4.70859)
(420.235 -2.48028 -2.88374)
(447.9 0.10827 0.166606)
(397.542 2.44074 -0.142274)
(397.089 1.57966 -8.11696)
(431.435 -7.56708 -6.25141)
(370.325 23.2102 -9.94196)
(403.997 6.42177 -2.86991)
(422.983 4.35071 -4.89916)
(380.044 2.58924 3.80781)
(378.904 9.94895 0.0210895)
(424.104 -11.4619 -8.09494)
(383.436 0.48604 1.3608)
(438.623 1.03228 0.329274)
(378.222 2.46611 -17.9777)
(416.462 -0.746382 6.33842)
(324.042 -1.31909 -0.416705)
(341.958 -9.53046 -37.2933)
(399.435 -1.04765 0.219429)
(442.618 -7.12458 2.67302)
(406.326 1.70019 0.302347)
(381.399 4.48588 -4.593)
(391.779 -7.0758 -21.7779)
(422.571 0.509018 2.5435)
(400.363 -3.35094 -6.73991)
(393.854 9.86228 -4.92535)
(349.222 0.998866 4.37037)
(313.688 9.3697 1.49988)
(433.354 4.43598 -3.65531)
(443.182 -2.09544 -2.15667)
(423.364 -18.5138 9.21894)
(404.465 -0.223727 1.90298)
(337.402 9.64735 -4.66709)
(449.195 -1.84887 1.43946)
(441.292 2.19018 2.03812)
(423.775 -5.39456 9.75428)
(348.872 -0.692784 0.792118)
(449.43 -4.809 4.10367)
(402.636 -0.484514 9.91866)
(356.724 11.276 24.7161)
(408.3 3.59375 4.0628)
(355.217 14.4278 -7.72201)
(376.247 -0.953374 8.57706)
(429.326 -1.85488 -3.01621)
(428.069 -5.63742 -3.62567)
(436.167 -2.06659 0.963255)
(363.046 18.072 26.4473)
(413.786 -5.05438 4.98277)
(390.264 -0.15198 0.770951)
(419.074 1.92724 -0.791115)
(443.99 -0.244966 0.304099)
(457.468 -13.5678 -12.4099)
(415.859 0.466518 25.429)
(449.587 0.301296 -1.45963)
(416.597 -0.594371 0.0234118)
(429.514 4.45817 -0.0234999)
(369.806 -1.40506 0.454177)
(405.873 3.76541 2.17048)
(444.84 0.561404 -0.618492)
(397.826 5.49283 -8.96615)
(443.84 0.0165086 -0.374099)
(350.356 10.9265 -7.73586)
(447.943 0.148337 -0.111783)
(400.027 3.05448 -12.9009)
(369.213 -2.26912 -14.882)
(398.148 -3.19164 -6.0597)
(385.307 12.7264 -19.4992)
(424.536 -9.29049 29.1215)
(386.25 -1.75468 2.12323)
(401.186 1.18812 -14.1419)
(398.191 -9.06905 -13.9522)
(372.245 0.586683 -4.96854)
(356.699 -7.77476 10.2183)
(392.699 -2.89969 16.0834)
(414.01 5.38252 -6.03663)
(377.708 0.431794 -13.7911)
(371.286 -26.5777 28.1353)
(375.474 0.164261 6.80813)
(381.598 8.12698 -18.6526)
(390.084 -5.73045 -2.90559)
(391.26 0.82494 -8.8553)
(366.107 2.95451 -5.0391)
(380.518 9.95e-05 -0.000444871)
(332.703 4.85957 -12.6342)
(390.017 8.33621 8.3604)
(405.198 -4.73166 4.62012)
(369.968 1.12289 7.92669)
(437.323 5.80719 29.6823)
(360.086 -5.31356 11.0789)
(360.034 -0.0308318 -0.0639931)
(357.999 -7.52464 -30.2206)
(388.828 1.30867 2.93851)
(432.579 4.3674 -23.5834)
(390.028 45.5608 9.93991)
(388.073 7.43502 -15.6354)
(386.067 7.96266 -17.7943)
(373.785 0.272329 -5.99292)
(397.555 1.56841 1.82213)
(397.354 15.2985 -7.37943)
(404.981 0.0158676 -0.0174533)
(372.221 -0.202302 -3.48443)
(378.348 1.47305 3.15846)
(376.501 -2.22776 8.29091)
(373.337 -20.1371 -20.3676)
(374.224 -17.8991 12.2779)
(376.991 1.15145 -1.93168)
(366.558 -0.18295 -6.40807)
(395.22 4.67651 23.589)
(370.842 3.62455 2.84794)
(371.193 8.44129 46.9302)
(380.933 -2.05645 -26.309)
(367.428 0.527787 12.287)
(406.588 -4.76312 -1.28905)
(390.959 -0.00859336 -0.0716146)
(380.459 -0.949027 2.46174)
(362.985 3.22127 -33.5752)
(373.874 -10.4036 35.8764)
(410.512 2.4339 6.13665)
(380.368 -0.345391 6.2421)
(386.649 -0.207264 1.82921)
(358.621 -0.513225 -0.481619)
(401.88 -0.165129 4.67569)
(397.14 1.05598 3.59568)
(375.22 -0.456123 2.43839)
(365.986 -1.17761 15.2069)
(387.501 -13.9853 -3.51191)
(386.09 0.821913 2.85834)
(378.364 -0.498242 -1.52703)
(395.544 11.6744 8.54053)
(358.473 1.4068 5.07905)
(374.673 0.252012 -1.02036)
(352.813 -7.38086 3.94153)
(373.034 -4.65696 -18.8295)
(370.437 1.98849 9.76663)
(384.195 0.21156 1.70681)
(389.082 -2.69198 -12.9099)
(371.466 1.01398 -2.39376)
(379.148 -3.63268 2.656)
(391.06 -1.6533 -5.89087)
(370.142 -2.53326 -8.0091)
(394.5 0.129365 0.502925)
(365.551 -0.0150454 -1.79921)
(405.19 0.128573 -0.927974)
(385.904 0.0577511 -5.41836)
(406.523 -22.8126 25.563)
(368.581 2.04189 6.49484)
(372.057 1.32256 -11.5587)
(372.715 -9.1359 -8.41265)
(360.586 -3.8154 -11.3565)
(404.804 5.48321 -6.45688)
(405.075 1.17619 -2.84352)
(406.65 0.0356876 -0.625655)
(376.43 0.399607 8.05284)
(386.353 3.6563 19.453)
(344.478 14.8236 -10.5675)
(358.431 -1.13033 4.27763)
(416.635 -6.26959 11.4341)
(412.866 7.10916 10.8979)
(379.225 2.09203 5.2241)
(400.766 -3.26702 16.538)
(361.647 -2.70234 -19.4554)
(358.731 27.2982 26.5436)
(362.84 5.5336 -8.1715)
(376.512 -0.610077 0.919739)
(399.436 -15.0001 16.0567)
(365.471 -1.74178 -8.96458)
(367.526 0.774366 -3.64119)
(408.992 11.0635 -11.3141)
(383.738 -10.7127 -12.0543)
(357.432 27.1617 19.1539)
(388.698 -1.65078 -2.1902)
(382.197 0.0220676 6.796)
(379.287 -0.848015 2.20472)
(397.559 6.57792 -12.5226)
(390.057 -0.532246 2.51961)
(394.715 5.2672 -24.4011)
(314.377 -1.37449 -28.1948)
(401.496 4.32801 4.73825)
(359.535 -0.107463 -0.12291)
(392.816 1.53486 -8.58756)
(406.671 5.90748 15.897)
(404.904 -3.3874 -8.4935)
(368.66 0.266428 6.567)
(382.753 0.0843829 -0.472226)
(401.951 0.041149 -0.440009)
(376.402 0.00603698 0.288044)
(379.522 2.37846 12.8857)
(385.792 -3.37735 3.74075)
(385.346 -7.14175 7.11761)
(381.81 0.122814 -3.31447)
(360.257 -0.00348209 4.6665)
(365.968 -3.01212 7.28863)
(391.44 -1.84952 7.93959)
(365.898 0.0838296 12.7324)
(413.637 -2.77338 23.605)
(378.411 3.23869 -4.94598)
(361.807 7.45415 10.6061)
(391.88 -3.49744 8.46619)
(366.36 1.08242 6.13347)
(359.182 4.76359 -26.6678)
(370.121 1.02856 -8.43471)
(407.954 0.201042 -0.498836)
(388.3 -6.07032 -5.04876)
(396.38 0.0651168 1.72743)
(398.262 2.10081 -5.32681)
(376.806 -11.0137 17.6178)
(364.751 1.95589 7.6687)
(390.167 2.34919 -6.95724)
(350.517 -4.5866 -7.7088)
(412.686 3.01048 -16.1174)
(365.4 -2.32617 11.8126)
(373.041 0.0808588 0.534637)
(357.186 -6.79738 10.0086)
(388.857 -18.0264 -31.3827)
(358.495 6.6366 6.56263)
(387.66 -0.104638 -1.52522)
(372.131 25.1558 21.2212)
(398.989 0.523029 3.76997)
(358.922 -0.534299 5.8449)
(399.749 -12.9418 -20.0056)
(359.465 3.53612 38.7185)
(408.114 1.17792 4.04988)
(356.992 -1.73273 11.581)
(380.625 2.19627 17.7576)
(369.38 19.3316 -14.361)
(399.907 -2.0168 -0.740794)
(365.954 0.798515 -4.89294)
(420.163 6.28041 -25.1243)
(405.312 -0.0297256 -2.86549)
(398.151 -0.215122 7.99969)
(390.129 -7.09694 -11.2912)
(365.05 9.87085 -12.6643)
(359.825 2.76568 -10.5939)
(384.247 -11.7028 -17.5181)
(384.736 3.43187 -15.3823)
(381.296 -3.2386 -8.00031)
(387.526 -1.97506 0.620259)
(313.754 -13.048 -12.5286)
(386.857 -6.1447 -17.9392)
(404.75 0.00937356 -0.296152)
(382.927 -3.54402 -8.0197)
(361.793 4.73089 -15.2817)
(404.199 -0.0476358 0.140971)
(364.103 9.22426 -0.791833)
(366.862 3.16776 -1.12613)
(395.823 0.172777 2.79857)
(380.632 -0.0110718 0.940173)
(405.424 -8.47314 2.6755)
(398.986 -1.32374 45.6653)
(368.631 0.0725836 0.688543)
(385.546 0.258002 -0.737424)
(369.594 1.24343 7.15919)
(352.645 -3.32106 -30.9324)
(395.517 -3.94042 -5.73417)
(402.843 -0.594392 12.041)
(348.636 -2.78695 21.9549)
(380.092 -6.60315 -3.72208)
(355.151 4.34234 12.6961)
(359.688 -0.322122 1.41826)
(422.822 1.82636 16.6253)
(403.748 0.110657 -4.8492)
(405.819 0.28348 0.707463)
(382.067 -7.44841 -6.51841)
(430.723 -9.84358 -4.65564)
(388.627 -0.279538 3.24305)
(372.727 1.64381 7.37769)
(396.63 1.36909 -3.59375)
(360.381 5.94424 0.541543)
(375.537 -1.81929 11.9893)
(384.725 3.81011 2.53826)
(384.625 -2.49398 -3.99917)
(371.676 1.07356 -16.776)
(384.504 0.265558 9.12999)
(371.557 -1.41257 -0.703577)
(386.707 0.7302 5.06958)
(366.827 1.03001 1.08036)
(367.714 -0.4983 -9.29148)
(399.579 -1.93411 -0.0134541)
(384.555 2.1489 -2.38047)
(359.492 3.06448 2.14812)
(391.789 -0.0888484 2.37714)
(394.759 0.267076 6.62869)
(345.125 -0.0763202 -13.8207)
(384.681 -0.116636 0.504657)
(387.435 -2.65048 13.8528)
(406.246 -9.42293 7.87555)
(375.028 -0.381553 -0.94243)
(405.074 0.710331 15.8789)
(374.562 -17.0056 10.4587)
(361.714 -3.91977 -0.0385422)
(397.868 -1.3181 -9.34481)
(362.485 3.61504 5.54885)
(419.9 6.60435 -4.16176)
(379.134 3.09449 8.7915)
(364.542 -5.58225 -7.75703)
(370.507 -1.86069 -9.51361)
(407.263 -1.09428 -1.68001)
(392.48 1.81466 9.19032)
(363.244 1.08061 1.84396)
(407.858 -0.0316812 -0.0958636)
(393.916 -0.430717 8.49975)
(368.298 0.48408 -3.60388)
(387.657 5.00113 3.8236)
(360.556 -2.25296 11.8787)
(369.05 2.37866 16.2019)
(375.342 0.263778 0.660437)
(369.355 -1.50973 6.15973)
(381.932 -7.88991 7.46552)
(377.322 0.694861 -1.15606)
(357.56 3.51966 2.71991)
(393.359 -0.331771 2.33381)
(391.496 0.303175 -5.63093)
(381.794 0.200958 0.373412)
(363.43 -9.23625 -27.034)
(376.477 -2.23178 4.87243)
(397.935 -15.4565 -28.4607)
(391.983 -4.97954 -7.01579)
(382.865 -7.45398 27.571)
(362.419 -1.13076 1.58129)
(376.33 -1.99037 -8.55212)
(367.671 2.16397 1.1036)
(365.558 -1.53374 -1.47136)
(406.063 -17.5532 -31.4733)
(369.984 -1.04444 12.2342)
(241.347 29.4403 -14.374)
(373.944 -6.77201 6.53779)
(377.273 -11.953 -48.3854)
(383.404 8.02647 -4.63628)
(405.097 -5.85978 -18.3075)
(376.848 -0.848259 23.702)
(364.028 -13.1705 11.7134)
(290.445 -0.777721 3.26102)
(281.837 18.2794 17.5135)
(297.447 6.07354 -3.59286)
(317.016 0.354108 -0.747533)
(303.604 15.2923 17.8938)
(323.347 14.2622 -18.7718)
(393.559 -0.20982 3.06729)
(371.921 -3.66721 -2.86736)
(334.621 6.86618 11.1859)
(335.318 2.91025 -0.883432)
(252.541 31.535 -10.3591)
(383.695 -3.98402 11.9588)
(348.717 -0.140206 0.498224)
(324.934 1.23056 -14.5939)
(287.127 5.94245 3.78526)
(369.943 -11.7684 11.2903)
(360.26 -1.76119 7.00833)
(350.945 -0.237098 -0.549546)
(307.875 1.63469 2.92931)
(325.371 11.012 3.46687)
(259.409 20.9184 -1.90128)
(405.386 -7.27197 -20.2523)
(360.813 1.79988 -16.4332)
(359.715 -9.69652 -4.54418)
(311.051 21.2005 -7.28975)
(355.962 0.316183 -6.82071)
(313.715 3.67847 0.64864)
(326.655 10.6688 -19.7386)
(363.394 0.418452 -0.505755)
(355.674 -3.27539 -2.90783)
(353.87 -5.07616 -2.3311)
(340.744 -0.593282 0.511299)
(349.625 5.5591 -13.8034)
(358.57 -1.90016 0.969884)
(337.132 11.1386 15.744)
(357.183 0.0580461 1.76698)
(364.276 14.8341 17.4015)
(356.296 -3.46378 -5.15555)
(362.898 5.36652 1.87195)
(356.767 3.24406 10.9638)
(340.302 10.8448 6.25007)
(366.629 -3.95883 -1.93789)
(384.94 -3.61852 11.6581)
(382.664 -4.49413 -0.851379)
(330.511 36.0086 -1.83825)
(352.069 7.74231 -18.074)
(369.942 0.174144 0.286274)
(364.67 -2.76672 5.61141)
(348.995 3.16025 14.8098)
(358.586 -1.8078 0.048768)
(351.11 -5.05504 13.6077)
(350.057 5.72768 -22.594)
(356.257 7.49139 -7.16491)
(387.683 -15.2947 -7.29001)
(363.915 6.15785 5.6475)
(371.087 0.680299 -6.38171)
(381.693 -1.42144 -11.4173)
(377.528 -1.97357 -1.11756)
(369.68 -1.14188 -0.542141)
(306.539 -0.326226 -0.931306)
(375.18 1.38185 2.10144)
(376.425 -0.035578 -1.19409)
(322.118 6.64164 -18.1679)
(367.783 1.55647 3.34981)
(309.465 -1.99843 -3.41828)
(341.544 49.3547 4.27392)
(356.708 13.1308 8.83023)
(373.093 1.18961 9.41157)
(351.802 5.39384 -5.04287)
(387.708 -13.6423 35.1771)
(315.516 26.6844 -12.1019)
(381.942 1.776 9.81066)
(400.807 2.64358 6.47232)
(377.498 0.00880786 -6.02962)
(339.75 -2.7269 -0.388137)
(332.886 10.8175 28.0571)
(384.701 2.05205 -9.00667)
(387.856 -4.52048 -1.68072)
(372.722 8.29276 3.03204)
(390.019 -3.50263 0.647908)
(384.8 0.912826 -5.90457)
(378.101 2.22121 3.8314)
(347.485 -1.69276 -2.28561)
(378.864 -0.416078 0.292753)
(377.477 0.422585 0.0582984)
(364.442 -5.19803 5.75491)
(357.718 2.22226 -1.8386)
(361.036 -1.85571 14.756)
(357.901 -4.30112 -7.48)
(352.174 18.6259 7.68606)
(309.705 1.37688 0.539641)
(359.731 6.08698 -0.486413)
(377.845 3.97521 1.47438)
(386.863 5.35045 -2.25173)
(383.704 5.05264 1.43023)
(339.071 5.89959 13.2745)
(361.304 -6.67288 -30.1516)
(319.699 14.7426 -10.5999)
(382.926 5.49289 1.16823)
(384.016 -0.254738 1.36761)
(369.649 -14.8261 17.8858)
(270.01 7.34425 -8.73463)
(323.209 11.4414 -7.38392)
(378.078 11.8941 4.6022)
(319.332 19.2622 4.46679)
(370.938 0.87912 6.58432)
(395.178 -0.0329386 1.98304)
(360.754 -6.38376 -21.7926)
(371.352 15.4527 -5.408)
(390.689 -0.122988 -0.572593)
(314.724 20.3282 -12.9691)
(376.66 -1.4702 0.545911)
(395.461 3.81249 -1.93108)
(401.141 5.92336 -30.2589)
(283.772 11.4923 6.79002)
(309.098 13.0188 3.52039)
(385.404 -7.96058 -2.61115)
(395.991 -2.72552 0.0665858)
(360.572 3.84862 -9.26968)
(379.781 0.946579 -1.18153)
(383.816 -3.49698 2.45393)
(362.77 -1.471 8.95896)
(405.813 -0.0195191 1.9667)
(385.714 -8.69018 -1.45347)
(383.445 1.19236 -1.8942)
(344.64 4.49744 -9.89862)
(396.963 7.4053 -2.67832)
(395.071 -1.79223 5.37646)
(371.564 -15.0946 28.7584)
(351.988 -2.72367 -2.76476)
(350.428 0.211899 -15.1304)
(345.404 -2.15934 -2.91063)
(354.478 1.48965 21.1874)
(342.112 0.860883 19.3846)
(355.457 -1.90595 -2.60629)
(345.197 0.883222 -13.321)
(348.364 2.68194 -4.96351)
(362.416 -6.26621 9.48689)
(351.137 -0.820321 7.88808)
(330.774 8.8864 7.0935)
(338.727 0.153537 1.47127)
(346.977 -1.87484 -16.2842)
(359.512 3.78672 7.49822)
(384.278 -11.2065 -21.5199)
(349.688 -34.2292 7.74229)
(341.295 -0.931434 3.04726)
(328.134 0.51356 9.7034)
(340.325 0.326824 3.28759)
(349.38 2.59244 12.5064)
(380.785 -3.44959 45.8005)
(335.648 0.000195363 -3.55492)
(338.807 -5.8456 -10.2342)
(347.612 -0.0359235 0.167552)
(298.296 4.38784 -25.5592)
(345.091 1.3607 13.5941)
(353.79 0.218749 7.26435)
(346.072 -3.78854 -10.6868)
(346.205 5.42545 -15.4325)
(353.288 -5.17497 12.401)
(349.733 -1.32454 -15.3641)
(360.688 -4.69288 1.90971)
(349.584 -7.30269 -14.8853)
(339.308 0.121516 -2.78071)
(353.468 2.00272 1.11332)
(344.762 0.181462 1.749)
(360.072 0.0895438 6.15924)
(355.842 -0.00187457 4.74385)
(346.229 -1.95807 1.93906)
(330.848 16.9346 13.0523)
(352.371 -2.95543 -11.4116)
(339.2 -0.019781 -0.398401)
(346.132 1.90184 -6.96767)
(344.543 -14.2607 -34.7271)
(357.125 0.694361 -1.79329)
(346.182 -5.97615 -3.0186)
(357.169 0.298511 -0.634934)
(331.411 3.21606 15.3779)
(344.999 2.95227 0.204242)
(350.37 -0.556918 -1.01079)
(328.464 -1.23133 9.82258)
(352.158 8.68384 -6.30331)
(351.605 3.6088 22.75)
(347.756 0.722726 2.10728)
(339.653 8.0776 -16.4824)
(326.473 18.5137 41.2675)
(325.336 1.86514 7.79038)
(352.55 -3.0492 -12.4342)
(353.814 20.0115 -6.72202)
(356.306 -2.91887 7.09371)
(357.243 -2.43838 9.43403)
(357.206 1.35813 -12.3749)
(337.042 0.732071 0.979615)
(368.926 -19.747 13.6055)
(333.799 1.95263 6.21093)
(343.468 -6.6885 19.1109)
(338.757 -5.09431 23.8223)
(335.775 -0.09098 -1.42159)
(314.347 8.62708 -7.92485)
(360.679 1.19363 12.0868)
(349.387 2.57031 4.5464)
(338.605 -0.917026 -8.83992)
(352.581 -1.05161 1.2819)
(346.68 -1.28339 11.3123)
(398.612 -31.3171 12.8148)
(343.166 4.14642 -7.78044)
(371.494 14.9768 12.2824)
(341.527 0.965244 4.11588)
(333.538 -10.1486 -13.2848)
(355.03 -0.364815 -2.26625)
(352.525 17.6571 2.22269)
(347.99 -15.8727 -30.9158)
(348.529 1.56189 -6.05171)
(347.814 17.9324 -5.96566)
(350.721 -1.24049 -5.29884)
(330.583 3.51047 -11.5663)
(336.308 -0.0187539 9.23634)
(339.636 25.5322 6.36104)
(333.971 -16.7553 29.1906)
(343.589 -0.290066 -1.93685)
(340.79 1.86437 5.5069)
(319.209 -14.4141 -26.8924)
(345.209 1.50009 9.35998)
(340.703 0.377096 -0.960111)
(348.742 -0.941243 -6.35094)
(356.489 0.98057 7.91687)
(352.308 -3.1845 5.76575)
(353.407 4.73438 -5.04406)
(344.655 -9.0037 -10.6214)
(356.386 -1.27933 25.9808)
(347.58 -0.536123 0.55212)
(339.255 -9.30537 -4.25989)
(347.989 8.45847 13.8723)
(362.12 -1.60032 -7.75359)
(344.532 -4.30031 18.7645)
(332.872 -0.18848 3.60377)
(355.617 3.54531 17.5915)
(347.461 0.0622294 3.19813)
(336.079 -3.53144 -15.2833)
(357.475 -4.24718 18.7634)
(356.445 0.0195905 -8.40582)
(341.95 -5.66608 12.6921)
(340.881 -0.252306 -1.01902)
(345.91 0.114028 2.02432)
(333.16 -0.274193 2.22637)
(338.931 2.19882 9.94689)
(353.504 -0.00465682 0.0528994)
(353.902 -0.947305 -3.13166)
(342.773 0.853905 1.79435)
(335.099 5.20077 -6.71219)
(330.154 -2.5723 4.82207)
(338.255 1.57368 5.56181)
(367.153 0.0204243 -22.2833)
(316.82 -0.390826 6.42841)
(344.731 0.910791 6.22556)
(337.504 -0.445436 1.1005)
(341.076 -4.17116 6.07965)
(359.605 -0.242579 7.70524)
(339.714 -2.68001 -4.87841)
(359.423 20.3343 -49.7882)
(336.199 -9.28798 14.5072)
(312.201 4.09653 25.4964)
(339.294 4.52569 -3.73836)
(340.961 -1.04981 -10.4118)
(329.258 0.679398 -7.31234)
(339.268 6.72689 10.3189)
(351.426 -3.39601 -16.8121)
(356.671 1.00949 -1.63804)
(361.956 1.01369 6.55041)
(344.457 -5.54613 -10.2757)
(359.267 -4.26631 3.62866)
(360.914 3.20668 11.8628)
(326.297 0.175429 -11.2137)
(338.804 1.94993 2.51758)
(353.894 -16.2394 12.6824)
(356.768 -10.5077 5.94934)
(365.26 -23.5723 -8.69831)
(336.459 0.572465 -4.23289)
(333.195 -1.66778 10.4948)
(359.819 -0.647548 1.90478)
(344.08 1.56258 1.0662)
(355.927 6.42659 -12.3974)
(350.693 1.54556 -2.76888)
(345.463 4.86942 -7.42764)
(330.643 16.1476 30.828)
(343.857 -10.77 29.3498)
(352.846 -0.286127 -3.25787)
(344.386 1.61541 11.766)
(332.035 -1.28733 7.41841)
(369.455 1.04925 -18.9726)
(342.468 9.8555 3.57693)
(355.124 0.327245 0.848994)
(349.978 0.311233 0.171728)
(350.402 -1.58767 1.37573)
(339.093 -16.9199 -12.8807)
(375.021 -7.669 -26.8065)
(342.998 0.485473 21.8976)
(353.602 -4.06414 22.4894)
(342.395 -0.387847 -4.68623)
(331.21 -2.25755 -15.0764)
(353.542 3.50123 38.3365)
(354.491 -36.9611 -14.0535)
(343.479 14.0755 32.6518)
(327.838 -0.687462 -22.5715)
(359.549 -0.0623799 0.258801)
(329.964 -4.5618 2.11145)
(337.828 -2.47814 -5.61878)
(354.005 6.7368 -13.4666)
(346.936 13.7749 6.12492)
(358.456 2.01469 -7.41694)
(334.274 -2.18299 -5.00672)
(350.399 -2.79998 9.46724)
(357.677 -0.922784 -10.0511)
(363.131 6.93761 -17.8903)
(343.026 0.47786 -8.84167)
(335.325 13.7635 22.8065)
(338.162 -3.38189 6.32123)
(344.442 4.40786 4.2982)
(340.777 0.274355 -1.94942)
(219.683 27.0722 -9.45289)
(338.184 1.05174 -12.4712)
(243.808 27.9972 26.6866)
(243.93 42.8466 9.48259)
(276.14 19.6769 6.79116)
(274.399 18.3456 3.88241)
(346.184 -32.2561 -18.9126)
(304.262 5.42497 2.59076)
(334.619 0.924258 -1.97823)
(263.594 26.5192 -8.77677)
(350.396 0.232072 0.637002)
(292.502 0.708278 17.8987)
(333.019 0.0134974 0.076708)
(334.465 2.71972 -3.96413)
(320.693 -4.60404 2.673)
(301.144 11.7486 -1.35777)
(313.464 -11.6067 -13.9226)
(275.784 15.3376 32.6193)
(274.369 4.2204 -2.3309)
(300.499 1.55801 -2.69128)
(337.076 2.20444 6.0044)
(337.102 -8.81583 -4.12006)
(301.431 5.18834 12.8162)
(334.494 1.16568 2.23375)
(341.533 0.9811 5.42464)
(334.06 -0.611052 4.04896)
(346.638 -6.06751 -6.33061)
(333.885 0.191471 0.476743)
(309.543 -0.0641158 -1.00641)
(338.225 1.72029 6.29712)
(316.205 -9.67225 -5.28458)
(299.161 3.83453 21.3278)
(334.201 1.37707 10.569)
(339.618 -1.60625 0.516927)
(305.552 6.74584 -2.30011)
(349.97 8.07637 -7.33373)
(299.028 -0.680222 1.10582)
(372.244 -9.99592 14.835)
(323.35 1.46968 15.0054)
(349.916 -1.46106 6.22775)
(333.077 -8.10981 2.73402)
(323.201 10.9977 24.5857)
(334.824 3.07743 1.24557)
(322.198 9.52287 -2.66239)
(363.122 -2.96167 -13.0478)
(329.991 0.680803 -5.01573)
(336.628 -15.1144 12.6032)
(296.761 22.2354 -18.1169)
(278.936 -0.105404 -0.375681)
(259.56 13.1293 -4.03688)
(315.239 1.08405 -1.02642)
(273.108 34.1683 -1.62847)
(349.084 7.12837 -18.7589)
(300.354 -7.09706 5.61363)
(303.452 2.08925 -5.65953)
(332.232 -1.21883 -0.322286)
(365.862 -0.857463 8.27014)
(222.828 31.3078 34.4966)
(309.62 12.9525 21.8639)
(339.518 -1.29163 1.74981)
(326.132 3.67267 -7.66689)
(339.817 10.105 -15.5547)
(334.48 5.88349 -8.80147)
(336.565 3.99764 10.6096)
(341.51 3.49837 0.464069)
(335.219 -5.20111 -4.84897)
(269.758 30.3748 1.26731)
(347.081 -2.71203 4.21762)
(297.217 14.2722 16.621)
(303.423 15.8359 2.65837)
(352.453 1.63543 4.80228)
(246.207 22.6483 -8.26331)
(379.402 -11.0798 -1.80889)
(346.477 -2.80903 1.90381)
(341.715 2.63439 4.65273)
(339.752 -3.29939 2.63048)
(345.477 -4.30732 2.24265)
(320.983 1.90056 1.35893)
(345.109 0.029802 0.631957)
(339.228 -4.27913 4.19852)
(302.604 -2.86132 1.77446)
(333.277 -1.34401 -13.0193)
(347.856 -2.21001 -0.560798)
(335.873 3.3988 -20.467)
(285.567 6.56835 0.55203)
(357.999 -10.3018 15.8004)
(339.15 1.09522 1.49892)
(226.949 17.3534 8.10475)
(349.662 0.929291 -0.73941)
(280.689 8.44924 -0.154059)
(328.849 10.4372 10.2604)
(307.186 17.3512 -11.286)
(316.322 -4.16432 3.65423)
(326.317 20.023 -7.26468)
(346.778 -0.0745547 0.83999)
(348.754 -0.293663 -0.856646)
(307.163 15.1757 14.3314)
(346.877 3.16438 -4.86895)
(339.189 4.20398 9.32511)
(342.488 8.0238 -2.61433)
(324.001 1.82858 0.734385)
(320.035 11.4984 -13.246)
(349.113 1.28342 6.44103)
(349.489 0.229218 0.846337)
(345.28 -0.340368 3.52062)
(354.096 4.04623 -0.431607)
(319.293 7.78932 -22.7745)
(342.007 3.36962 2.70298)
(339.276 0.784684 1.8035)
(352.361 0.385015 -0.444583)
(345.929 1.11777 10.4038)
(350.771 -0.0720644 0.00192236)
(305.629 19.2984 -26.892)
(345.196 2.75507 -3.86159)
(341.572 -0.829459 0.898709)
(314.166 -13.6255 1.19511)
(353.877 1.52005 3.55886)
(344.539 1.1358 -2.3027)
(330.177 11.0333 -4.53283)
(267.553 0.00665782 3.71739)
(343.744 14.773 10.2127)
(356.82 0.944343 0.189477)
(328.689 -10.0078 -15.4021)
(349.261 -0.460766 4.77612)
(284.074 10.4264 10.3815)
(375.03 0.690705 7.64989)
(345.863 5.85513 -1.55536)
(333.968 0.854481 0.144086)
(323.978 35.8769 30.486)
(288.312 16.1588 20.8404)
(356.983 -0.0949634 -0.0515384)
(294.846 16.3899 8.95305)
(359.3 6.92095 16.1304)
(349.365 5.62052 -3.94119)
(367.394 3.4777 5.83864)
(351.157 -1.03539 2.40078)
(359.451 0.53483 -0.625571)
(325.278 -0.968951 -18.624)
(314.683 -10.19 -22.3277)
(319.664 -1.68798 15.4875)
(341.634 -6.77661 -3.56106)
(293.985 0.450004 13.9478)
(319.773 2.65356 3.55776)
(350.476 -11.0479 23.7678)
(329.918 -5.51664 -20.7783)
(312.215 -4.08724 -5.05866)
(323.559 8.00021 -12.3784)
(324.779 -0.610743 -7.96164)
(327.837 1.36203 7.14372)
(335.928 -2.12212 2.75851)
(334.255 -0.414771 -4.50036)
(326.674 11.5736 -8.76111)
(328.666 1.07653 -7.84089)
(337.255 5.54963 -3.03623)
(313.153 1.29685 2.43841)
(315.311 1.61915 -13.8951)
(314.945 -10.4014 -7.44634)
(328.742 -1.10785 3.04477)
(309.024 0.904298 -8.14735)
(338.638 1.33066 2.85314)
(310.811 10.4205 14.8226)
(307.748 -6.79661 -8.89566)
(324.985 14.1328 -4.2045)
(338.648 3.44554 -1.79319)
(320.347 -3.80532 9.59997)
(365.979 -14.403 -17.4671)
(301.399 -11.5504 5.90055)
(318.995 -0.951516 -12.9014)
(317.404 -3.4965 6.29746)
(322.918 -0.781152 -6.11886)
(330.574 -9.44622 12.4038)
(321.174 6.27819 -7.35593)
(318.374 7.6951 16.9259)
(327.715 -0.129431 3.1909)
(304.833 -11.2244 12.2816)
(310.265 17.6427 24.4365)
(329.659 2.48409 -7.04431)
(332.062 3.6702 5.08735)
(332.035 -0.923486 -22.5066)
(297.652 -0.223359 -13.1312)
(320.939 -0.110125 1.54516)
(325.102 14.7668 -9.86724)
(325.084 -2.02304 -5.96551)
(314.948 3.07833 -5.24657)
(327.538 0.666071 2.18985)
(326.454 -14.6788 19.1509)
(307.809 11.352 -10.8675)
(308.373 -2.19554 -21.9008)
(306.722 1.88517 13.7401)
(323.228 0.230362 0.523712)
(312.324 0.209179 7.52259)
(339.461 -5.306 -36.2583)
(324.534 -4.13498 6.25542)
(318.887 0.420613 0.354203)
(319.283 -3.60531 7.51566)
(343.683 9.56475 -12.1972)
(329.285 0.00709473 -0.0112465)
(330.432 -0.281052 1.1918)
(330.063 12.7822 9.75691)
(315.612 -0.694133 -5.14948)
(318.656 -6.95495 2.27365)
(339.242 1.37675 -4.38604)
(326.56 -0.152363 3.17112)
(337.637 7.1211 -18.1407)
(324.26 2.39012 -14.9319)
(324.61 1.32008 -3.79671)
(314.788 1.81736 7.59081)
(313.967 1.131 1.69392)
(317.735 8.93258 20.1297)
(340.692 -8.12671 -7.92031)
(309.228 -0.893846 -11.1811)
(321.871 -9.73667 -15.7518)
(313.832 1.58098 2.42954)
(363.349 3.29352 -22.848)
(316.374 0.214895 -1.3068)
(313.014 0.0122343 -3.53463)
(332.261 -0.266564 -7.06487)
(321.984 -14.6676 -2.5402)
(343.261 -12.9791 11.1421)
(329.859 28.1343 7.6563)
(330.472 -6.28779 -2.3677)
(327.675 0.0939739 3.5057)
(327.829 -0.500109 -2.89454)
(331.592 -2.9101 -16.9926)
(310.594 -2.6862 -16.079)
(323.273 -0.719153 -17.1516)
(316.551 0.266017 2.81169)
(314.679 3.61156 -10.0356)
(320.195 -12.1735 -9.72594)
(320.238 -6.53121 4.15162)
(317.049 -0.254942 -0.857539)
(335.625 14.7876 -29.2449)
(330.142 -0.607083 9.58412)
(327.086 -2.63267 4.69206)
(318.295 1.56988 -2.60256)
(315.832 2.60518 -23.8053)
(318.597 -0.019894 -0.0616536)
(321.835 -1.46528 -8.40014)
(323.67 -3.99433 8.73222)
(310.817 -6.42743 10.4884)
(321.412 1.61443 -22.085)
(326.79 1.47964 0.709241)
(325.866 2.43007 -3.50774)
(318.237 -0.10022 -2.96808)
(314.437 -0.60215 2.79505)
(326.411 -1.21976 -7.01314)
(280.224 23.2404 -4.42955)
(319.685 9.20784 -8.02041)
(306.199 -0.526265 8.51925)
(319.897 0.217228 1.4436)
(313.044 1.98767 -7.03864)
(320.902 0.422289 -4.81905)
(310.852 1.25984 5.09714)
(312.37 -2.18009 -5.55501)
(324.863 -2.37241 -7.70289)
(319.029 -2.49147 -0.766412)
(320.488 0.0278592 1.48419)
(314.975 -10.2946 29.6834)
(331.368 -1.33689 -11.7015)
(308.551 -7.45988 5.20942)
(302.539 -2.20522 10.7214)
(349.908 -1.43026 -20.7267)
(332.155 -1.84506 8.09338)
(314.577 2.53386 4.021)
(325.147 2.26253 6.37274)
(322.305 -3.68835 7.64403)
(332.93 -4.2299 13.3617)
(349.461 1.6981 -1.18168)
(341.32 5.76905 -6.89897)
(323.161 4.53488 -3.32183)
(316.582 0.553004 -5.67072)
(326.586 3.27611 29.1252)
(310.592 3.27134 -9.16531)
(328.05 0.0401197 0.886379)
(318.17 1.20164 -5.07435)
(324.679 11.8046 13.7496)
(268.434 0.0549531 -0.32858)
(299.476 -1.13853 -4.43466)
(233.767 24.8969 2.0861)
(241.265 22.8589 -2.41434)
(236.033 16.755 8.09645)
(277.665 4.27488 -18.0341)
(261.031 20.4901 9.56461)
(299.349 -9.01101 -2.10307)
(275.383 15.3755 0.12793)
(253.767 31.1881 4.41638)
(322.861 -0.796469 2.62391)
(287.099 9.61237 1.7657)
(294.579 7.1582 -3.68365)
(311.955 2.0718 -0.823965)
(313.567 -0.263388 0.134966)
(306.559 -3.65386 3.7869)
(253.216 24.5761 -0.185935)
(299.464 2.7105 9.99449)
(298.442 6.33545 7.33866)
(307.172 3.69777 2.13301)
(295.815 -5.1391 -12.3166)
(294.073 0.467747 8.68946)
(311.019 7.58738 4.64609)
(312.388 -0.110358 -0.0114516)
(309.628 -2.71331 0.661899)
(341.808 5.66551 -7.49171)
(251.559 26.1651 -1.53383)
(301.44 -0.00500173 -0.324241)
(339.694 4.68915 1.24557)
(314.216 -4.26858 5.14302)
(314.113 4.99321 6.91626)
(298.442 12.7712 7.36605)
(294.84 -0.311321 -7.38382)
(305.751 -9.75518 4.24308)
(295.085 -11.3194 2.52052)
(311.86 0.587708 -1.19983)
(315.359 1.4739 2.37099)
(293.023 11.1035 -28.3196)
(267.161 5.44129 -5.67325)
(309.273 7.45942 24.1729)
(296.269 7.52255 2.24089)
(244.177 40.7252 -17.7326)
(316.452 -0.0228041 -0.0273381)
(308.761 7.76218 -12.0365)
(285.222 -0.236817 -1.34089)
(307.849 5.64041 -8.36198)
(277.652 12.4816 -35.7638)
(315.975 4.1884 -3.59136)
(299.585 -2.65405 8.61203)
(320.91 -5.00303 -7.44973)
(321.728 10.7821 -1.96553)
(304.873 8.82446 -12.862)
(310.243 -3.35244 1.73019)
(241.464 16.2007 6.51254)
(310.606 -3.94159 -1.83236)
(277.834 4.91344 2.51656)
(314.69 -15.0217 -3.08865)
(318.382 11.3459 17.9236)
(314.736 0.321826 -0.2479)
(315.987 -4.20614 -3.86033)
(299.97 2.08924 -1.26721)
(312.935 6.33266 -2.59118)
(314.23 2.66564 -19.587)
(308.324 14.3738 11.0106)
(303.062 12.3547 -3.70687)
(315.177 5.59361 -5.21957)
(241.277 30.8507 -9.02467)
(320.1 -8.87688 2.8998)
(315.11 -6.52116 -14.0975)
(317.767 0.937323 3.67427)
(311.16 17.3944 32.4812)
(316.636 -4.81851 6.87376)
(299.706 0.430786 11.3708)
(315.799 -0.791362 -1.80788)
(320.671 3.54125 3.43873)
(272.475 -10.2305 -4.10758)
(335.045 8.16175 10.2057)
(285.505 8.34828 0.282786)
(324.627 0.89353 12.859)
(267.829 9.53627 12.8745)
(281.188 -2.84377 5.05474)
(242.092 23.4183 -9.5913)
(285.713 -5.86351 -7.07501)
(312.437 1.15922 -4.20959)
(316.616 -4.74998 -10.8736)
(205.987 21.7197 -1.39129)
(316.388 1.02776 4.20643)
(240.461 30.958 17.1641)
(246.469 36.852 31.2853)
(314.678 8.80143 -1.23649)
(330.259 12.4989 0.353315)
(243.522 30.4738 28.135)
(288.932 -1.98206 23.3574)
(312.931 -4.02329 14.9232)
(311.326 -0.105538 3.73025)
(267.505 4.57211 -0.168942)
(319.198 -0.417506 -0.57971)
(319.389 2.386 32.6987)
(268.18 31.0244 -19.1744)
(306.592 15.1503 2.53497)
(334.737 9.2612 -3.54659)
(277.859 12.3288 21.7274)
(322.344 -1.30126 -2.78622)
(328.486 1.1539 -5.58157)
(241.386 16.7326 5.48787)
(323.08 0.0617136 0.655718)
(312.047 -0.284423 -2.08274)
(292.04 6.39597 11.8297)
(321.242 -0.0283351 -0.551524)
(296.237 -0.11959 -0.0338386)
(312.657 37.2074 -0.791181)
(295.808 8.6192 10.8653)
(259.196 32.261 2.78328)
(310.847 -0.873772 0.409456)
(297.631 -0.169293 -0.515106)
(316.094 -5.2679 -6.2723)
(323.143 0.721628 -9.29635)
(277.858 14.4631 -6.69719)
(321.426 7.62239 7.5453)
(325.831 -4.49894 21.6768)
(318.617 4.26322 -18.0837)
(328.989 -2.56173 -0.51972)
(345.391 0.1016 1.10876)
(248.971 7.91541 11.9346)
(345.47 -3.80805 9.87726)
(324.294 -0.210026 0.500307)
(316.461 -1.351 0.714476)
(323.57 0.464862 7.20948)
(314.731 1.55624 -0.133942)
(318.628 -2.18274 2.64895)
(337.271 -4.28267 -3.72396)
(316.371 9.09446 -11.7676)
(325.449 -1.54791 -0.912064)
(318.605 -5.57196 -9.08505)
(296.488 13.4996 -17.9859)
(313.928 12.461 -15.6343)
(351.071 3.10936 -0.060995)
(293.197 13.2458 8.96845)
(263.291 1.27185 -4.43975)
(267.455 14.3509 -8.56743)
(339.732 3.08846 12.055)
(280.773 23.9052 -3.10686)
(307.291 -16.7598 -3.13846)
(323.146 -2.5336 -3.30825)
(332.046 -6.72539 8.75603)
(320.296 1.13191 -5.33332)
(326.538 14.6709 11.2383)
(329.421 -10.6979 -4.34353)
(294.988 0.366283 10.2832)
(318.08 3.59813 4.44023)
(260.252 30.5861 20.2948)
(315.183 4.42553 -9.80041)
(331.316 -3.23527 0.190963)
(343.582 0.508026 -5.21678)
(305.543 -3.15035 -24.8933)
(317.274 -2.70845 13.846)
(343.671 -2.09679 10.6546)
(301.518 0.29426 -0.739074)
(329.907 -0.318166 -0.0509207)
(313.624 3.85361 -35.6901)
(277.412 5.0825 2.3709)
(324.826 1.45691 1.61353)
(332.956 -1.88358 -7.12231)
(335.307 8.17713 -10.5235)
(326.85 1.77396 -0.738561)
(330.352 -1.2638 4.2477)
(323.121 -2.81632 -0.350603)
(302.938 3.71291 20.3238)
(222.285 20.3022 9.52092)
(322.076 -0.474246 0.335999)
(338.863 -9.18503 -6.09459)
(309.5 19.5275 -6.04285)
(334 -5.07077 -3.33964)
(329.099 5.21865 0.3659)
(291.255 -0.501623 -0.437378)
(347.656 25.6166 -19.2471)
(279.364 13.2774 10.1179)
(330.346 -3.62009 -44.0867)
(276.689 37.3722 26.8272)
(310.807 -5.62231 -5.95267)
(325.528 4.41648 -0.796601)
(352.202 1.59071 -17.3318)
(335.935 0.24829 -7.15944)
(334.022 -0.0187923 0.148276)
(316.332 -6.35848 -1.57396)
(293.465 6.3242 -8.43078)
(321.818 -1.06571 20.8201)
(331.098 19.8307 16.4602)
(299.678 0.350987 4.07695)
(274.69 -5.70252 -19.911)
(320.931 5.6532 -3.3006)
(310.497 -0.737926 7.7412)
(299.382 4.20573 -20.7297)
(310.227 -10.1629 -12.5599)
(307.033 -1.96005 1.92136)
(301.192 0.583056 -3.9562)
(306.338 3.70409 1.15246)
(307.472 5.54713 -3.7963)
(296.699 0.277672 4.19307)
(302.988 0.655159 -9.88129)
(296.61 -1.99186 9.99899)
(307.876 11.0066 -5.03169)
(297.892 -0.980101 -5.24957)
(312.176 1.80272 1.81393)
(298.407 -9.5904 12.7768)
(300.4 -4.30534 10.0364)
(317.418 -1.30703 6.59766)
(293.292 1.09469 1.3654)
(300.809 -0.0253329 -0.0899759)
(312.377 1.82649 -27.9025)
(312.01 2.22824 -9.36976)
(308.847 6.88704 -7.46056)
(304.728 1.09992 -17.2408)
(296.017 0.0816171 1.19005)
(311.565 -6.79931 -3.40564)
(296.118 -0.200849 12.2462)
(290.738 0.190489 -7.45989)
(297.877 -0.159812 -3.26151)
(319.385 5.97507 12.8913)
(290.118 6.15414 -10.5531)
(311.422 5.14786 -11.9133)
(311.005 -9.32352 10.5558)
(303.925 0.525094 1.25338)
(306.023 -0.861657 4.36484)
(271.088 6.65368 10.9269)
(291.878 2.26461 -1.69586)
(305.519 0.959298 -2.08385)
(304.377 -3.95986 -13.3105)
(307.447 1.02352 -1.79426)
(301.921 -4.99852 5.75528)
(294.913 0.00727059 1.15845)
(292.132 -0.151737 -2.31458)
(309.945 6.0468 -7.34049)
(295.443 0.254264 1.09559)
(298.17 8.59701 38.782)
(283.494 9.26683 21.2998)
(265.631 -0.301626 -4.29558)
(303.257 0.0040253 -16.9103)
(293.9 -4.53812 12.7546)
(302.324 -6.92352 8.7265)
(305.768 -0.630875 0.899507)
(307.364 0.725975 -0.388067)
(307.746 -3.47093 3.88675)
(291.128 -6.21078 15.3178)
(306.735 0.472963 12.9349)
(310.06 10.1911 7.77905)
(298.063 2.03626 0.88603)
(299.241 1.75828 -2.08746)
(305.365 4.72485 13.9503)
(291.193 6.22842 3.71396)
(314.378 -2.54344 -5.17788)
(307.681 -0.0773788 0.434353)
(289.749 -0.613588 12.0802)
(295.435 3.65646 -8.32486)
(289.806 1.24796 -6.25756)
(297.072 -0.0233294 2.24544)
(300.422 -2.41776 12.7736)
(308.761 2.38251 4.60851)
(296.761 -9.97022 7.04515)
(311.55 0.729575 13.328)
(303.447 -2.36434 -6.51522)
(298.28 12.9553 -4.81829)
(316.495 11.6189 -12.7734)
(305.129 0.904237 -11.8648)
(311.488 0.969273 -2.37544)
(294.833 -1.32239 -10.7534)
(293.65 -0.110621 -1.71406)
(301.944 1.21654 0.638917)
(302.583 -0.0526046 -0.896502)
(314.358 -0.689851 -4.27062)
(302.981 0.0646289 1.52597)
(301.673 6.37917 -4.14246)
(294.766 -1.59806 -3.09793)
(304.34 2.74613 4.36313)
(308.747 0.298504 0.520329)
(297.33 -0.93278 -1.2702)
(304.865 0.727717 -2.03153)
(306.949 1.47639 -7.89075)
(304.628 1.4861 -8.8975)
(295.682 0.0141826 1.68385)
(269.9 -3.802 -19.9479)
(298.685 9.59395 -24.8061)
(298.089 -1.49082 5.52021)
(310.851 -8.93794 9.38105)
(285.327 -1.76499 8.58103)
(307.731 -0.18529 -2.69443)
(304.615 -0.755837 6.29908)
(304.095 -4.61068 -5.76943)
(323.705 4.43123 16.5971)
(318.547 -0.44622 -6.60233)
(295.249 2.51602 -4.25907)
(289.251 -3.52673 -6.53423)
(301.842 1.22723 6.79201)
(282.33 -1.96433 6.41318)
(301.298 -0.874739 -3.95337)
(298.039 -0.286717 10.2888)
(309.202 -6.98976 -36.5721)
(304.076 -1.09052 1.07676)
(323.503 -9.49647 14.7917)
(308.384 -3.88377 10.9273)
(310.117 3.78786 4.58745)
(307.628 -2.57206 12.6664)
(293.741 0.342828 -7.68542)
(296.401 0.900363 -5.36834)
(313.184 -0.589792 -0.478395)
(239.745 22.3952 -10.1288)
(245.179 29.3115 2.26194)
(296.066 -0.832128 -8.06595)
(303.854 -7.77179 12.7559)
(245.194 24.724 17.5303)
(241.805 15.9737 6.42872)
(233.111 11.2978 9.41148)
(257.131 11.1142 -2.03137)
(226.694 21.6866 1.82255)
(247.769 34.7026 -24.5694)
(250.209 8.25604 2.0371)
(248.215 17.4329 -6.79114)
(259.083 15.3807 3.62986)
(248.473 28.008 1.91544)
(269.691 9.62859 -2.37838)
(279.639 0.35523 -0.1936)
(271.489 -1.90786 0.482162)
(283.611 2.44692 7.50533)
(299.45 -0.272702 -1.2066)
(308.606 3.02786 -5.54018)
(286.333 5.77793 7.87703)
(248.148 38.8466 2.65425)
(265.173 15.0175 -11.8853)
(258.733 8.20292 -5.67399)
(271.077 6.66539 12.4702)
(272.701 -9.63721 -2.80841)
(248.061 12.5286 -2.01029)
(294.461 5.70927 -5.63198)
(258.627 6.64492 -9.60502)
(293.267 1.5258 -10.9929)
(277.135 0.209924 -4.09932)
(296.782 4.43574 21.1418)
(263.593 6.97519 17.5145)
(268.926 0.316159 2.58911)
(293.803 0.503982 -0.996828)
(271.671 5.48163 -6.89427)
(276.074 13.9247 0.391812)
(260.51 8.84999 1.46144)
(276.407 4.82646 -0.583859)
(299.632 -2.68086 -10.7929)
(280.977 0.847955 2.25146)
(274.899 3.38851 4.04081)
(286.945 3.36272 17.4827)
(297.112 -7.00311 -6.82385)
(299.321 -4.3985 21.5317)
(263.232 15.3688 0.814591)
(274.142 24.8828 -8.70128)
(290.987 -5.23255 6.8515)
(286.209 4.04822 -36.8442)
(283.374 10.4095 -9.00694)
(290.483 -0.274046 -3.71135)
(293.013 -0.0376145 0.0121588)
(285.265 -0.358107 -0.154376)
(284.782 -0.079167 4.21925)
(286.421 -3.65952 3.06884)
(277.007 -1.02001 -4.01397)
(293.555 -0.222119 -1.49954)
(323.519 -1.11673 -2.02063)
(230.466 33.357 18.2359)
(266.138 -0.457898 0.836678)
(282.406 6.35798 7.87966)
(289.906 1.80788 1.0655)
(293.957 -3.63782 6.02872)
(297.279 1.04099 -1.14587)
(296.422 -0.30569 -0.981628)
(287.47 3.97564 -5.92427)
(254.014 14.1423 -1.67675)
(290.444 0.897735 3.62138)
(247.559 17.131 -18.1418)
(282.619 -1.95823 -2.61354)
(281.872 0.0834676 -2.09517)
(269.769 5.5967 -2.88315)
(310.814 13.4505 -12.9732)
(302.897 2.85893 3.64703)
(282.558 0.759578 -4.39627)
(279.896 14.9084 -3.276)
(239.85 34.3505 -16.7654)
(302.13 3.37617 -1.71965)
(291.142 -2.74452 -3.63152)
(284.031 -13.1496 19.0187)
(289.378 1.29631 9.93288)
(298.165 0.355322 10.154)
(288.939 -2.90511 3.98418)
(274.04 -5.54859 4.33626)
(287.767 2.48828 1.46485)
(261.642 11.6607 -0.844642)
(294.214 3.67666 -1.5909)
(280.627 3.066 -14.6192)
(292.717 1.00617 0.755064)
(290.202 5.58638 -2.28086)
(285.493 0.556422 6.67385)
(315.871 3.37642 10.0657)
(212.455 27.1591 2.28515)
(261.634 20.388 9.51529)
(281.925 -8.37684 2.93501)
(290.897 -15.0054 -5.79639)
(304.028 1.75089 13.644)
(243.405 13.1624 2.17615)
(239.171 24.0069 -16.3298)
(289.863 1.70422 -0.811864)
(263.882 7.26627 0.664555)
(292.21 -1.16732 8.38409)
(297.171 -1.89555 -1.33636)
(267.038 3.93757 -0.842479)
(290.82 -0.00123681 -0.477)
(289.763 4.59317 3.18072)
(289.407 0.80793 -4.74464)
(294.893 -1.37756 -1.62506)
(272.418 12.1318 3.29281)
(294.754 2.2672 -1.08601)
(283.187 -1.30338 -1.08131)
(280.989 5.02603 -2.58489)
(260.427 18.993 -2.7174)
(311.234 2.11801 5.90208)
(257.978 29.9862 6.98192)
(300.026 -0.0864077 0.970962)
(286.158 7.25907 -1.56677)
(286.051 -1.43318 -5.47975)
(264.306 19.9114 -2.96531)
(294.456 2.00844 4.88144)
(322.673 5.21484 -6.87763)
(296.378 -0.402321 -1.71771)
(285.27 6.89681 -2.45243)
(286.911 4.70382 -1.41233)
(301.6 9.87762 10.7274)
(287.439 8.1532 -3.10486)
(279.409 -5.75631 4.77701)
(247.851 19.4312 -4.44082)
(239.703 19.0231 -32.7302)
(284.587 1.50666 16.855)
(322.472 4.74043 14.1209)
(260.993 23.9986 19.5508)
(280.178 -6.54464 1.07612)
(266.658 -1.80385 7.39565)
(258.719 20.1973 -15.6437)
(294.489 3.78192 -3.3142)
(273.711 17.7203 10.8763)
(286.885 -3.35932 16.5218)
(306.949 3.93756 -21.57)
(302.417 4.56974 6.30871)
(286.735 4.75322 6.53124)
(299.768 -0.185558 0.609948)
(273.13 44.6679 -1.06951)
(286.156 1.54535 -0.168773)
(272.64 19.2056 12.7293)
(281.489 1.15188 -0.123628)
(287.731 6.80463 2.6378)
(292.369 -0.494579 -0.330828)
(258.968 3.49969 10.6062)
(226.725 25.5451 0.0597241)
(269.166 -0.173207 -5.16303)
(298.873 2.82604 -2.48071)
(281.788 -2.19259 -6.24202)
(275.062 1.29286 5.38603)
(297.549 6.33101 2.03604)
(284.687 9.61974 12.1458)
(296.931 -2.90261 5.59215)
(295.625 0.0870326 -2.94729)
(243.473 12.2639 10.4719)
(253.534 15.6199 -15.1995)
(294.722 7.61266 4.92444)
(287.607 1.0998 -1.57848)
(291.563 -1.88882 5.33553)
(296.411 0.213584 2.50393)
(300.859 1.13054 9.66659)
(241.517 28.7341 -1.35884)
(287.251 10.0014 6.45752)
(283.07 -1.95352 -3.52014)
(300.304 -0.00294827 0.255603)
(293.239 -2.1764 -3.10941)
(290.814 26.8987 4.91483)
(233.503 28.6351 15.6522)
(264.272 24.9128 -21.8873)
(280.922 -0.929959 0.501981)
(294.028 3.93979 -4.44413)
(287.054 6.51155 -5.1897)
(246.185 19.8335 1.5297)
(280.841 5.95138 8.12462)
(251.954 5.96909 -6.89979)
(300.613 -1.86712 3.02824)
(281.259 -9.77278 3.42902)
(292.908 7.74428 4.41728)
(296.827 10.2892 6.08985)
(300.84 0.0581663 0.610188)
(303.086 -0.812383 -0.993475)
(259.711 23.1318 33.1353)
(307.92 0.489988 -4.83953)
(304.986 4.24967 -7.05241)
(246.894 26.9336 -11.7257)
(274.959 1.94079 3.08919)
(295.382 0.109166 -2.92041)
(282.883 -0.483635 1.40743)
(281.371 5.83866 -0.654011)
(300.704 1.23366 0.140218)
(296.318 6.84372 2.05047)
(249.56 18.8001 0.0373325)
(297.688 2.48146 -6.77338)
(308.371 0.666554 0.59343)
(271.156 0.640354 21.2402)
(290.283 -4.20161 13.4169)
(268.274 24.5473 17.638)
(309.003 2.18019 -16.3559)
(271.448 -1.37072 -5.04405)
(296.674 -0.103531 -0.223443)
(302.633 1.50094 1.70349)
(310.407 0.157781 8.97843)
(287.683 7.16599 0.0633937)
(295.591 5.26575 -2.27299)
(296.834 12.0433 -28.1494)
(299.357 -13.4676 8.50766)
(313.018 -1.73823 -1.07889)
(266.198 5.47094 4.36816)
(282.921 -1.15401 -6.26747)
(275.199 7.91063 -0.886264)
(302.627 0.0458941 0.483284)
(263.841 13.0171 4.77145)
(286.88 20.2521 -13.7607)
(301.754 -2.55254 -1.54384)
(300.162 -0.0838934 -0.16989)
(278.234 27.0586 29.5918)
(304.154 1.81611 1.15515)
(302.05 1.96761 0.763957)
(260.615 3.72906 -17.4787)
(274.942 6.1781 -2.76713)
(254.817 8.32008 -5.72913)
(297.037 1.92012 -9.68091)
(286.946 7.9683 1.54574)
(288.529 4.67023 0.944149)
(307.124 -2.81386 -4.09787)
(249.323 11.6391 1.36332)
(320.312 3.99264 11.3967)
(293.244 0.0861187 -16.5234)
(257.331 4.46088 -1.87944)
(289.031 10.8812 2.69025)
(237.579 27.7825 -13.7109)
(268.994 11.6962 -14.0447)
(262.16 23.8081 15.8277)
(317.036 -0.438259 7.74378)
(306.925 0.222247 -2.20721)
(306.516 0.186906 -1.85656)
(257.213 19.3194 13.6357)
(290.538 1.31258 1.85185)
(323.405 -0.847405 4.85547)
(281.997 19.418 -16.9884)
(301.189 -5.94313 -3.12974)
(302.546 15.9701 -3.30708)
(246.966 26.8051 -11.6665)
(253.955 20.4829 2.89925)
(290.63 1.32237 -1.58875)
(282.057 23.989 11.0411)
(312.385 -4.24517 -17.0947)
(276.5 7.48289 0.591394)
(287.16 0.249455 -3.42907)
(260.36 14.9549 -14.3561)
(267.911 13.3455 11.0663)
(302.806 -0.139083 -5.53158)
(323.414 18.3716 8.46138)
(248.375 20.0767 27.4895)
(316.196 7.36326 -0.842886)
(289.773 13.1319 -12.8327)
(314.68 -0.00198514 -1.01782)
(257.469 24.6588 -25.3155)
(315.592 0.806968 -6.22271)
(257.236 22.7877 -1.65241)
(265.108 13.775 10.2606)
(245.301 25.9668 -4.76129)
(307.334 1.29867 -10.2571)
(246.905 14.4957 20.0792)
(283.259 2.10445 -10.4071)
(248.808 12.7665 4.26333)
(302.56 -8.60195 7.08847)
(307.641 -4.2294 5.01275)
(291.873 0.604761 -0.140041)
(224.672 42.2455 23.0979)
(316.952 9.70812 -5.24903)
(308.277 0.826644 -3.91645)
(244.997 22.1407 12.269)
(301.818 1.938 8.85919)
(248.462 13.1832 -4.68647)
(276.29 0.0589935 0.0168864)
(299.206 0.581467 -1.12154)
(306.088 -2.69685 0.371427)
(306.567 -0.0657349 0.0459242)
(246.725 21.7088 -1.27604)
(302.07 0.253723 -0.571736)
(308.919 1.3517 -2.32902)
(277.968 3.66248 10.5954)
(319.111 -3.56956 14.173)
(321.446 -6.42579 5.10375)
(304.728 0.496627 -0.122226)
(257.641 26.6 -13.4167)
(329.536 2.84016 19.9164)
(241.688 37.1787 -1.92966)
(282.618 10.1773 2.70056)
(293.469 -0.946624 -9.60507)
(299.76 -8.68883 -1.43101)
(247.73 32.2286 -4.62414)
(290.758 8.95037 3.32771)
(303.279 2.04901 -3.38333)
(284.663 -7.20382 27.4896)
(283.394 18.9549 1.25419)
(283.246 1.43188 4.4041)
(272.779 35.3016 -5.03069)
(300.287 -7.32192 -21.2393)
(276.713 10.6778 -2.64226)
(315.509 0.130316 7.45376)
(309.254 -3.53291 -1.97415)
(271.321 -1.77767 10.971)
(310.765 2.00757 -0.968582)
(306.052 11.3119 -2.46655)
(293.216 6.63171 -11.1522)
(301.811 -13.6546 9.91824)
(332.254 3.09747 19.1756)
(308.433 1.04433 -0.66675)
(282.649 3.70779 4.41133)
(269.614 22.7736 -0.109092)
(275.621 -0.284331 -5.11619)
(311.151 0.947835 -1.01979)
(306.1 -2.69406 16.8113)
(302.086 -0.27229 -23.0702)
(297.246 8.72131 -1.51221)
(315.976 -1.66853 -2.64505)
(286.177 3.82473 0.769148)
(287.037 15.2357 -5.90927)
(297.129 -2.54621 1.10998)
(296.208 10.0897 3.56094)
(310.099 -0.0175021 -0.0148029)
(309.572 -0.451032 -1.73729)
(309.404 4.82838 -0.44914)
(275.546 31.0299 -21.9113)
(276.242 12.8575 -8.59518)
(304.933 0.806738 -3.62158)
(278.582 8.33314 -6.49986)
(327.212 8.42564 5.37879)
(296.412 0.929321 -3.24108)
(296.708 2.63787 1.70013)
(263.421 0.619068 6.32694)
(296.832 4.51392 6.24272)
(261.198 34.2493 7.98216)
(294.163 -6.9119 7.47614)
(267.182 16.7988 23.2611)
(290.768 5.8707 -7.17068)
(298.681 8.27798 -9.60681)
(276.274 9.54824 -2.4499)
(275.514 -0.954722 -12.3673)
(313.199 7.03001 2.85997)
(320.531 -4.64647 -3.76198)
(272.371 1.68493 -1.90586)
(312.005 0.24701 -0.0334625)
(284.977 -2.20681 -3.22215)
(297.039 9.10301 3.6805)
(250.643 12.6493 18.0577)
(308.158 -6.37105 -4.07918)
(318.346 13.1776 1.81183)
(290.694 3.31968 -3.24362)
(313.677 -7.84883 21.7218)
(265.502 -3.0407 4.63267)
(313.31 -0.0762005 -1.5325)
(254.139 17.9577 -2.34597)
(260.254 18.7108 -15.3174)
(317.871 -2.94788 23.3215)
(321.466 -8.94529 -13.5512)
(293.548 3.94598 15.4532)
(325.33 3.36001 -5.49173)
(316.071 0.142617 4.76294)
(308.173 8.36532 -12.4004)
(321.035 1.32831 -2.91163)
(266.323 33.4177 2.2762)
(317.6 3.41589 0.396009)
(263.751 19.0494 12.9855)
(304.781 -2.08171 25.3528)
(294.706 -0.88154 -1.40648)
(257.782 4.94736 -1.96304)
(308.621 3.33393 1.75591)
(276.024 14.5376 -8.26071)
(234.106 24.0394 16.1833)
(304.177 12.2617 -22.5654)
(309.678 -0.00341062 -1.38607)
)


// ************************************************************************* //
