/*--------------------------------*- C++ -*----------------------------------*\
  =========                 |
  \\      /  F ield         | OpenFOAM: The Open Source CFD Toolbox
   \\    /   O peration     | Website:  https://openfoam.org
    \\  /    A nd           | Version:  7
     \\/     M anipulation  |
\*---------------------------------------------------------------------------*/
FoamFile
{
    version     2.0;
    format      ascii;
    class       vectorField;
    location    "0.7/lagrangian/reactingCloud1";
    object      UTurb;
}
// * * * * * * * * * * * * * * * * * * * * * * * * * * * * * * * * * * * * * //


2581
(
(0 0 0)
(0 0 0)
(0 0 0)
(0 0 0)
(0 0 0)
(0 0 0)
(-0.824378 -4.23068 12.6949)
(0 0 0)
(0 0 0)
(0 0 0)
(0 0 0)
(0 0 0)
(0 0 0)
(0 0 0)
(0 0 0)
(0 0 0)
(0 0 0)
(0 0 0)
(0 0 0)
(0 0 0)
(0 0 0)
(0 0 0)
(0 0 0)
(0 0 0)
(0 0 0)
(0 0 0)
(0 0 0)
(0 0 0)
(0 0 0)
(2.55593 10.9296 11.7288)
(0 0 0)
(0 0 0)
(0 0 0)
(0 0 0)
(0 0 0)
(0 0 0)
(0 0 0)
(0 0 0)
(0 0 0)
(0 0 0)
(0 0 0)
(0 0 0)
(-3.31153 -2.90513 -2.18801)
(-0.202503 0.327236 -0.204323)
(-14.3887 -2.43103 -5.88318)
(-0.0686972 8.18146 1.48021)
(0 0 0)
(-7.21586 -1.33207 1.92994)
(-1.13873 -0.83276 3.25264)
(0 0 0)
(0 0 0)
(0 0 0)
(0 0 0)
(0 0 0)
(0 0 0)
(-2.97013 -0.93436 -2.278)
(0 0 0)
(0 0 0)
(11.0262 6.81657 6.23764)
(0 0 0)
(3.79904 3.61502 1.6168)
(0 0 0)
(0 0 0)
(0 0 0)
(0 0 0)
(0 0 0)
(-9.1967 -5.62121 7.48516)
(20.5732 3.0028 4.4202)
(11.2457 11.2414 0.104597)
(-0.556373 1.10823 -0.246668)
(0 0 0)
(0 0 0)
(0 0 0)
(0 0 0)
(0 0 0)
(3.6274 -6.46878 -3.32761)
(0 0 0)
(0 0 0)
(0 0 0)
(0 0 0)
(0 0 0)
(-0.237205 -0.460542 -0.556658)
(3.51316 6.1945 0.476838)
(1.46149 6.45406 3.23359)
(0 0 0)
(0 0 0)
(0 0 0)
(0 0 0)
(0 0 0)
(0 0 0)
(0 0 0)
(0 0 0)
(0 0 0)
(0 0 0)
(0 0 0)
(0 0 0)
(0 0 0)
(0 0 0)
(0 0 0)
(0 0 0)
(0 0 0)
(0 0 0)
(0 0 0)
(0 0 0)
(0 0 0)
(-2.89052 -1.67901 -7.84399)
(0 0 0)
(0 0 0)
(0 0 0)
(0 0 0)
(-5.0679 -2.90037 5.46241)
(0 0 0)
(0 0 0)
(0.608011 2.04823 -2.4561)
(0 0 0)
(1.72667 3.06475 2.66207)
(-0.332126 0.0351249 -4.72052)
(0 0 0)
(0 0 0)
(3.39173 0.863012 3.16647)
(1.32959 -2.00433 2.56707)
(0 0 0)
(0 0 0)
(0 0 0)
(0 0 0)
(0 0 0)
(-8.65507 10.9584 -1.10918)
(0 0 0)
(0 0 0)
(-5.79136 -5.46081 0.238866)
(-5.21819 23.3353 -10.56)
(0.337946 0.497645 0.934392)
(0 0 0)
(0 0 0)
(0.67157 -0.445721 0.014961)
(0 0 0)
(-0.0175888 0.0489248 0.0269306)
(0 0 0)
(-0.962265 -8.31948 -0.729359)
(0 0 0)
(0 0 0)
(-5.77482 -5.93798 -6.18406)
(0 0 0)
(2.61424 0.6653 -16.5423)
(0 0 0)
(3.25436 -1.13356 -0.658574)
(-0.0337341 0.0938343 0.051651)
(1.63502 -9.9744 0.128306)
(0.0615912 -5.50541 -11.3471)
(-1.0194 -0.0307428 1.40326)
(-0.105451 -0.198109 0.2333)
(-0.478105 -2.81311 -1.33618)
(-2.54164 1.14134 -0.778782)
(-3.61355 -1.46433 -0.41957)
(1.37278 0.349361 -8.68667)
(-15.9377 -8.46734 -5.2994)
(0 0 0)
(-0.63817 0.0312385 0.151532)
(0.451207 -4.48037 2.91933)
(0 0 0)
(-0.393931 -0.561829 0.287197)
(17.9952 25.7288 21.3446)
(-1.04782 5.91156 -4.24038)
(-0.423372 2.3112 -0.824611)
(-16.9866 2.32773 7.13974)
(0 0 0)
(15.4982 22.1588 18.3829)
(-1.0697 -4.77294 0.576316)
(11.4447 -19.7759 1.62357)
(7.88433 -4.78238 -2.32607)
(0.478766 -0.782059 -0.123917)
(-6.30957 -13.6759 -22.7275)
(4.99068 10.1613 -2.80205)
(0 0 0)
(2.82271 -0.0084305 -1.61826)
(0 0 0)
(-5.41536 4.60753 5.35422)
(10.3319 12.2494 4.24594)
(0.171015 -1.69814 1.10648)
(6.10914 7.24292 2.51057)
(0 0 0)
(0 0 0)
(3.6453 -3.08844 -3.20967)
(0.427389 -0.285071 0.478668)
(0.299131 -2.7533 -3.27355)
(-1.89498 -0.314563 -0.0875914)
(3.72112 -1.66126 -2.03287)
(2.13261 -4.05277 -3.94499)
(-11.1954 9.4066 1.56076)
(0 0 0)
(-0.101946 -0.107816 -0.328653)
(-1.90495 -1.08671 -1.02354)
(0 0 0)
(0 0 0)
(1.26393 -1.02025 -1.6723)
(9.64188 14.612 -2.17597)
(0 0 0)
(1.04545 5.79855 -3.90371)
(1.69379 -1.92823 12.0228)
(-20.7425 -6.70601 -3.60475)
(0 0 0)
(0 0 0)
(0 0 0)
(-0.50706 0.482204 -0.709054)
(-3.58685 -3.93281 -0.848116)
(17.652 10.3851 -0.602188)
(-0.405949 0.370308 -0.413983)
(-11.8618 -8.76231 3.0684)
(0.294007 0.151568 -0.163574)
(-4.4287 1.44584 6.12387)
(0 0 0)
(-2.92683 -0.447596 -0.368516)
(0 0 0)
(2.30355 -3.95448 -9.62982)
(4.98847 -4.72342 1.23431)
(-0.641945 -2.39306 0.57559)
(-5.44665 -2.44765 3.29232)
(3.50103 -1.25373 -1.18991)
(2.09136 -1.18354 2.83931)
(1.83547 -0.443716 -0.704292)
(1.53323 -5.71004 -1.56618)
(-5.10283 16.6297 9.12642)
(0.997855 1.42874 0.590528)
(4.59763 4.15083 4.1725)
(0.779226 5.96239 -9.2344)
(-1.75485 -10.035 -14.5939)
(-2.78848 -7.69268 3.00123)
(4.58241 -2.29261 -1.66398)
(0.0296478 10.928 -4.41991)
(5.78418 -1.96771 1.06012)
(4.45278 3.92369 -6.38842)
(2.28204 -3.9738 -3.54694)
(2.65692 5.55563 2.59328)
(-12.2536 -8.94934 -2.60216)
(0 0 0)
(0 0 0)
(1.81474 -0.412004 -1.3805)
(4.31788 -5.13978 2.87777)
(-2.47975 -3.35649 -1.8167)
(2.50449 -2.75109 2.22551)
(0 0 0)
(0 0 0)
(0.339963 2.13255 -0.801193)
(8.39087 2.079 19.9907)
(0.975343 -14.3574 13.8134)
(0 0 0)
(0 0 0)
(0 0 0)
(3.34654 0.899888 -1.55263)
(0.203464 -0.433439 -1.17187)
(-6.64338 16.0683 -1.6968)
(-2.27498 -1.77963 -3.62112)
(-14.5899 -2.35335 -10.0899)
(-2.15724 -2.99819 -9.74455)
(-6.83327 0.842871 -3.04752)
(-17.3676 7.52598 -8.81128)
(4.13212 -1.15907 4.60251)
(-1.99318 -15.1924 3.11641)
(-2.11322 -5.05301 -3.04929)
(-4.938 -3.76346 -2.86161)
(-2.35919 -0.681034 -1.15916)
(-1.21967 -2.76083 -5.98147)
(-5.9965 -2.96954 -5.1836)
(2.87975 3.49272 -0.757299)
(-0.625432 -2.84318 -4.40012)
(0.333228 -1.02377 -1.00198)
(1.79348 -3.73443 -0.0933752)
(-2.89389 -1.08769 3.27862)
(0.780512 -3.6019 1.65734)
(-0.337941 -1.57665 -2.36103)
(1.43646 -1.01591 0.288276)
(-5.60348 -2.71881 -2.20365)
(-0.57824 -1.12198 -5.28468)
(-1.35567 -9.80076 7.79558)
(-1.8519 -3.26533 2.58939)
(0.431261 -3.17081 -2.06656)
(-1.74882 -2.60682 -0.994588)
(1.20042 -1.22395 0.72683)
(2.78403 -1.0511 -1.99839)
(0.88824 0.0977685 2.80418)
(-1.63996 -1.2662 -0.128101)
(-0.381202 -1.65084 -1.0581)
(0.0102811 -0.99743 -0.470819)
(0.287131 -4.55879 0.00733579)
(2.52771 -3.66538 -0.848111)
(-0.0699455 -1.07191 0.314036)
(-0.800286 -0.827308 1.45118)
(-6.12599 -1.98052 -1.06461)
(3.70261 -4.3256 -1.48607)
(-0.953426 -0.931419 2.70731)
(-0.556554 -1.39489 -0.469992)
(-0.474315 -2.55166 3.73519)
(0.298342 -4.73679 0.00762223)
(1.00107 -2.97529 12.8484)
(-0.263407 -0.15087 -0.39193)
(-0.596086 0.977026 -0.465195)
(7.28766 2.36964 3.48695)
(0.835859 -0.270603 0.956317)
(-5.40036 5.01673 -20.4613)
(2.34967 -12.0446 -5.7386)
(4.2568 -1.33848 5.26661)
(1.67716 1.26634 3.18103)
(3.46775 -13.4566 -14.3415)
(-2.42685 -9.08775 0.71851)
(-6.05096 -3.6806 -0.330369)
(-0.275115 -0.311445 -0.828834)
(2.90868 1.1338 -0.342714)
(1.76457 -15.627 0.281273)
(0.199452 0.481962 1.48953)
(0.381103 0.826066 -0.458225)
(-0.0877959 -1.46939 0.322797)
(-3.5281 0.219446 -3.64076)
(0.308316 -0.436142 0.998334)
(0.156021 -2.05104 -1.0952)
(0 0 0)
(1.74449 11.8027 6.05239)
(-2.86871 -11.0049 -11.4317)
(14.0501 -4.08045 4.95687)
(3.04596 1.01068 -2.93907)
(-12.0037 -5.35641 -3.44418)
(0 0 0)
(-1.5908 -2.3641 0.79908)
(-0.0683672 -4.14393 1.22885)
(1.00448 -1.297 0.332203)
(-15.5189 5.01081 13.4747)
(0 0 0)
(0 0 0)
(3.33136 -10.2951 -7.41375)
(-0.271304 1.94363 -2.21536)
(-10.6786 -3.30553 -6.38557)
(16.6047 5.25741 5.34895)
(10.2184 -9.16154 -1.98989)
(-1.89334 -5.9182 5.72228)
(6.68161 -2.40982 3.70101)
(9.04408 8.13085 5.42763)
(-0.339124 0.400496 0.891097)
(-2.59662 -3.03625 -1.27663)
(0 0 0)
(-4.6344 9.14637 -8.97293)
(0 0 0)
(4.21877 -0.134318 2.36715)
(-10.8394 9.06599 -14.6502)
(0 0 0)
(-4.56545 0.857553 -0.902069)
(0.508989 -0.956005 1.13305)
(4.80917 -1.04276 -11.0526)
(-3.35867 -16.0801 -7.98675)
(-1.13262 -3.89193 3.59499)
(10.7206 -5.56686 -2.0883)
(0 0 0)
(2.21846 4.61425 1.17888)
(3.0884 -5.83142 -3.40865)
(0 0 0)
(-0.543008 -1.42872 -0.415739)
(-1.10383 -1.49147 0.604499)
(1.57335 -3.27608 -0.0819145)
(-0.09254 -0.136891 0.280142)
(2.56803 -2.18358 6.22518)
(2.15988 -1.00154 -0.0199877)
(1.44516 -2.97247 -0.800515)
(0.639349 -1.26124 0.0398144)
(-0.603272 -1.21649 -0.511331)
(1.68787 -0.302648 1.05389)
(3.32142 -4.45977 -0.581786)
(-4.61104 -2.16603 -0.850137)
(0.0859872 -0.650923 3.39079)
(-1.0784 -0.476614 0.549316)
(-1.59637 -3.63459 -0.74601)
(-1.68902 -0.589828 -1.96334)
(0.111048 -1.10267 0.718483)
(0.000929888 -1.15673 6.09001)
(3.77571 -0.926811 -4.38004)
(0.247367 -2.4046 1.90817)
(-3.95911 -0.939024 2.36895)
(-0.0826138 -0.572209 0.0788134)
(-5.29691 -1.58801 -4.92474)
(1.04974 -4.50351 -1.73783)
(-0.00308901 -0.113833 -0.0462954)
(-0.199308 -0.284255 0.145306)
(-2.55518 -7.23747 1.23002)
(0.184585 -0.602371 -0.85327)
(0.21364 -1.19346 1.00843)
(-1.07378 -0.852242 -0.782176)
(4.29236 -0.762874 -9.35819)
(-4.64151 -2.38213 -2.85744)
(1.64252 -0.929532 2.22994)
(-2.31448 -1.62247 -1.00746)
(-0.349726 -0.507751 3.72186)
(-5.69485 -1.71215 -0.979811)
(0.0912537 -0.342246 -0.192858)
(0.147943 -0.173408 -0.0540821)
(4.98977 -0.166329 0.939134)
(1.2115 -4.51184 -1.23753)
(-1.38786 -1.92889 -6.26916)
(-0.161887 -2.09591 -0.495902)
(0.0253815 -0.980715 -1.17574)
(3.15082 -1.88297 2.9264)
(-0.115094 -1.4856 0.161841)
(-1.70076 -3.91191 6.46006)
(-0.266947 -3.05592 -2.23254)
(0.705051 -0.757819 2.44153)
(3.62266 -1.16507 2.24057)
(2.93143 -0.545593 0.681261)
(3.94578 -1.14594 1.39207)
(-1.14758 -0.792202 -0.619417)
(0.517722 -3.2238 1.0788)
(0.521852 -1.33082 -0.459964)
(-3.10928 -2.14865 2.21063)
(0.642268 -1.91918 -2.1968)
(-0.954828 -0.731427 -1.86949)
(-0.297432 -0.854997 -0.938524)
(-1.51574 -2.40524 2.86894)
(0.0911539 -0.0756205 -0.0483861)
(-0.274964 -0.459669 -0.236203)
(0.165425 -1.45723 -1.36948)
(0.91593 -1.67251 -1.5737)
(5.20948 -4.05009 -3.12627)
(-0.319062 -0.186656 0.0462532)
(13.4019 4.22232 10.6579)
(-5.26122 1.66454 -0.564435)
(-17.2927 -12.1079 5.08758)
(18.1439 18.5581 20.2995)
(-0.609428 -2.17955 -2.80647)
(7.92508 -13.7985 5.95742)
(-0.040732 0.316275 0.873454)
(17.8259 -10.7713 0.925679)
(-5.65947 -2.58471 -6.8459)
(7.10582 -23.326 7.41537)
(-1.79896 -4.10467 0.207504)
(-1.12752 -0.557837 0.98966)
(-0.313846 -0.018188 -0.229717)
(1.46429 0.0466476 -1.0367)
(4.05873 -3.45465 1.98892)
(-6.68777 -5.18886 -7.93054)
(2.0869 -8.09822 -8.63076)
(0.914712 -1.53547 2.26392)
(-7.30146 9.70437 8.34029)
(0.0274914 -0.189277 0.130323)
(-2.52181 -1.45736 2.08073)
(-1.08148 1.31034 -3.63118)
(-6.36683 11.8934 3.90028)
(-1.28426 9.17474 12.5622)
(2.21498 5.43156 -3.61086)
(0.204197 -0.365524 0.39329)
(-1.64262 -0.569475 5.41555)
(1.71343 -1.77337 0.674462)
(3.71443 -2.43479 2.06092)
(1.45333 -1.96022 1.1024)
(-0.917438 2.58865 1.1806)
(-1.84796 -0.466622 0.865003)
(-3.99255 1.24709 -3.77493)
(1.22595 -12.4686 1.43415)
(-4.45482 -0.227817 -2.40088)
(2.86192 16.0013 -11.6438)
(0.871338 -0.714101 1.07597)
(6.36474 4.12855 4.59262)
(-5.16502 1.4177 4.43495)
(10.8708 -3.2583 0.394216)
(-1.64133 -3.42833 -2.41125)
(10.9185 12.4829 1.88089)
(1.76052 -14.3626 -6.02091)
(0.0440133 0.00534254 -0.0286519)
(2.10841 7.71901 1.79997)
(-2.46756 -3.47122 -3.20042)
(10.7686 7.74152 14.3109)
(-1.85088 -4.05637 0.330535)
(-0.915911 -1.53117 -0.786795)
(-1.1738 -9.80564 -4.08627)
(9.33878 -1.9004 -17.8613)
(2.34807 -5.12104 -4.08332)
(1.70022 -2.62244 1.96777)
(1.8292 1.76788 -4.37299)
(-1.10581 -1.10378 0.12126)
(2.12095 -13.9089 -7.16579)
(0.577835 1.11428 -4.40955)
(-7.01498 -7.64386 -0.747298)
(2.41455 -0.65898 0.910586)
(2.28964 -0.416954 -4.2825)
(-1.43798 6.80141 -2.41776)
(1.80375 2.79934 0.824513)
(-15.765 3.16799 3.23603)
(1.02139 -0.654318 -0.214735)
(0.28176 1.71117 0.967796)
(-0.726662 2.3967 5.32557)
(0 0 0)
(1.8024 -12.3031 -4.97898)
(0 0 0)
(4.58856 -4.65219 3.67487)
(2.84864 -1.47193 -0.414339)
(-1.60791 -2.17914 4.56226)
(0.506465 -0.567866 -0.746357)
(-1.23245 -0.566621 3.14281)
(0.246375 -0.756936 -0.740826)
(-1.9747 -2.12027 -4.7065)
(-0.104525 -0.124897 -0.623755)
(-0.260172 -1.21382 -1.8177)
(0.973027 -0.0788496 -1.24106)
(0.917285 -1.37334 -1.5512)
(1.38299 -2.84461 -0.766082)
(1.37831 -0.501567 -4.50734)
(-0.169346 -1.78569 -6.02079)
(0.590611 -1.1651 0.0367793)
(1.32776 -0.238077 0.829038)
(-4.70104 -2.28095 -1.84876)
(1.57069 -2.69639 -6.56615)
(-1.43206 -3.18044 -1.43262)
(-12.4864 -1.53685 -2.47674)
(-6.7501 -2.27073 2.64353)
(1.16284 -0.511947 -0.988767)
(-0.155096 -0.0905182 0.339378)
(-2.20886 -1.32429 1.3176)
(1.26871 -0.802456 1.61005)
(0.112504 -1.31281 -0.711256)
(2.34158 -0.627519 -0.553752)
(0.244808 -0.554872 -0.46737)
(2.00913 -2.28568 1.60748)
(1.44835 -0.283265 1.43597)
(0.933362 -0.417631 -0.888479)
(1.28116 -0.474136 -0.429881)
(1.13671 -4.41101 -4.70107)
(-2.49231 -5.37376 3.8761)
(-0.0971002 -0.263693 -0.654837)
(0.165266 -1.10688 -4.49995)
(2.80533 -0.264308 -0.408122)
(0.373943 -0.343888 0.100507)
(2.07697 -0.784153 -1.49086)
(-0.205885 -0.35221 2.504)
(2.41863 -0.375104 -1.51954)
(-1.21738 -0.599948 0.955782)
(-0.605344 -1.61641 -0.369664)
(-1.98521 -0.652808 -1.02746)
(1.54679 -1.53032 -1.79066)
(1.47586 -0.387187 1.69841)
(-3.61381 -0.233855 -1.26434)
(-3.63577 -0.236272 -2.92856)
(-1.75123 -0.980992 1.18195)
(-0.562726 -2.65553 2.44594)
(0.770794 -0.625611 -0.911071)
(-4.06895 -2.3858 -0.951877)
(-1.70798 -1.30172 -0.989786)
(-3.25083 -2.4014 0.840926)
(-0.588226 -0.316527 -0.197092)
(1.11998 -4.77009 4.79123)
(-0.12645 -0.441896 0.116978)
(5.06279 -1.52044 -3.28533)
(2.58055 -1.10903 0.880888)
(-0.591248 -1.62049 2.57503)
(4.44944 -9.6901 -5.27397)
(0.180857 -0.590204 -0.836036)
(-0.235184 -1.06349 -0.349665)
(0.665263 -0.660921 -0.369403)
(0.758589 -0.859464 -1.28185)
(-2.39245 -1.79559 -5.48451)
(-0.651819 -1.32182 -0.0262751)
(0.370816 -9.33045 -3.43588)
(-0.335715 -0.743036 2.77618)
(-1.96974 -3.92495 -0.624364)
(1.02628 -0.60081 0.0360079)
(-0.207208 -0.125973 -0.0943635)
(1.3941 -0.887746 0.520471)
(-1.56395 -0.134159 1.34583)
(0.137441 -1.33329 2.23564)
(3.3822 -0.588033 2.04257)
(1.48847 -0.842351 2.02079)
(-0.644974 -0.843639 -1.93283)
(0.408391 -0.143281 -0.336418)
(2.1346 -1.62405 1.02444)
(1.1387 -4.24072 -1.16317)
(-1.6282 -1.83779 0.889527)
(0.378756 -4.95961 -2.79242)
(-0.154384 -1.99878 -0.47292)
(-0.404116 -1.05098 0.0631276)
(-3.88673 -9.49123 4.29244)
(-0.0495998 -0.247056 -0.255932)
(-0.524451 -1.57578 1.01735)
(0.0241695 -0.933885 -1.1196)
(0.592194 -1.78293 1.66763)
(-0.483025 -1.56444 1.2308)
(-1.20367 -0.492139 -0.0621997)
(5.0144 -0.681406 -4.03259)
(-1.40734 -0.858351 -0.407004)
(0.122936 -0.0709755 -0.382194)
(1.94908 -4.25086 -3.38947)
(-0.222422 -0.251794 -0.670088)
(-0.280688 -0.964506 0.890917)
(-0.537443 -1.67994 1.62432)
(0.475198 -2.95901 0.990195)
(-0.437417 -0.335201 1.24116)
(1.48216 -0.336499 -1.12751)
(-0.0296328 -0.0750702 -0.0165307)
(-1.23478 -0.891003 0.832836)
(-1.45523 -0.26637 -0.851773)
(3.08866 -0.366925 0.567936)
(-0.768264 -0.977144 -0.201372)
(-0.0747449 -0.202894 1.63579)
(-0.134434 -0.068963 -0.182289)
(0.185456 -0.308943 0.499571)
(-0.476855 -0.67879 -0.266835)
(2.77826 -0.694913 0.573511)
(0.153026 -0.273925 0.294733)
(-3.55638 -0.65761 -0.499175)
(1.87366 -1.66177 -2.10916)
(-0.446647 -1.8765 -0.596408)
(1.93072 11.7361 8.16343)
(0.209648 -1.25112 1.8058)
(-0.693451 -1.29565 -1.10586)
(4.83493 -7.24912 -15.3909)
(-15.8872 9.91933 -2.5132)
(0.228664 1.06233 0.798248)
(-11.1672 21.7347 -10.7317)
(-0.403196 0.286986 -2.10613)
(-6.12879 5.81938 4.24017)
(1.84239 -9.54215 -0.0813862)
(20.0694 12.675 4.01105)
(1.42073 -1.96037 -3.89501)
(-2.90975 -4.22623 -7.24688)
(0.0995356 -1.98081 -0.430286)
(-0.320247 -0.72676 -2.66175)
(-8.98451 -2.3546 1.45384)
(-0.198951 10.1244 6.37684)
(-12.1456 10.7666 -1.75532)
(1.48637 1.83067 0.630237)
(-3.71836 -1.84029 -1.55567)
(-2.88546 -7.80298 7.29643)
(8.19423 11.2683 -0.800697)
(-0.617721 5.78138 3.43112)
(8.14633 -1.57223 -5.33705)
(0.571803 -6.45514 -4.64894)
(-2.83722 3.2736 1.58139)
(-0.104308 6.2367 -3.18014)
(-2.51449 0.0420681 5.04104)
(2.4484 -1.99987 1.43836)
(2.22656 4.18873 5.9343)
(7.50809 -12.5958 0.491109)
(0.520126 -1.16995 -1.00272)
(-0.755317 3.19528 2.42812)
(-1.86882 7.60619 -4.79601)
(-2.14396 6.50856 -4.46439)
(-2.33493 5.5265 -0.324016)
(0.0536009 -0.5269 -0.302039)
(1.79404 -0.940642 -2.37197)
(0.584966 -0.655904 -0.87722)
(8.84766 -3.84533 4.68379)
(-0.177889 -0.172532 -0.153787)
(3.43519 10.2473 1.58879)
(-5.68923 -3.97524 -0.274877)
(-14.2732 19.96 -0.23614)
(14.7479 2.54547 -5.453)
(-2.01598 -2.84084 -1.71512)
(3.15429 4.01114 2.77883)
(2.07424 0.433514 1.21981)
(-4.92734 2.59717 4.81679)
(-24.2442 -7.59194 -3.47408)
(2.37351 -2.52962 -24.3185)
(1.22026 -3.03637 0.172905)
(1.1619 14.7349 -0.11148)
(1.99119 -16.594 -5.42642)
(0.35465 -0.467659 -0.967229)
(6.45046 -5.6317 0.722616)
(-1.08643 -2.77113 -0.849923)
(0.4223 -7.63176 4.61492)
(-0.65553 -0.854855 -1.25256)
(-0.605867 -5.06125 -2.10916)
(-3.23739 -5.13723 6.12763)
(5.14875 6.50256 -8.77088)
(8.72869 -1.3145 -2.0556)
(-11.8216 4.93373 -2.60449)
(2.39071 -9.21006 -1.05272)
(2.1697 -1.62949 0.877901)
(0.427726 -8.70229 -1.79921)
(-0.278864 0.478432 -0.416131)
(-0.100172 2.29684 0.306434)
(26.9499 -8.80297 27.5289)
(-0.767567 5.25869 -4.23381)
(-19.74 -14.4991 -0.432807)
(3.30563 2.29749 -1.63482)
(8.97777 1.71524 6.183)
(-6.86671 9.89152 -6.22163)
(-2.90453 -3.30824 2.74812)
(0.612078 -8.2974 -4.45354)
(9.09898 -2.15674 2.7892)
(-0.497537 -0.644623 2.79)
(-0.325091 -3.72154 -2.71881)
(-2.96711 5.60164 -0.893548)
(0.660118 -10.3184 -12.4295)
(-2.12285 6.34118 -1.85534)
(-0.793516 -2.45073 0.393225)
(2.48781 -7.27059 0.70162)
(2.86613 -3.14114 -3.87563)
(-0.480033 -1.26303 -0.367524)
(14.2545 -2.70542 -5.18778)
(4.63186 -2.39333 -0.67371)
(-0.0429285 -0.333156 -4.5295)
(0.477052 -0.534887 -0.703012)
(-0.0227456 -0.176522 -2.39995)
(-2.6239 -3.54536 1.43695)
(2.5412 -3.82955 2.46746)
(3.38641 -4.2132 3.82738)
(-1.61761 -2.19228 4.58976)
(-0.370736 -1.17945 5.15379)
(-10.7301 -4.03299 12.1566)
(-0.956834 -1.29286 0.523999)
(-1.89262 -0.640245 1.02484)
(-0.482911 -0.57703 -2.88179)
(-4.21118 -2.03693 0.702548)
(0.102494 -2.97514 3.86011)
(-0.614412 -2.20348 -1.57747)
(-1.05961 -0.701264 -1.56167)
(-7.05038 -0.169461 -3.45844)
(4.84458 -4.11932 11.7438)
(-23.7708 -5.89563 -7.86048)
(-0.713391 -3.3283 -4.98412)
(-4.29104 -21.8769 22.519)
(2.843 -4.6746 -0.299621)
(6.5597 -2.80298 -5.159)
(-1.00367 -3.92182 0.723201)
(-10.5438 -4.68573 -2.97382)
(-0.407314 -0.619992 -0.224109)
(-14.6819 -14.1134 4.68856)
(0.709939 -1.75006 -2.53399)
(-2.94857 -0.753572 2.00749)
(1.24489 -2.96701 2.19925)
(0.347713 -4.62287 -1.10817)
(1.42598 -0.219255 0.42879)
(4.60292 -2.36185 -5.81881)
(4.35804 -1.91864 -3.70564)
(-0.332632 -0.562785 0.503127)
(-0.273995 -0.658726 0.36409)
(-2.29326 -1.01914 -0.646804)
(-6.99561 -7.57787 15.4884)
(-1.90186 -2.55634 0.110935)
(1.38541 -1.06687 -2.42137)
(35.4921 -26.4681 7.71681)
(5.46057 -7.87394 -3.94984)
(-0.489331 -0.293806 -0.240466)
(11.536 -6.06301 -5.49811)
(7.20957 -1.93209 -1.70496)
(-4.5486 -6.35952 0.471593)
(1.63854 -8.90407 1.06573)
(1.96242 -2.74133 4.26653)
(-1.48442 -3.37969 -0.693693)
(0.874883 -5.73737 -2.95586)
(0.776975 -3.56195 -1.63931)
(1.24516 -4.83182 -5.14956)
(0.316417 -1.15463 3.15239)
(0.0956269 -3.25612 3.8016)
(-2.52297 -5.97758 -3.22834)
(1.28495 -5.87723 -0.26665)
(-8.87312 -13.5951 9.45204)
(2.2381 -1.57867 1.34239)
(0.687974 -2.65826 -1.51699)
(5.04172 -3.72773 -2.73731)
(-0.535288 -1.91527 -8.28886)
(5.83553 -0.905029 -3.66625)
(2.10737 -3.16826 -3.29165)
(0.375515 -5.64316 1.40102)
(-0.913997 -2.44059 -0.558149)
(-3.60876 -4.67386 4.88102)
(-23.211 -6.95863 -21.5801)
(-0.112262 -0.682905 0.93302)
(-0.931117 -1.30182 0.0965369)
(0.0427079 -0.572943 -0.133314)
(-0.0109956 -0.393775 1.10118)
(2.56347 -1.73371 -0.997047)
(-2.73011 -1.52964 18.6964)
(0.125875 -4.26171 -2.24227)
(-0.634161 -0.124206 -0.389363)
(-2.18797 -0.719484 -1.13241)
(-7.61222 -2.07288 3.06769)
(2.44258 -4.53867 -3.21038)
(-12.741 -2.26664 7.40019)
(-14.1657 -10.4643 3.6644)
(-0.345099 -0.196656 -4.21655)
(0.0126566 -0.118665 -0.0765983)
(1.9416 -3.68977 -3.59165)
(5.22696 -4.68633 -1.01787)
(-2.52148 -1.59489 -6.01744)
(10.0953 -10.7991 -10.4413)
(-10.1986 -4.15399 1.25711)
(-4.19158 -3.23629 -0.327416)
(-3.99791 -12.7717 8.06802)
(0.778093 -1.74927 -1.81838)
(-3.38187 -6.1649 8.90983)
(7.78501 -16.6786 3.69509)
(1.84816 -1.8361 -1.02624)
(-2.01769 -5.18014 -4.13988)
(0.40532 -3.7307 -4.43563)
(3.79239 -0.811385 4.4899)
(0.21928 -3.48152 0.0056023)
(-0.603304 -1.33529 4.98899)
(-5.78101 -4.43353 -0.0392951)
(0.350821 -4.92813 -1.01458)
(-2.95591 -5.99429 -0.119154)
(-3.49055 -0.0995875 -0.806587)
(2.47179 -1.18364 -1.24399)
(1.19788 -0.179659 -0.216918)
(1.20276 -0.556621 0.883597)
(-1.16792 -1.69566 12.4293)
(-0.478806 -2.62318 -2.09555)
(-1.3694 -1.11401 -1.7583)
(-0.313814 -2.85477 0.623326)
(10.7925 -5.00294 3.1651)
(0.936284 -1.29734 1.69199)
(1.83175 -3.44048 4.07764)
(-13.7154 -1.48523 -1.85748)
(3.66783 -3.63585 5.6722)
(-13.8938 -8.45113 -0.758571)
(-1.7246 -13.1452 2.69646)
(-7.9431 -1.34977 -2.13377)
(-1.83018 -1.00226 1.58118)
(-10.0513 -7.31507 -4.47507)
(0.61575 -1.06574 -2.30478)
(-7.72177 -6.11347 1.22695)
(-4.29175 -2.71702 2.47682)
(0.412058 -0.144568 -0.339438)
(-1.26448 -3.78093 -3.10667)
(-4.46001 -4.37626 -19.3092)
(-5.11244 -2.09029 -0.264185)
(-3.61493 -3.00595 -0.563323)
(-5.72922 -3.49432 -1.6569)
(0.400093 -0.56784 -0.342898)
(-0.498705 -1.61522 1.27076)
(3.38512 -4.11765 0.401902)
(-4.01352 -3.07802 -0.027281)
(0.621618 -0.668142 2.15261)
(11.0949 -5.76122 -2.16121)
(-0.524649 -0.0966905 -0.063617)
(2.10764 -13.1241 4.3918)
(0.352742 -0.355655 -0.0862584)
(8.57509 -4.29764 25.0084)
(-0.0413073 -0.275232 -0.0410216)
(-2.80374 -2.02316 1.89108)
(0.150324 -1.3946 5.09029)
(3.86507 -5.70347 1.13101)
(1.1405 -0.444268 1.16606)
(-0.0244506 -0.0619417 -0.0136398)
(0.126741 -0.148557 -0.0463314)
(9.63528 -9.6115 8.25071)
(21.6922 -7.1438 33.9408)
(-2.85941 -3.342 -2.68075)
(3.16092 -3.54465 1.57051)
(-3.07845 -1.97271 1.62823)
(0.035049 -2.69802 3.05871)
(0.203625 -1.21518 1.75392)
(2.6673 -2.54518 0.0709862)
(1.91394 -13.8271 -1.1709)
(-0.0639478 -0.0783385 -0.303088)
(0.111408 -2.21708 -0.481611)
(-0.262345 -0.219689 0.131197)
(-1.77189 -1.0645 -2.13864)
(0.622237 -0.323244 -0.200307)
(-0.0140838 -1.5885 -2.60702)
(0.340171 -0.0748648 0.0135886)
(6.87823 -11.5391 0.449909)
(-11.4394 -8.87555 -13.5652)
(-0.424522 -0.550022 2.38056)
(-5.6159 -2.56481 -6.7932)
(-3.75543 -8.56875 0.433178)
(-1.15605 -0.857921 0.238292)
(-0.024777 -0.0686839 0.0568906)
(-6.67059 -2.06487 -3.98888)
(1.28092 -1.04978 1.58174)
(-2.65046 -0.58431 1.07468)
(3.3928 -1.82286 -2.47328)
(-0.689606 -0.0955064 0.516254)
(-0.379322 -0.494662 -0.724796)
(1.97831 -1.61589 1.1622)
(0.389038 -7.91515 -1.63647)
(0.418239 -6.53758 -7.87514)
(-0.287209 -0.0806235 -0.172887)
(-9.67531 -0.659595 -1.50809)
(-0.149056 -0.6466 -0.634524)
(1.52189 -1.57513 0.599066)
(-10.7911 -12.3589 9.13819)
(-9.64528 -0.26119 5.96856)
(-4.8248 -3.34414 -1.77174)
(1.8307 -8.51572 7.51102)
(0.636938 -0.336301 0.151355)
(0.298347 -3.52305 -6.35501)
(2.58156 -9.26734 -1.18666)
(0.451721 0.00125651 -2.33732)
(-2.38616 -5.01778 -5.13223)
(1.20291 -4.53614 0.978637)
(-0.0474323 -3.09847 4.55572)
(-5.73317 -4.48484 -9.12556)
(0.753482 -2.65404 3.22385)
(-1.67935 -1.81079 1.92347)
(-2.16995 -4.53251 -3.18785)
(-9.83585 -4.16356 0.858282)
(2.01403 -13.7477 -5.56359)
(2.94881 -3.18771 -0.88093)
(-0.584689 -0.660538 2.66479)
(-8.67601 -3.8715 -2.48938)
(0.486134 -0.123033 -0.34323)
(3.78239 -6.58642 -5.87893)
(-0.668842 -3.82473 -5.56232)
(-6.30665 -2.1323 -4.10135)
(1.24449 -0.530185 -0.334697)
(-0.200099 0.00599558 -0.40965)
(-4.61924 -2.2875 -3.99304)
(-9.52941 -8.98551 0.393043)
(-5.06977 -0.71748 5.77218)
(-1.04716 0.856076 -1.00405)
(7.09406 -2.42855 1.6284)
(-2.11537 -0.857221 -0.245616)
(-1.0517 -2.00515 -0.641404)
(1.6418 8.98807 6.97263)
(0.568703 6.67974 -3.99658)
(-1.96341 -1.59566 -7.72466)
(-9.46696 1.94553 -1.98942)
(7.59221 -11.2999 -16.1911)
(-2.16189 -0.149648 -0.140386)
(0.0751096 1.38027 1.43186)
(-17.8662 -8.70157 7.89037)
(12.4046 11.3863 1.04599)
(0.0762969 -0.0632953 -0.0404997)
(-12.8239 2.76758 4.0749)
(0.399064 -0.154354 1.74476)
(12.567 8.62731 3.0486)
(-25.1176 -22.9449 -26.3915)
(-2.36724 2.98017 -1.49558)
(0.766845 0.714097 0.957298)
(-0.986737 -29.3666 2.59964)
(-0.105484 0.223184 0.621966)
(13.1315 -1.19749 0.320136)
(-6.10998 10.935 -3.23844)
(0.0383316 -0.0182591 -0.711862)
(0.879511 -0.0194949 -0.890525)
(-1.37222 -0.312394 -0.906877)
(10.2459 17.2951 -9.13125)
(0.636043 -25.4795 -12.2232)
(-5.80814 -3.12777 4.50071)
(-2.04982 0.347224 5.11348)
(2.06987 -0.912121 3.29096)
(6.78896 24.8547 5.79579)
(0.145783 0.410837 0.32235)
(-2.65818 -0.520177 4.28425)
(13.3735 6.50555 -3.56593)
(-0.0846427 0.323581 -0.170321)
(-7.65175 2.59451 -2.10525)
(-2.11889 4.26255 8.30625)
(2.06288 10.0762 -1.72241)
(-8.47054 -0.868682 -6.96654)
(-0.208652 1.02846 -10.6676)
(5.5371 -7.95133 13.3665)
(0.393464 -0.287693 -2.77142)
(-2.01322 1.32583 0.962009)
(-0.633089 1.98397 3.36987)
(7.85688 16.5596 13.447)
(1.85878 -2.43797 1.26708)
(0.712883 3.16896 4.64808)
(15.7138 12.6354 7.75222)
(2.80848 -3.14944 1.39541)
(6.59525 2.26664 -4.39058)
(2.32339 1.46691 2.65168)
(-4.71441 -1.38544 -1.10193)
(-5.86102 -0.793521 -9.22867)
(-6.42202 7.8171 -2.91344)
(-11.0141 -18.4145 21.9971)
(2.76135 16.319 -10.744)
(6.15569 4.2023 1.90545)
(-2.4062 2.32517 -2.4418)
(-0.218153 18.2169 3.5873)
(-1.8608 1.19023 -13.6014)
(-6.15484 -1.0263 2.53985)
(-4.16109 -11.8809 -9.26372)
(6.69438 -10.8837 -9.02471)
(3.0141 -1.56579 -0.970283)
(12.8279 -16.6864 8.81951)
(8.01534 12.9898 -16.8124)
(0.348727 -0.0653502 -0.0255751)
(-1.92757 2.95814 -3.61859)
(-0.53537 0.840313 -0.147459)
(-0.215152 -0.584028 4.7086)
(9.6302 -1.81623 -2.88373)
(-0.0558564 0.10827 0.166606)
(7.07851 3.19564 -0.142273)
(12.6552 2.3178 -8.11696)
(-1.38512 -7.25728 -6.25143)
(9.0339 23.7066 -9.94194)
(5.81472 7.16875 -2.86993)
(-2.32927 4.81832 -4.89917)
(0.143133 3.29986 3.80786)
(-1.2275 10.661 0.021174)
(0.700893 -10.9576 -8.09494)
(0.104259 1.2172 1.36081)
(-1.56184 1.13494 0.329256)
(4.45676 3.12238 -17.9777)
(-1.12338 -0.158474 6.33843)
(1.12327 -1.55291 -0.416714)
(-6.95852 -9.27141 -37.2934)
(-0.353427 -0.30847 0.219454)
(4.93937 -6.88844 2.67301)
(9.71598 2.44743 0.302391)
(2.71885 5.18229 -4.593)
(0.765863 -6.32612 -21.7779)
(0.733839 1.03177 2.54348)
(-3.44238 -2.63696 -6.73994)
(-6.20819 10.5951 -4.92536)
(-3.78194 1.32045 4.37047)
(0.921763 8.97663 1.49986)
(3.53805 4.82768 -3.65532)
(-2.45953 -2.06426 -2.15667)
(2.54336 -17.9838 9.21896)
(3.97713 0.504186 1.90299)
(-1.734 9.68013 -4.66705)
(1.24868 -2.15843 -0.911893)
(-0.715772 2.33597 2.03811)
(-7.49645 -5.03707 9.7543)
(1.11999 -0.486401 0.792127)
(3.12565 -4.77269 4.10366)
(7.00269 0.259618 9.91868)
(1.08708 11.6418 24.7161)
(4.99948 4.30614 4.06281)
(7.10865 14.6406 -7.72198)
(5.27795 -0.33426 8.57713)
(-2.49897 -1.50132 -3.01622)
(-0.392165 -5.22639 -3.62569)
(1.24256 -1.76812 0.963229)
(6.35317 18.4614 26.4474)
(-9.2971 -4.5544 4.98278)
(1.15984 0.605855 0.770961)
(1.66528 2.51185 -0.791117)
(-0.420581 -0.135722 0.304085)
(9.76229 -13.5615 -12.4099)
(5.87658 1.13592 25.4291)
(1.79827 0.304281 -1.45963)
(-0.0657992 -0.00943002 0.0234088)
(3.97631 4.90901 -0.0235155)
(-0.908298 -0.760613 0.454232)
(8.19196 4.52467 2.17047)
(-2.97662 0.563933 -0.618492)
(0.178757 6.24847 -8.96615)
(0.717742 0.124064 -0.374149)
(0.450071 11.1588 -7.73587)
(0.00978276 0.148622 -0.111783)
(-0.0399246 3.77941 -12.901)
(-23.3996 -1.51364 -14.882)
(-2.49935 -6.57608 -1.91355)
(-2.77986 -12.6371 -19.5572)
(23.6586 -23.9867 18.9476)
(3.6987 -2.37505 1.39505)
(-1.3714 -12.436 -6.83744)
(9.56044 -10.4778 -12.9278)
(2.70186 -3.02942 -3.98161)
(-21.1458 -11.0365 6.56179)
(-6.30706 -2.89969 16.0834)
(15.0669 -7.78523 -2.1915)
(-0.130417 -1.01213 -13.7606)
(-6.48958 -38.0393 7.13998)
(14.1626 0.164261 6.80813)
(-0.209806 -10.3133 -17.5386)
(-11.3832 -6.20933 -1.65067)
(-2.09853 -7.25644 -5.14207)
(1.35881 -4.17466 -4.08581)
(0.000167214 -0.000223735 -0.000397182)
(-28.3255 -13.073 -3.51231)
(24.8648 -11.5075 2.63917)
(6.84095 -6.4078 1.63532)
(-5.49117 -7.41958 3.00718)
(39.162 -15.5458 25.944)
(0.258406 -7.50089 9.73207)
(0.545842 -0.0586976 -0.0400038)
(-32.6843 -20.0109 -23.8635)
(-5.03814 -1.70433 2.72813)
(36.9851 -20.6674 -12.17)
(28.2126 -45.9668 7.85127)
(8.3121 -17.3077 -0.432759)
(-13.727 -13.7588 13.8107)
(-1.17744 -2.18875 -5.58557)
(0.452985 -1.82213 1.56841)
(-6.97318 -15.4866 -6.97592)
(0.181259 -0.0194918 -0.0132841)
(-0.573497 -0.685272 -3.42237)
(6.79328 -3.44213 0.5454)
(-2.67581 -4.92907 7.02897)
(7.60871 -27.342 -8.52971)
(-5.46273 -21.3456 3.93621)
(-1.02809 -2.07313 -0.871408)
(5.01605 -0.406477 -6.39778)
(29.1055 -6.13753 23.2517)
(6.27024 -4.43449 1.25834)
(-6.20608 -34.1865 33.2412)
(-3.31954 -19.4467 17.8387)
(7.97111 0.313268 -12.2944)
(10.6394 -4.93348 -0.0984574)
(0.0121162 -0.0184766 -0.0697217)
(7.81197 -1.20115 2.34905)
(-0.909539 -9.59077 -32.3371)
(-5.10542 -26.0288 26.7928)
(2.04741 -6.41566 1.55616)
(4.92591 -1.42407 6.0873)
(-0.114768 -1.56904 0.962847)
(-1.17251 -0.642064 0.28829)
(7.20204 -1.29138 4.49686)
(2.81157 -3.63035 0.92985)
(0.549826 -0.625105 2.40063)
(-5.28339 -15.1522 -1.74563)
(3.07336 -14.2758 -2.03081)
(-1.57067 -2.97228 0.106002)
(0.0119701 -1.37785 0.825586)
(-12.4526 -13.7715 4.42481)
(-8.50962 -3.42405 4.00646)
(-0.649364 -0.988429 -0.357288)
(-8.52878 -8.11516 2.03886)
(-2.50828 -18.4361 -6.02879)
(7.02925 -4.44599 8.92044)
(-0.759434 -0.443226 1.66178)
(6.90492 -5.31728 -12.0681)
(-10.9827 -1.26204 -2.27277)
(-4.01484 -3.67848 -2.5922)
(-0.861148 -3.02932 -5.31592)
(0.632947 -7.38586 -4.00151)
(3.38741 -0.190954 0.482914)
(-5.05699 -0.327246 -1.76926)
(0.572603 -0.603587 -0.716484)
(-15.1964 -0.0368212 5.41855)
(44.1067 -32.8925 9.58984)
(-6.0609 -1.93907 6.52627)
(-3.51804 -2.11468 11.4403)
(7.69841 -11.1008 -5.56856)
(-23.7405 -11.1521 -4.37704)
(25.4021 -6.82364 -5.01945)
(8.19029 -1.51659 -2.6775)
(-1.32268 -0.138149 -0.611255)
(7.9785 -1.56042 7.91031)
(20.2251 -19.1505 5.00436)
(-22.3791 -15.9962 -8.6909)
(-1.90565 -1.49885 -4.16284)
(23.4624 -9.49607 8.93711)
(9.35543 -10.6432 7.48516)
(5.35012 -2.3939 -5.09284)
(3.08017 -16.7381 2.0034)
(-6.12646 -11.7957 15.706)
(-14.3222 -30.8807 22.2742)
(-0.569796 -7.76559 -6.09013)
(3.12735 -0.687916 -0.863067)
(15.5227 -20.5208 7.85609)
(-1.92446 -3.1227 8.58174)
(-5.19743 -2.97278 2.24065)
(8.0937 -11.6934 -10.6619)
(-5.98896 -14.1894 -7.66335)
(-17.8106 -27.2887 18.9726)
(2.99329 -2.73889 -0.143264)
(-3.30537 -5.19185 4.38529)
(0.931549 -1.61217 1.72651)
(3.17955 -12.2854 -7.01095)
(14.8577 -1.39984 -2.16152)
(0.89026 -5.96259 -24.2405)
(-47.3484 -28.184 -1.5802)
(3.60202 -5.74766 2.85431)
(-0.214932 -0.130669 -0.097881)
(13.4806 -2.09071 -8.46941)
(11.1275 -16.5644 3.63756)
(11.2745 -4.25666 -8.09289)
(-0.0617954 -2.21302 6.18863)
(-0.0120583 -0.444362 -0.18072)
(-2.00323 -0.369186 -0.242904)
(0.853024 -0.00401931 0.28808)
(-16.6509 -7.61701 10.6621)
(-6.24955 -3.86509 3.23431)
(12.9239 -8.74057 -5.02667)
(-6.69039 0.122814 -3.31447)
(-19.7144 -2.26541 -4.07973)
(1.56992 -6.25289 4.80608)
(-0.655217 -4.21246 6.97947)
(-19.782 -4.69191 11.8367)
(26.3972 -23.728 1.36772)
(-0.181716 -5.15985 -2.88579)
(1.62043 -8.82451 9.49639)
(-15.6594 -6.52741 -6.42661)
(4.84716 -4.69992 -4.08679)
(-27.7311 -8.31376 -25.7826)
(-17.4705 -4.7574 7.04056)
(0.246476 -0.301132 -0.445617)
(0.206381 -6.98736 -3.67635)
(0.86098 -0.0856862 -1.72653)
(3.99358 -3.24136 -4.72036)
(-1.99899 -16.8115 12.2091)
(-9.02306 -5.05447 6.0899)
(-1.42757 -6.18226 -3.96252)
(-9.36884 -7.14039 -5.4293)
(9.08489 -9.03051 -13.6851)
(4.85142 -2.73701 11.7243)
(1.24217 -0.078987 -0.534917)
(-2.55349 -9.55753 7.41826)
(5.99531 -25.5346 25.6478)
(-17.9091 -9.21018 1.5117)
(-0.954458 -1.36126 0.695852)
(0.589529 -31.3272 10.0878)
(1.23638 -0.862745 -3.707)
(-7.56316 -5.83946 -0.590778)
(5.18148 -22.2291 -8.57787)
(-3.17207 -9.91965 37.5929)
(-0.324835 -4.1929 0.456774)
(-3.30888 -9.03689 7.44696)
(8.663 -4.31335 -17.3652)
(0.910796 -21.7556 -10.3267)
(3.18668 -2.04142 -0.669957)
(0.0462122 -4.4833 -2.11626)
(17.4047 -18.6181 -18.0011)
(-0.890406 -1.00799 -2.68251)
(14.5809 -6.26639 4.97731)
(25.1058 -10.2388 -8.5455)
(1.12287 -10.3353 -12.2882)
(-3.33147 -8.5531 -6.8355)
(-20.4041 -13.4698 -16.1989)
(14.616 -8.21675 -13.4491)
(3.4037 -5.89055 6.30833)
(2.16179 -2.06645 0.124024)
(-45.675 -17.2197 -5.54079)
(1.19433 -18.9624 0.0305134)
(-0.638838 -0.0113078 -0.296084)
(4.30969 -4.88278 -7.28245)
(-3.02641 -6.70971 -14.5221)
(-0.0595762 -0.115101 0.0943069)
(-2.803 -9.22162 -0.821973)
(5.73252 -3.35595 0.20113)
(8.64579 -2.16253 1.78474)
(4.21509 -0.849875 0.402193)
(-2.31747 -8.63914 2.07792)
(20.885 -3.71186 -45.5334)
(-0.606086 -0.622194 0.303702)
(1.37157 -0.766155 -0.152862)
(-13.5092 -5.41242 4.84829)
(-12.8973 -9.6797 -29.566)
(14.0923 -5.04651 -4.7896)
(-4.81303 -2.26439 11.8411)
(-11.9789 -14.5875 16.643)
(4.25457 -6.7889 3.37139)
(-5.16166 -12.0722 -5.85723)
(-0.091625 -0.516371 1.35962)
(18.1825 1.53593 -16.6546)
(18.672 -0.396829 -4.8342)
(-1.00334 -0.609987 -0.456926)
(4.01268 -8.95658 -4.21284)
(36.3141 -10.7455 -1.76203)
(0.45966 -0.336094 -3.23767)
(3.48943 -3.36545 -6.76802)
(-3.27095 -1.87294 -3.35881)
(-2.69597 -5.94797 0.498891)
(8.24449 -4.66571 11.193)
(-0.286689 -4.39351 1.28715)
(14.0692 -4.66664 -0.660122)
(-12.8131 -14.889 -7.80416)
(-10.7317 0.106178 -9.13323)
(-0.234255 -1.56085 -0.232634)
(2.76828 -4.02528 3.16716)
(1.39845 -1.35684 -0.622162)
(-13.761 -7.98163 -4.78262)
(-0.806979 -1.93409 -0.0134539)
(-5.17533 -3.0487 -0.994896)
(-2.98477 -3.59794 -1.02969)
(-0.730951 -0.896521 2.2034)
(-7.67124 -0.658059 6.60135)
(-43.48 -7.38855 -11.6801)
(0.152218 -0.390991 0.339719)
(5.84366 -5.92304 12.8001)
(4.78658 -12.1645 1.68546)
(1.07062 -0.843322 -0.567948)
(1.55259 -15.7907 1.81626)
(-2.56581 -19.5571 4.01173)
(-4.4663 -3.91977 -0.0385422)
(6.67945 -7.33714 5.93542)
(-7.7943 -4.16016 5.1528)
(13.7562 -7.51196 -2.12322)
(6.60323 -9.24277 1.19901)
(-26.0371 -8.41775 -4.52488)
(8.13171 -3.16662 -9.16206)
(-0.845216 -1.84664 -0.780879)
(-8.35171 -9.15725 -1.97477)
(-0.0714079 -1.55361 -1.46771)
(-0.0777086 -0.0753686 -0.0671797)
(5.14341 -2.61594 -8.09865)
(-0.930323 -1.0236 -3.4892)
(0.271253 -6.27505 0.504921)
(-13.5156 -2.25296 11.8787)
(-19.1159 -12.1019 11.032)
(0.288282 -0.440067 0.558657)
(-18.0749 -5.11592 3.74819)
(6.88757 -10.8136 1.0254)
(1.50372 -1.1796 -0.654092)
(-4.80191 -4.08525 -1.75973)
(-0.403402 -0.331771 2.33381)
(11.3134 -1.73491 5.36558)
(1.89584 -0.417236 0.0757318)
(-36.475 -20.1524 -20.2491)
(2.65593 -2.88817 4.5144)
(23.6585 -23.1022 22.6981)
(9.19255 -8.45556 -1.58766)
(1.40127 -22.8482 17.1371)
(-2.27719 -1.13076 1.58129)
(2.85235 -1.99037 -8.55212)
(-2.39866 -2.20192 1.02579)
(1.14972 -1.53374 -1.47136)
(16.857 -26.4199 -24.5086)
(-9.38885 -2.94543 -11.9202)
(-10.3559 29.4418 -14.374)
(13.2742 -6.77201 6.53779)
(-3.84527 -45.4873 -20.3699)
(-3.70762 -9.24681 -0.644695)
(-1.50699 -5.85978 -18.3075)
(5.72137 -1.26179 -23.6835)
(-9.72672 -13.1705 11.7134)
(-1.01092 -0.961688 3.26102)
(2.62397 18.0391 17.5135)
(-7.74539 6.00494 -3.59285)
(0.0571918 0.412632 -0.747531)
(-18.0981 15.3983 17.8938)
(-4.02069 14.4225 -18.7718)
(1.4408 -0.263319 -3.06316)
(-5.31232 -3.66721 -2.86736)
(-2.82034 7.10047 11.186)
(-6.2493 3.16373 -0.883419)
(1.99716 31.5268 -10.3591)
(10.3135 -12.5453 1.22448)
(-2.09828 0.102711 0.498231)
(-0.0440991 1.36776 -14.5939)
(1.10104 5.69882 3.78526)
(2.62534 -11.7684 11.2903)
(1.24049 -1.65392 7.00834)
(-0.0646277 0.0284302 -0.549535)
(1.05946 1.56011 2.92932)
(10.3301 11.0375 3.46687)
(-3.34729 20.6938 -1.90128)
(33.1723 -7.27197 -20.2523)
(7.72068 2.05443 -16.4332)
(-1.62597 -9.56701 -4.54418)
(6.32121 21.1083 -7.28976)
(5.9035 0.599865 -6.82072)
(-7.92217 3.7733 0.64864)
(-11.7394 10.9295 -19.7386)
(0.0653309 0.511973 -0.505747)
(-5.41188 -3.08729 -2.90783)
(-8.06045 -4.91617 -2.3311)
(0.30358 -0.314175 0.511302)
(2.84847 5.86008 -13.8034)
(-5.69837 -1.85852 0.969885)
(20.8873 11.1719 15.744)
(-5.94253 0.219359 1.76698)
(7.82858 15.1172 17.4015)
(3.89657 -3.14533 -5.15555)
(-1.38321 5.5329 1.87195)
(-1.0578 3.53292 10.9639)
(-1.84352 11.1406 6.25008)
(-3.56845 -3.95883 -1.93789)
(3.36656 -3.61852 11.6581)
(14.9409 -4.48969 -0.85138)
(-3.48427 36.238 -1.83823)
(-13.1485 7.957 -18.074)
(0.367957 0.180687 0.286275)
(-1.74266 -2.58346 5.61142)
(-10.7103 3.49658 14.8098)
(2.18928 -1.45302 0.0487718)
(-4.7922 -4.68159 13.6077)
(24.1357 5.86182 -22.594)
(-12.4809 7.69259 -7.16492)
(24.7098 -14.9882 -7.29001)
(3.66309 6.5018 5.64753)
(8.30894 0.998449 -6.38172)
(10.4232 -1.35987 -11.4173)
(5.52246 -1.92359 -1.11756)
(0.632551 -0.897761 -0.542125)
(-1.54712 -0.434298 -0.931298)
(7.38598 1.66004 2.10146)
(2.08285 -0.00622079 -1.1941)
(-6.39403 6.79989 -18.1679)
(1.31558 1.89253 3.34983)
(-6.95706 -2.00831 -3.41828)
(11.4617 49.5275 4.27392)
(-12.36 13.4876 8.83025)
(2.50389 1.47295 9.41159)
(-9.70224 5.80054 -5.04287)
(-8.49681 -19.5435 32.2737)
(-5.98012 26.7425 -12.1019)
(6.0503 1.80206 9.81068)
(-0.538455 -6.95026 0.757161)
(-0.424233 0.0448659 -6.02963)
(1.49945 -2.44934 -0.388098)
(-7.75634 11.1227 28.0571)
(19.6171 2.45488 -9.00664)
(11.6766 -4.35543 -1.68071)
(-2.61922 8.58282 3.03205)
(11.3855 -3.45292 0.647909)
(7.58902 1.07027 -5.90458)
(1.84042 2.44525 3.83141)
(-5.50151 -1.26897 -2.28561)
(-0.132325 -0.248596 0.292755)
(1.31684 0.737631 0.0582987)
(-4.36106 -4.74701 5.75495)
(-6.00036 2.69451 -1.83857)
(-5.29951 -1.38068 14.756)
(-2.21741 -3.82801 -7.47999)
(-11.9707 19.1123 7.68608)
(-1.59005 1.26563 0.53966)
(0.625365 6.56317 -0.486382)
(8.77952 4.45299 1.47442)
(1.52176 5.49045 -2.25173)
(-2.24588 5.18436 1.43024)
(-11.3456 6.31676 13.2745)
(-21.4947 -6.34678 -30.1517)
(-2.61929 14.7774 -10.5999)
(0.620715 5.80138 1.16824)
(-0.993514 -0.029962 1.36762)
(-17.901 -14.7289 17.8859)
(-3.82835 7.01398 -8.73464)
(-5.20754 11.5557 -7.38392)
(-4.67107 12.3296 4.60222)
(3.89596 19.1807 4.46678)
(0.304861 1.43278 6.58435)
(1.91059 -0.0310102 1.98303)
(-7.1668 -5.82559 -21.7926)
(16.081 15.9256 -5.408)
(2.30817 0.212487 -0.572593)
(-6.33167 20.3185 -12.9691)
(-1.04409 -0.91704 0.545924)
(3.51916 4.12744 -1.93108)
(4.95845 6.18254 -30.259)
(-2.57372 11.1367 6.79001)
(-0.0529752 12.8319 3.52039)
(0.912194 -7.41832 -2.61112)
(2.50316 -2.38855 0.0666178)
(13.3468 4.22503 -9.26965)
(0.478024 1.53426 -1.18152)
(-1.18894 -2.9301 2.45395)
(-0.839667 -0.907354 8.95897)
(3.21535 0.111651 1.96671)
(11.195 -8.06326 -1.45344)
(-2.11534 1.79804 -1.8942)
(7.31065 4.70626 -9.89857)
(-2.08873 7.86178 -2.67833)
(-6.31526 -1.38873 5.3765)
(25.1381 -25.4867 20.1325)
(5.21144 -3.34644 1.96562)
(-1.46225 -13.2599 -7.2904)
(4.86653 -3.12496 1.83553)
(3.52596 -13.9284 -16.0351)
(-0.200087 -9.8356 -16.7261)
(1.45126 -2.71337 1.75015)
(-0.126187 -0.979299 -13.3143)
(1.31237 -4.03199 -3.94618)
(17.4994 -11.3582 0.506788)
(-5.43959 -7.34988 2.97893)
(-6.67775 -9.26813 6.58693)
(-0.439036 -0.649449 1.32907)
(7.86976 -16.3867 -0.40973)
(4.68574 -7.06133 4.54976)
(37.4146 -20.9075 -12.3114)
(2.06547 -34.3591 -7.14373)
(6.21116 -3.14718 0.498665)
(-18.9912 -9.18595 3.16829)
(-0.542853 -0.648654 -3.23949)
(-5.17501 -10.3708 7.45514)
(27.7877 -45.2746 7.73302)
(-2.69079 -1.21567 -3.3406)
(-1.40292 -6.54526 -9.80152)
(-1.95942 -0.164805 0.0469424)
(-37.353 -4.17248 25.5952)
(7.34136 -6.04982 12.2495)
(8.33451 -1.79205 7.04324)
(5.02014 -7.51604 -8.48945)
(3.77111 -9.29614 -13.4603)
(2.199 -13.1747 2.64429)
(7.23949 -14.8906 -4.01017)
(10.9242 -5.06556 -0.101093)
(7.68375 -16.0251 4.25425)
(-4.07514 -1.91586 -2.01905)
(-0.83415 -2.00542 1.10843)
(3.53924 -0.367889 1.71947)
(4.85361 -1.40317 5.99795)
(7.30247 -1.30938 4.55956)
(0.519221 -2.08856 1.79775)
(-21.1078 -20.2905 6.74064)
(0.862225 -11.4634 -2.74794)
(0.0670064 -0.102181 -0.385582)
(1.30861 -2.31958 -6.83996)
(8.30709 -14.2607 -34.7271)
(18.9033 -1.81643 -0.631353)
(-3.06086 -6.17216 -2.59437)
(-1.16883 -0.640047 0.287384)
(-13.525 -14.9574 4.80586)
(-1.56284 -2.95745 0.105473)
(-0.138473 -0.9877 -0.596911)
(-11.7052 -7.01768 6.98222)
(-0.0874154 -8.99665 5.84816)
(-2.46544 -4.78378 -22.5323)
(-0.811002 -1.94977 1.07767)
(-2.37359 -17.4462 -5.70508)
(-18.8577 -26.4818 36.667)
(-11.2025 -2.27993 7.67924)
(6.70335 -5.16206 -11.7158)
(15.5898 -20.9329 -2.73075)
(2.37896 -7.4546 1.80816)
(6.87202 -4.34654 8.7209)
(22.3989 -9.06565 8.53202)
(0.361399 -1.20139 0.228546)
(28.1896 -21.8095 9.96975)
(-5.79596 -1.8543 6.24099)
(8.43836 -10.5157 17.3027)
(-9.8835 -10.7061 21.8823)
(0.170547 -0.789587 -1.18565)
(-23.2139 -10.9047 -4.27994)
(7.52881 -10.8563 -5.44588)
(-8.43275 -3.39312 3.97027)
(-5.50867 -1.83603 -8.69564)
(1.33115 -1.21978 1.12307)
(-3.44268 -2.06937 11.1953)
(43.5603 -32.485 9.47105)
(-8.85788 -5.42128 -6.95253)
(19.7914 -18.7398 4.89703)
(-1.82085 -1.43215 -3.97758)
(-1.84724 -15.4313 -6.43065)
(-1.95236 -1.11792 -2.0048)
(3.25171 -17.6703 2.11498)
(6.12792 -23.7794 -25.3431)
(3.8964 -2.79151 5.59197)
(-8.1311 -18.5128 -3.7998)
(5.17394 -2.31507 -4.92513)
(-7.57621 -11.2932 -4.30875)
(0.870534 -3.17664 8.67291)
(-3.0318 -26.2121 -2.29799)
(-14.9433 -30.4682 -14.3011)
(-0.5731 -1.0238 1.66954)
(4.90286 -4.99894 2.96858)
(-16.3507 -25.0519 17.4175)
(-0.547312 -7.45917 -5.84982)
(2.92285 -0.642932 -0.80663)
(-10.4703 -3.44303 -5.41903)
(2.55682 -1.51387 7.8324)
(0.555765 -5.51861 3.59583)
(-3.36462 -5.28493 4.4639)
(3.12986 -12.0934 -6.90137)
(0.927678 -6.2132 -25.2593)
(0.0689632 -0.646582 -0.417367)
(2.23521 -10.2236 -0.463844)
(-6.0339 -14.2959 -7.72086)
(23.741 -6.37743 -4.69122)
(-6.00443 -11.5607 15.3931)
(-5.03837 -2.8818 2.17208)
(19.5094 -6.31549 16.7972)
(1.18669 -0.929094 3.06084)
(-0.98698 -3.53144 -15.2833)
(4.03081 -16.7858 9.39887)
(12.9896 -2.01454 -8.16087)
(0.897664 -13.4899 3.34911)
(5.48563 -0.322775 -0.998942)
(1.55539 -1.03745 1.742)
(-2.21505 -2.03337 0.947267)
(-14.1828 -4.06775 9.33964)
(0.018045 -0.0513019 0.0137167)
(1.77075 -2.67453 -1.88456)
(-0.749392 -1.53447 1.26263)
(-1.30608 -7.21905 -4.47066)
(-6.77713 -4.19138 3.50735)
(-0.561207 -3.41391 4.66427)
(18.7927 -4.61299 -21.8006)
(-18.1009 -1.17134 -6.33287)
(-0.0591573 -2.11854 5.92443)
(-1.26533 -0.483571 1.08429)
(1.46769 -5.84572 4.49313)
(1.05409 -5.88842 4.97554)
(-0.171083 -4.85794 -2.71694)
(2.00571 -50.4675 -18.5843)
(-22.8697 -10.2773 13.824)
(-26.4346 -7.92508 -24.5772)
(-3.2895 -5.77281 -1.06391)
(-2.17973 -1.04981 -10.4118)
(-8.37278 -4.6902 5.65101)
(1.53973 -8.38504 9.02345)
(9.50355 -9.44666 -14.3158)
(-1.48168 -1.88452 -0.388366)
(2.7578 -1.51395 6.45317)
(-7.68213 -6.24941 -9.86379)
(7.58744 -4.83161 2.83269)
(3.53184 -11.1257 5.21792)
(-14.0209 -2.73287 10.877)
(-5.74142 -3.09303 0.757358)
(-1.98243 -16.6722 12.1079)
(-0.434376 -11.0721 4.81839)
(27.3861 -24.5535 -5.33302)
(0.695565 -1.48176 -4.00617)
(-17.4937 -3.11215 10.1606)
(1.54335 -1.02942 1.72852)
(-6.1417 -1.60958 0.993825)
(-1.80985 -13.9637 0.0978495)
(1.71622 -2.59216 -1.82652)
(-9.27631 -7.06987 -5.37568)
(-12.1127 -34.309 5.83087)
(0.560012 -29.7587 9.5827)
(1.34486 -2.71191 1.82788)
(-2.50659 -9.38198 7.28201)
(-3.04969 -1.92899 -7.27798)
(26.5741 -7.98064 -17.2444)
(-0.232103 -9.91019 -3.42247)
(-0.473167 -0.908566 0.0488751)
(-0.741271 -0.3554 0.00689531)
(-3.31411 -1.78334 -1.11043)
(-5.6277 -17.9782 11.357)
(18.7384 -20.0448 -19.3806)
(-8.22177 0.103232 -21.9028)
(18.9956 -4.06414 22.4894)
(0.0438314 -4.25232 -2.00723)
(-16.8499 -2.52032 15.0347)
(-3.14077 -9.82178 37.222)
(5.96926 -39.4949 -1.94407)
(-11.0983 -20.2314 29.2395)
(-21.8709 -14.4381 -17.3634)
(0.320754 -0.139301 0.226858)
(-11.8123 -4.81126 1.45602)
(-1.2901 -5.83377 -1.91808)
(13.9642 -7.85033 -12.8493)
(10.1286 -14.6872 -3.39839)
(1.05089 -5.87058 4.96046)
(-3.06081 -5.37147 -0.989944)
(-2.57492 -9.59886 2.30876)
(7.36932 -9.30778 -3.90392)
(10.3887 -9.82656 -16.4813)
(-2.6808 -8.8196 -0.786139)
(-5.28612 13.7781 22.8065)
(-13.3283 -5.33992 4.78334)
(-0.618987 -6.04912 -1.14536)
(-0.274495 -1.36726 -1.41638)
(-31.7457 27.0716 -9.45289)
(3.58117 -2.42654 -12.278)
(-18.9234 27.8471 26.6866)
(-7.8479 42.8437 9.48259)
(-14.4107 19.5774 6.79116)
(-1.29757 18.1831 3.88241)
(6.97974 -32.2561 -18.9126)
(-0.532591 5.41674 2.59076)
(2.1228 0.975616 -1.97823)
(13.5477 26.5196 -8.77677)
(-0.593481 -0.609254 0.297386)
(-3.1908 0.635469 17.8987)
(-0.469343 0.0433294 0.0767086)
(0.723969 2.74451 -3.96413)
(7.1597 -4.55923 2.673)
(-23.0443 11.8355 -1.35777)
(-22.6154 -11.6067 -13.9226)
(-18.2009 15.251 32.6193)
(-17.849 4.12132 -2.33089)
(-6.50566 1.56193 -2.69128)
(5.12031 2.26733 6.0044)
(3.9243 -8.75933 -4.12006)
(-9.18817 5.21586 12.8162)
(-0.603699 1.19031 2.23375)
(8.74726 1.04562 5.42465)
(-1.64652 -0.602987 4.04896)
(11.6369 -6.04375 -6.33061)
(-0.117912 0.252398 0.476743)
(1.12663 -0.0518208 -1.0064)
(3.54198 1.77951 6.29712)
(-8.37503 -9.5758 -5.28457)
(-14.6976 3.88196 21.3278)
(1.15651 1.46032 10.569)
(7.00244 -1.521 0.516928)
(-22.593 6.85205 -2.30011)
(18.5277 8.16341 -7.33373)
(-1.43853 -0.727132 1.10582)
(33.0425 -9.99592 14.835)
(-4.72918 1.57496 15.0054)
(2.66147 -1.46106 6.22775)
(-5.44286 -8.08867 2.73402)
(-0.303124 11.0931 24.5857)
(-3.57224 3.10101 1.24557)
(17.8375 9.50463 -2.66238)
(27.0826 -2.9089 -13.0478)
(6.80193 0.775836 -5.01573)
(-16.6414 -15.1144 12.6032)
(3.51643 22.1345 -18.1169)
(-0.118568 -0.283409 -0.37568)
(7.67839 13.0657 -4.03689)
(-6.64699 1.17697 -1.02641)
(22.421 34.168 -1.62847)
(9.85535 7.15379 -18.7589)
(-2.20305 -7.13531 5.61363)
(-17.4878 2.18035 -5.65953)
(-6.97243 -1.15741 -0.322285)
(10.0798 -1.00167 -8.25391)
(-27.5618 31.3068 34.4966)
(-8.01565 13.0241 21.8639)
(0.162283 -1.23616 1.74981)
(-1.56394 3.78946 -7.66689)
(17.6679 10.2001 -15.5547)
(8.79179 5.99384 -8.80146)
(6.5788 4.11671 10.6096)
(1.03288 3.55019 0.464069)
(14.267 -5.10906 -4.84897)
(10.1375 30.2237 1.26731)
(5.74105 -2.65689 4.21763)
(-10.1118 14.2677 16.621)
(25.5426 15.6493 2.65836)
(13.0755 1.72676 4.80228)
(-4.86896 22.6478 -8.26331)
(37.28 -11.0313 -1.80889)
(2.72686 -2.80798 1.90382)
(0.468855 2.73362 4.65275)
(-1.56123 -3.19682 2.63049)
(1.40489 -4.26595 2.24266)
(0.428771 1.99505 1.35893)
(0.140273 0.0405324 0.631958)
(-5.84867 -4.24576 4.19852)
(3.36077 -2.93785 1.77446)
(-7.76697 -1.22152 -13.0193)
(2.21103 -2.21001 -0.560798)
(10.241 3.52262 -20.467)
(1.8199 6.38927 0.552025)
(17.0121 -10.1666 15.8004)
(-0.696194 1.2444 1.49893)
(-25.0731 17.2789 8.10476)
(3.244 0.989395 -0.739409)
(6.45173 8.24037 -0.15406)
(0.65028 10.5818 10.2604)
(17.254 17.1984 -11.286)
(1.77419 -4.11538 3.65423)
(33.083 19.8936 -7.26468)
(-2.07899 -0.0695931 0.839991)
(-0.265725 -0.281026 -0.856646)
(19.5762 15.0066 14.3314)
(-0.313244 3.26759 -4.86894)
(-7.37803 4.32707 9.32512)
(0.845756 8.19066 -2.61433)
(-5.81733 1.98942 0.734396)
(-1.42954 11.6043 -13.246)
(-1.49982 1.31213 6.44103)
(-1.26728 0.239576 0.846338)
(0.965248 -0.174893 3.52063)
(5.76798 4.16393 -0.431607)
(0.643077 7.87227 -22.7745)
(5.46404 3.55524 2.70299)
(-2.61981 0.971877 1.8035)
(0.799094 0.411954 -0.444583)
(-5.10507 1.18956 10.4038)
(0.0514876 0.0134573 0.0019308)
(8.0869 19.1891 -26.892)
(-2.90498 2.90264 -3.86159)
(-4.99171 -0.65955 0.898712)
(-19.3295 -13.4355 1.19512)
(0.0216455 1.55397 3.55886)
(-1.93212 1.32991 -2.3027)
(3.28085 11.1852 -4.53283)
(-6.06518 -0.222163 3.71738)
(1.08525 14.9912 10.2127)
(1.58127 0.995386 0.189479)
(7.00196 -9.89927 -15.4021)
(-5.23884 -0.357205 4.77613)
(-12.7997 10.2984 10.3815)
(19.2755 0.713206 7.64989)
(-3.73523 6.05692 -1.55535)
(-3.36552 1.07292 0.144088)
(17.3638 35.8358 30.486)
(13.3134 15.9258 20.8404)
(-0.00265752 -0.0824579 -0.0515382)
(-0.298903 16.243 8.95304)
(12.4563 7.15335 16.1304)
(4.74277 5.8592 -3.94119)
(9.83027 3.53859 5.83865)
(-7.13456 -1.01011 2.40078)
(2.15213 0.643711 -0.62557)
(3.09591 -12.2296 -14.0793)
(-7.80524 -10.5781 22.1464)
(-6.0124 -2.76422 15.332)
(14.2612 -7.36892 -2.07431)
(-34.4822 -0.524042 13.9452)
(2.50442 -4.40789 0.519168)
(33.9373 -13.4718 22.4828)
(-2.56657 -11.6675 -18.0566)
(-4.46074 -6.02727 2.44287)
(-5.80477 -14.104 -4.27834)
(7.35951 -7.94674 -0.78106)
(4.05666 -6.11332 3.93894)
(4.67341 -3.00095 1.76268)
(2.44068 -2.73657 -3.59673)
(-5.71696 -13.8907 -4.21363)
(-4.8988 -3.24209 -7.21992)
(6.54379 -6.12945 1.56428)
(-4.32564 -1.4633 2.34231)
(-11.7194 -4.40486 13.2775)
(-2.9003 -10.4014 -7.44634)
(-5.07464 -1.71668 2.7479)
(-5.80971 -7.21533 -3.8905)
(6.1366 -3.1094 0.492679)
(-12.7583 -12.7879 12.8361)
(-13.3589 -11.0032 -2.06294)
(7.07912 -14.7404 -0.368566)
(5.37513 -3.85922 -0.440103)
(0.217174 -6.30402 8.17919)
(34.9111 -19.5085 -11.4876)
(-16.1485 -12.8084 2.0425)
(-8.12999 -5.51178 11.7035)
(-2.24507 -4.1356 5.89747)
(7.07403 -1.52103 5.97805)
(3.06921 -14.1637 6.51714)
(4.28178 -6.41059 -7.24083)
(-4.67941 -18.2847 3.37178)
(-0.524735 -0.627005 -3.13137)
(-12.4562 -16.6317 0.457365)
(-4.11937 -21.0017 21.6181)
(5.98569 -2.86753 -6.89712)
(3.17837 -6.26996 0.197928)
(6.84591 -2.49122 -22.3874)
(-21.0277 -10.2026 -8.26945)
(3.11795 -0.324099 1.5148)
(-7.29128 -16.1931 -7.29415)
(1.14131 -2.02304 -5.96551)
(-11.5568 -5.13594 -3.25955)
(6.77735 -1.04207 2.03794)
(-3.03527 -17.7813 16.311)
(-6.45179 -14.3287 -6.45433)
(-6.42053 -5.96521 -21.1868)
(-11.9394 -13.204 4.24247)
(1.46259 -0.235052 0.521624)
(-1.95178 -4.67519 5.8971)
(8.10867 -13.9201 -33.8976)
(0.782694 -5.1584 5.44235)
(-6.28769 -0.528852 0.150636)
(-3.521 -6.35051 5.39949)
(12.6851 -10.7473 -11.1692)
(-0.0264745 -0.0101496 -0.00859089)
(-0.856149 -0.522699 1.10732)
(-1.16777 -14.3728 7.21138)
(-0.731321 -2.57262 -4.51448)
(-7.45832 -7.09661 1.78296)
(12.862 -3.44687 -3.04168)
(-1.06789 -0.207684 -3.16798)
(14.392 -19.3246 -2.52093)
(1.72308 -12.6688 -8.25685)
(-3.58622 -3.28577 -2.31546)
(-10.9155 -2.22152 7.48251)
(-6.44537 -2.02661 0.20337)
(-8.93483 -9.6785 19.7819)
(20.4175 -8.2637 7.77727)
(-22.2275 -10.4413 -4.09809)
(7.16587 -10.0101 15.5795)
(-4.29818 -1.89964 2.18941)
(32.5361 -17.1001 -15.5069)
(-1.96968 -0.379717 -1.26875)
(-1.52241 -1.19742 -3.32565)
(16.5342 -7.00383 -0.964288)
(2.7199 -14.7804 1.76908)
(17.4785 -16.5499 4.32476)
(4.6466 -28.816 4.44887)
(2.08373 -6.52947 1.58377)
(-0.218635 -2.98904 1.83424)
(5.88015 -2.17615 -1.97303)
(1.0949 -3.79543 16.817)
(-20.0399 -14.3242 -7.78248)
(-7.38592 -16.8161 -3.45157)
(0.625974 -0.711679 2.7331)
(-7.54129 -9.97101 3.78615)
(-1.72172 -14.3828 -5.9937)
(0.319734 -7.10025 -3.0788)
(2.535 -0.557618 -0.699594)
(5.77854 -22.4236 -23.8982)
(10.3719 -7.31595 6.22099)
(4.53708 -4.62599 2.74711)
(0.220665 -2.9603 -0.688808)
(0.00359233 -4.46866 23.5268)
(-0.0959241 -0.0361174 -0.0537817)
(-0.492321 -6.70971 -5.26206)
(0.18345 -6.24652 7.29296)
(-6.88656 -7.82458 9.4918)
(0.789719 -5.28921 -21.5029)
(-0.0957564 -1.60262 0.352065)
(0.845571 -3.87643 -1.78404)
(-0.408486 -1.10932 -2.7548)
(-0.408938 -2.83243 0.390126)
(11.0001 -1.706 -6.91097)
(-39.6838 -23.6217 -1.3244)
(0.788628 -11.8513 2.94231)
(-11.8834 -3.40828 7.82548)
(1.12367 -1.28224 0.697868)
(-1.12498 -6.2181 -3.85079)
(-6.3269 -4.38399 -2.04503)
(-5.66418 -2.79142 4.44703)
(-6.15697 -4.79253 -3.55565)
(-2.94247 -7.85711 -1.79687)
(0.189251 -2.53887 -0.590749)
(-0.926772 -1.32177 0.675668)
(-14.8857 -28.0252 14.2012)
(7.7341 -7.65175 -8.95343)
(-10.0356 -7.96355 4.40112)
(-17.0059 -4.03347 10.1756)
(17.5214 -4.30093 -20.3259)
(7.03289 -1.84506 8.09338)
(-0.146085 -4.1481 -2.31994)
(1.34616 -5.36168 4.12108)
(-4.53229 -5.86996 6.13015)
(1.12939 -10.9785 8.71199)
(20.3362 -1.95412 -0.679213)
(11.5271 -7.79595 -4.48341)
(-7.2437 -5.59281 -0.565824)
(-9.29177 -3.05547 -4.80905)
(5.58971 -16.6353 -24.1304)
(-6.40237 -5.20833 -8.22058)
(-0.880625 -0.435686 0.772952)
(-10.8147 1.11289 5.09455)
(-2.82458 -13.3293 12.2773)
(0.763032 -0.0485197 -0.328586)
(-15.2543 -1.13853 -4.43466)
(-35.9427 24.7921 2.0861)
(-9.45274 22.8633 -2.41434)
(-14.526 16.7602 8.09645)
(-10.3238 4.2155 -18.0341)
(9.79934 20.4904 9.56461)
(-0.535224 -9.02516 -2.10307)
(-4.847 15.2894 0.127931)
(3.33645 31.1935 4.41638)
(1.01729 -0.796469 2.62391)
(-0.937427 9.55112 1.7657)
(-5.8723 7.14554 -3.68365)
(1.47418 2.0826 -0.823965)
(-0.596986 -0.258913 0.134967)
(-1.63558 -3.6451 3.7869)
(1.93786 24.5754 -0.185932)
(-12.0216 2.72304 9.99449)
(-1.35499 6.32026 7.33866)
(-3.24345 3.70947 2.13301)
(-19.7916 -5.13583 -12.3166)
(-10.5103 0.468364 8.68946)
(-1.12203 7.59964 4.64609)
(-0.0109849 -0.0979095 -0.0114502)
(-5.01776 -2.70318 0.661899)
(30.5151 5.67726 -7.49171)
(-6.09102 26.0804 -1.53384)
(-0.699589 -0.0123831 -0.324241)
(28.7772 4.69967 1.24558)
(-7.62012 -4.26858 5.14302)
(0.981184 5.00566 6.91626)
(-2.53182 12.7599 7.36605)
(-0.604322 -0.344375 -7.38382)
(-0.382513 -9.75008 4.24308)
(5.31036 -11.3769 2.52052)
(0.806086 0.601742 -1.19983)
(1.54472 1.48704 2.37099)
(-4.6691 11.079 -28.3196)
(1.16237 5.32699 -5.67325)
(-4.19833 7.47503 24.1729)
(-2.40789 7.50153 2.24089)
(-7.51313 40.7162 -17.7326)
(0.0393088 -0.0225431 -0.0273381)
(1.01567 7.7716 -12.0365)
(-2.90154 -0.303054 -1.3409)
(-2.66402 5.65519 -8.36198)
(-17.6475 12.4449 -35.7638)
(0.893914 4.20286 -3.59136)
(-14.8275 -2.63783 8.61204)
(4.40868 -4.99494 -7.44973)
(16.6243 10.7845 -1.96553)
(-10.1401 8.84113 -12.8619)
(-6.11073 -3.33899 1.73019)
(-10.143 16.1942 6.51254)
(-5.66894 -3.92808 -1.83236)
(-8.34432 4.83624 2.51655)
(1.06799 -15.0025 -3.08865)
(11.17 11.3544 17.9236)
(-0.173583 0.339781 -0.247897)
(-5.29952 -4.20614 -3.86033)
(1.11609 2.06764 -1.26721)
(-4.55355 6.34265 -2.59118)
(5.28479 2.67898 -19.587)
(6.81884 14.3633 11.0106)
(-1.10822 12.3539 -3.70687)
(-1.63892 5.6081 -5.21957)
(-10.3259 30.8445 -9.02467)
(2.70943 -8.86526 2.89981)
(-2.93793 -6.51354 -14.0975)
(7.21667 0.954055 3.67427)
(13.9408 17.3658 32.4812)
(24.3305 -4.86855 6.87376)
(3.60176 0.396446 11.3708)
(2.19465 -0.769979 -1.80788)
(3.27936 3.55786 3.43873)
(-17.5585 -10.2953 -4.10758)
(18.6397 8.17976 10.2057)
(-24.5224 8.36682 0.282788)
(5.39372 0.898581 12.859)
(9.62811 9.44091 12.8745)
(0.915945 -2.9489 5.05473)
(-10.67 23.3675 -9.59131)
(0.646501 -5.95061 -7.07501)
(-4.86473 1.18332 -4.20959)
(-3.62845 -4.74608 -10.8736)
(-45.4376 21.7169 -1.39129)
(-3.55473 1.03726 4.20643)
(-9.46546 30.96 17.1641)
(-5.15257 36.8461 31.2853)
(1.30846 8.82669 -1.23649)
(10.1838 12.5104 0.353315)
(-8.09261 30.4681 28.135)
(-7.79304 -2.01768 23.3574)
(-1.80462 -3.99414 14.9232)
(-6.31521 -0.0763245 3.73025)
(-5.39204 4.44505 -0.168947)
(0.320643 -0.391747 -0.579709)
(-1.42377 2.40202 32.6987)
(16.8453 31.0223 -19.1744)
(11.5159 15.1069 2.53497)
(6.76424 9.27512 -3.54659)
(-7.81768 12.2384 21.7274)
(0.74437 -1.28835 -2.78622)
(6.87655 1.16356 -5.58157)
(-8.9584 16.7345 5.48787)
(0.338233 0.0622075 0.655718)
(-9.01318 -0.257151 -2.08274)
(10.1162 6.29017 11.8297)
(-1.03419 -0.0102142 -0.551524)
(-0.0445019 -0.160053 -0.0338368)
(34.2744 37.0911 -0.791181)
(0.814148 8.5719 10.8653)
(7.46417 32.2535 2.78328)
(4.2912 -0.865222 0.409456)
(4.49001 -0.226585 -0.515106)
(0.135404 -5.23187 -6.2723)
(-0.593577 0.726549 -9.29635)
(-6.37288 14.362 -6.69719)
(-0.100565 7.65515 7.5453)
(8.07823 -4.46009 21.6768)
(15.2943 4.25717 -18.0837)
(8.86421 -2.52527 -0.519719)
(22.9046 0.128281 1.10876)
(-0.95676 7.9064 11.9346)
(13.895 -3.80805 9.87726)
(-0.55085 -0.201656 0.500307)
(1.15043 -1.31277 0.714482)
(1.87176 0.502373 7.20949)
(-0.496626 1.59501 -0.13394)
(-1.44581 -2.14033 2.64895)
(4.41684 -4.28267 -3.72396)
(-5.2751 9.13584 -11.7676)
(2.76223 -1.51051 -0.91206)
(-0.853026 -5.52617 -9.08505)
(2.9725 13.4394 -17.9859)
(0.00708829 12.4983 -15.6343)
(43.2907 3.12344 -0.0609899)
(-8.22562 13.2281 8.96845)
(-2.39084 1.1346 -4.43975)
(-30.631 14.3141 -8.56742)
(15.3416 3.12171 12.055)
(3.38364 23.774 -3.10686)
(-20.14 -16.7472 -3.13846)
(-2.90197 -2.50222 -3.30824)
(4.84527 -6.71372 8.75604)
(-1.30264 1.18601 -5.33332)
(-0.113259 14.7066 11.2384)
(1.03541 -10.683 -4.34353)
(-17.0792 0.400669 10.2832)
(-2.84071 3.65503 4.44023)
(9.37983 30.5865 20.2948)
(-8.34896 4.48244 -9.80041)
(5.44278 -3.18633 0.190964)
(14.1968 0.51007 -5.21678)
(16.266 -3.2396 -24.8933)
(-5.62795 -2.64779 13.846)
(14.7359 -2.07063 10.6546)
(6.24556 0.236294 -0.739077)
(0.137505 -0.307297 -0.0509205)
(-3.61123 3.90777 -35.69)
(-1.2111 4.94555 2.37089)
(-1.43301 1.51313 1.61354)
(2.44011 -1.88051 -7.12231)
(8.25978 8.23238 -10.5235)
(-3.14673 1.80501 -0.738557)
(-0.733973 -1.25209 4.24771)
(-6.78473 -2.77404 -0.350601)
(-0.328976 3.70015 20.3238)
(-29.4542 20.298 9.52092)
(-0.146336 -0.405656 0.336003)
(12.5052 -9.11877 -6.09459)
(5.28167 19.52 -6.04285)
(2.33422 -5.05086 -3.33963)
(3.06574 5.28831 0.365901)
(-0.960417 -0.583892 -0.437379)
(19.0427 25.6788 -19.2471)
(-11.1381 13.1861 10.1179)
(20.2214 -3.59392 -44.0867)
(24.9901 37.3236 26.8272)
(11.8278 -5.66388 -5.95267)
(-5.11877 4.4742 -0.796602)
(18.9218 1.59838 -17.3318)
(2.41763 0.252757 -7.15945)
(0.176812 -0.0167772 0.148276)
(-17.227 -6.3354 -1.57396)
(-4.1508 -10.0853 -3.05931)
(26.9936 -10.7154 17.8827)
(19.9469 -20.2236 15.975)
(-3.46385 -0.645742 4.04076)
(-21.7363 -13.308 -15.8701)
(12.195 -6.30129 -1.77378)
(11.9688 -7.76856 0.346622)
(-6.72682 -9.11659 19.0865)
(2.68212 -10.595 -12.1975)
(3.6856 -2.36665 1.39011)
(0.930225 -2.85792 -2.7971)
(2.18892 -3.8526 0.453766)
(6.19523 -6.68956 -0.657496)
(-1.71153 -1.45181 3.9435)
(-0.093603 -0.726427 -9.8763)
(-16.7908 -8.76351 5.21038)
(5.81029 -12.0984 -0.302506)
(4.27945 -2.05013 -4.93108)
(1.14946 -2.14909 1.38619)
(-11.2492 -11.2753 11.3178)
(-6.86324 -4.65298 9.88)
(3.7518 -5.65389 3.64292)
(0.329736 -1.32636 1.14168)
(0.718286 -0.0772416 -0.0526419)
(1.64572 -27.3767 -5.69199)
(0.202546 -5.8794 7.62825)
(-4.1139 -8.24427 5.92649)
(5.25043 -1.91063 -17.1699)
(2.40093 -0.249567 1.16645)
(5.19287 -7.51893 -1.13785)
(-15.2491 -12.095 1.92873)
(-4.21235 -0.84958 -7.4138)
(-6.64892 -0.159812 -3.26151)
(6.58472 -13.733 3.64575)
(-5.01536 -11.1385 -5.01733)
(2.99182 -7.3751 -10.6787)
(4.74728 -11.3145 8.38669)
(-0.950147 -0.580088 1.2289)
(3.50559 -1.01346 4.33211)
(-24.7802 -8.33603 9.70463)
(-2.52414 -2.31267 -1.62972)
(-1.98873 -1.19116 -1.96057)
(10.2555 -13.7704 -1.79638)
(0.369267 -1.33599 -1.57547)
(-0.0621002 -6.39126 4.15455)
(1.09037 -0.0129483 -1.1584)
(-0.780217 -0.151737 -2.31458)
(0.69562 -9.24833 -2.21697)
(-0.496633 -0.289849 1.08672)
(-4.30023 -31.0884 24.7279)
(-12.4802 -14.4561 18.1818)
(-47.1518 -2.88231 -3.19927)
(-1.80995 -3.51191 -16.5416)
(-6.01592 -10.6075 8.41168)
(-3.85867 -11.0662 -1.2749)
(7.41769 -1.07072 0.246326)
(-0.508598 -0.774162 -0.279837)
(3.55914 -4.09313 3.22498)
(-6.70601 -7.26417 14.8472)
(1.47486 -10.8438 -7.06739)
(13.1003 -12.4043 3.24144)
(-1.65058 -2.21858 0.0962774)
(0.920981 -2.08746 -1.75828)
(6.13832 -7.64946 12.5865)
(-13.6083 -6.84861 2.38396)
(13.4915 -5.71493 -0.786833)
(-5.04481 -0.424314 0.12086)
(-3.77269 -7.26383 9.67179)
(2.04381 -7.89705 -4.50662)
(-5.25715 -1.83586 -6.11098)
(0.497714 -0.565858 2.1731)
(0.82565 -2.86208 12.6815)
(15.5572 -4.17907 -3.07411)
(2.55789 -10.652 5.96438)
(0.332423 -2.51644 13.1086)
(-6.96361 -4.26193 -5.46572)
(-5.94701 -13.5401 -2.77914)
(18.8239 -13.9179 -10.2201)
(6.08611 -8.79289 -8.01725)
(5.13579 -1.90067 -1.72327)
(-0.681712 -2.43918 -10.5562)
(-2.6652 -0.522003 -1.63638)
(1.43421 -1.31893 0.385482)
(3.59696 -0.0526046 -0.896502)
(4.11281 -1.84027 -3.91503)
(9.96292 -0.561625 1.42033)
(4.39072 -6.89345 -3.21467)
(0.690727 -3.16656 -1.45734)
(-2.50742 -3.93848 3.32663)
(0.0537549 -0.503993 -0.325326)
(-1.25453 -1.01911 -1.20204)
(-1.71785 -1.39549 -1.64598)
(1.75331 -8.01943 -0.363842)
(5.92371 -5.86063 -6.85762)
(-0.49276 -0.880275 1.4355)
(-34.0617 -20.2752 -1.13677)
(-11.8085 -24.0765 -11.301)
(-0.459573 -2.95465 4.89544)
(8.50174 -12.6557 2.77921)
(-13.6109 -3.22825 8.14418)
(-0.371489 -1.00885 -2.5053)
(5.37506 -1.41013 6.18556)
(7.73205 -5.36876 -5.0716)
(12.1355 -16.043 6.14182)
(10.2259 -1.58592 -6.42454)
(-5.10379 -3.97274 -2.94744)
(-4.885 -3.97395 -6.2723)
(-3.68569 -4.7735 4.98509)
(-11.0417 -1.96433 6.41318)
(2.8239 -2.292 -3.33782)
(-14.8843 -2.59385 -9.96064)
(6.23893 -6.98976 -36.5721)
(1.23037 -1.12743 1.03804)
(19.5227 -17.5486 1.01153)
(0.934514 -9.0842 7.20877)
(1.18426 -4.71685 3.62545)
(-2.90038 -3.88197 12.3282)
(-13.1514 -5.48198 -5.39732)
(-15.2989 -0.990014 -5.35253)
(0.0794559 -0.621726 -0.436088)
(-12.0949 22.4057 -10.1288)
(-6.63954 29.3247 2.26194)
(2.50056 -5.62162 -5.84374)
(-2.32817 -10.9867 10.1196)
(-6.54673 24.7405 17.5303)
(-10.0125 15.9858 6.42872)
(-18.2797 11.3169 9.41148)
(-2.21104 11.0779 -2.03137)
(-31.4018 21.6599 1.82255)
(-4.11465 34.7063 -24.5694)
(-7.508 8.23161 2.03709)
(-2.92407 17.4579 -6.79114)
(0.149646 15.3455 3.62987)
(-2.6841 28.0359 1.91544)
(-1.61914 9.54356 -2.37836)
(-0.135563 0.265359 -0.193601)
(-3.65589 -1.96951 0.482253)
(-17.8564 2.44692 7.50533)
(-2.61094 -0.272702 -1.2066)
(-1.22742 -5.31547 -3.40695)
(1.11749 5.70106 7.87707)
(-3.7194 38.8497 2.65425)
(4.41342 14.981 -11.8853)
(-23.3797 8.17466 -5.67397)
(10.664 6.63078 12.4703)
(-13.2248 -9.65865 -2.8084)
(-13.8549 12.4926 -2.01029)
(4.6558 5.65274 -5.63198)
(-7.57243 6.60236 -9.60501)
(6.5063 1.46026 -10.9929)
(-2.69 0.16858 -4.09932)
(0.386952 -20.5624 6.62136)
(-22.5199 6.95584 17.5145)
(-22.4568 0.307231 2.58911)
(0.669703 0.499932 -0.996824)
(-1.51773 5.43942 -6.89427)
(11.2942 13.8746 0.391842)
(-10.483 8.80802 1.46144)
(-0.973582 4.78801 -0.583859)
(5.38428 -2.68086 -10.7929)
(0.946126 0.814864 2.25146)
(-8.20467 3.36208 4.04081)
(-1.82747 3.34085 17.4827)
(3.68887 -7.01026 -6.82383)
(8.02416 -4.43023 21.5317)
(11.6012 15.3799 0.814591)
(22.4856 24.8969 -8.70128)
(3.79137 -5.25341 6.8515)
(-3.728 4.03414 -36.8442)
(9.35989 10.3578 -9.00689)
(-4.79548 -3.70256 -0.374587)
(0.0159955 -0.0454752 0.0121588)
(-0.0103002 -0.379574 -0.154371)
(-7.14308 -0.0863299 4.21925)
(-5.92983 -3.66736 3.06885)
(-13.8072 -1.03053 -4.01397)
(0.0897748 -0.226969 -1.49954)
(13.32 -1.25496 -1.93781)
(-21.4959 33.339 18.2359)
(0.747045 -0.498284 0.836676)
(14.3915 6.31547 7.87965)
(-4.31569 1.80708 1.0655)
(-0.565963 -3.63864 6.02872)
(1.95038 1.02084 1.16387)
(5.39044 -0.317175 -0.981609)
(2.34516 3.95351 -5.92427)
(2.27752 14.1505 -1.67675)
(-3.06033 0.892992 3.62138)
(-4.24798 17.1354 -18.1418)
(-2.29258 -1.97677 -2.61353)
(-2.18121 0.061661 -2.09517)
(6.90706 5.55655 -2.88315)
(12.5591 -13.4347 -12.9895)
(-1.44199 -3.21365 3.33867)
(-6.80271 0.74822 -4.39626)
(16.0652 14.8692 -3.276)
(-12.0789 34.3402 -16.7655)
(-4.95543 -3.43368 -1.60173)
(-3.18555 -2.74674 -3.63152)
(-7.21885 -13.1594 19.0187)
(6.52108 1.27373 9.93288)
(3.21634 0.354022 10.154)
(-0.479379 -2.91614 3.98418)
(-1.49261 -5.58674 4.33626)
(-5.93319 2.48437 1.46485)
(0.629327 11.6207 -0.844644)
(-1.15652 3.67653 -1.5909)
(-10.2089 3.05678 -14.6192)
(3.45097 0.995449 0.755065)
(-4.00821 5.58304 -2.28086)
(-9.48907 0.554311 6.67385)
(22.5467 3.37263 10.0657)
(-39.3722 27.1577 2.28515)
(9.74881 20.3848 9.51529)
(-11.3461 -8.38137 2.935)
(3.50133 -15.0211 -5.79639)
(8.95749 1.74962 13.644)
(-15.6096 13.1155 2.17614)
(-11.6888 24.0159 -16.3298)
(-0.382566 1.69336 -0.811863)
(2.00647 7.21752 0.664554)
(-3.6284 -1.16831 8.38409)
(1.25566 -1.89654 -1.33636)
(3.20367 3.8856 -0.842483)
(-0.894447 -0.00883404 -0.476999)
(1.94276 4.57888 3.18072)
(-7.34179 0.807513 -4.74464)
(-1.69602 -1.37776 -1.62506)
(-0.636296 12.0851 3.2928)
(-0.511748 2.26517 -1.08601)
(-8.58799 -1.31335 -1.08131)
(6.19253 4.98173 -2.58489)
(-2.0298 18.9398 -2.7174)
(0.981458 -3.15982 5.41627)
(6.08968 29.9809 6.98192)
(-2.42292 -0.0864077 0.970962)
(5.9579 7.22608 -1.56677)
(-2.29618 -1.45238 -5.47975)
(13.1395 19.9125 -2.96531)
(-2.14981 2.00725 4.88144)
(28.0138 5.2119 -6.87763)
(-0.664607 -0.40246 -1.71771)
(-1.25913 6.87359 -2.45243)
(-7.88487 4.69807 -1.41233)
(11.9675 9.86447 10.7274)
(5.92176 8.11991 -3.10486)
(-2.12256 -5.79691 4.77701)
(-3.57981 19.4362 -4.44082)
(-19.573 18.9673 -32.7302)
(-5.68224 1.49131 16.855)
(31.6301 4.73136 14.1209)
(9.5099 24.0038 19.5508)
(-12.7487 -6.55633 1.07612)
(-9.53331 -1.85817 7.39565)
(7.9829 20.2037 -15.6437)
(1.22606 3.77324 -3.3142)
(22.0463 17.7274 10.8763)
(6.15713 -3.39943 16.5218)
(11.8668 3.93322 -21.57)
(5.93506 4.56662 6.30871)
(0.926562 4.727 6.53123)
(-0.331546 -0.636628 0.0342466)
(21.2842 44.6662 -1.06951)
(-0.902894 1.51971 -0.168772)
(8.47715 19.146 12.7292)
(-0.661427 1.11329 -0.123636)
(-3.69882 6.78812 2.63779)
(-2.72836 -0.502824 -0.33083)
(-25.2339 3.45789 10.6062)
(-25.086 25.5432 0.0597233)
(-0.422564 -0.2408 -5.16303)
(0.917719 2.8243 -2.48071)
(9.78183 -2.25601 -6.24202)
(-1.47455 1.2347 5.38603)
(5.48414 6.31488 2.03604)
(0.9101 9.58214 12.1458)
(2.69698 -2.91357 5.59215)
(-3.06832 0.0867389 -2.94729)
(-7.52164 12.2689 10.4719)
(-14.0635 15.5477 -15.1995)
(2.23162 7.59504 4.92444)
(-1.12881 1.07348 -1.57849)
(-0.0532769 -1.90795 5.33552)
(-6.56402 0.169852 -2.50728)
(8.2549 1.11374 9.66659)
(-9.56402 28.739 -1.35884)
(2.92637 9.95954 6.45752)
(-17.0103 -1.95468 -3.52014)
(0.756858 -0.00356619 0.255603)
(0.67265 -2.19511 -3.10941)
(-9.51729 -26.9575 4.58146)
(-18.4503 28.6154 15.6522)
(13.1264 24.9175 -21.8873)
(-0.688536 -0.981998 0.501981)
(3.46282 3.91242 -4.44413)
(-4.87679 6.48655 -5.1897)
(-4.49019 19.8317 1.5297)
(7.64343 5.88108 8.12462)
(-13.5999 5.89332 -6.89979)
(1.05505 -1.87055 3.02824)
(-13.2558 -9.79211 3.42902)
(-1.2165 7.72463 4.41728)
(4.8042 10.2641 6.08985)
(0.314747 0.0578881 0.610188)
(5.48626 -0.822829 -0.993475)
(7.95973 23.1298 33.1353)
(13.1702 0.473184 -4.83953)
(-0.0649147 -7.05241 -4.24967)
(-4.96807 26.9237 -11.7257)
(-1.4568 1.8735 3.08919)
(-5.89496 0.108212 -2.92041)
(9.87245 -0.556525 1.40743)
(-6.39903 5.80017 -0.654011)
(-0.586988 1.23204 0.140218)
(-13.7086 -7.04997 1.15714)
(-2.16424 18.7967 0.0373325)
(4.81333 2.45785 -6.77338)
(0.726855 -0.851969 -0.26571)
(-25.296 0.625673 21.2402)
(-3.15652 -4.22481 13.4169)
(16.4301 24.539 17.638)
(9.68048 2.17266 -16.3559)
(-6.01285 -1.43661 -5.04405)
(0.232917 -0.118778 -0.223443)
(2.85468 1.49415 1.7035)
(8.70659 0.157045 8.97843)
(-0.250898 7.12674 0.0633943)
(-1.65237 5.25283 -2.27299)
(5.89196 12.0131 -28.1494)
(-4.21576 -13.4676 8.50766)
(-0.56593 -1.97771 0.523538)
(-3.70108 5.39338 4.36816)
(-17.914 -1.15924 -6.26747)
(-8.67145 7.85993 -0.886263)
(0.249288 0.0458488 0.483284)
(13.0597 13.0195 4.77145)
(-9.84984 20.2375 -13.7607)
(-0.358146 -2.55458 -1.54384)
(0.177094 -0.0903102 -0.16989)
(26.4495 27.0533 29.5918)
(1.76281 1.81469 1.15515)
(-0.00848648 1.96532 0.763957)
(-12.2057 3.65467 -17.4787)
(-23.7155 6.16812 -2.76713)
(-23.6069 8.25412 -5.72913)
(6.24818 1.88932 -9.68091)
(1.72858 7.92128 1.54574)
(-9.69677 4.65872 0.94415)
(3.46693 -2.81391 -4.09787)
(-1.5646 11.6417 1.36332)
(21.9914 3.98166 11.3967)
(-6.20248 0.0778782 -16.5234)
(-11.9512 4.38121 -1.87944)
(-9.91532 10.8709 2.69025)
(-14.2674 27.7686 -13.7109)
(2.65451 11.6167 -14.0447)
(10.5406 23.8063 15.8277)
(13.8011 -0.439402 7.74378)
(2.89179 0.222126 -2.20721)
(2.43239 0.186838 -1.85656)
(-5.09228 19.244 13.6357)
(-0.202056 1.28049 1.85185)
(25.7979 -0.859946 4.85547)
(10.1885 19.3405 -16.9884)
(0.175696 -5.94846 -3.12974)
(17.2913 15.9228 -3.30708)
(-4.94299 26.7878 -11.6665)
(2.19031 20.4778 2.89925)
(0.383332 1.28841 -1.58875)
(29.6407 23.9638 11.0411)
(8.52807 -4.24617 -17.0947)
(1.23991 7.40922 0.591392)
(-8.97727 0.232297 -3.42907)
(-6.60673 14.8723 -14.3561)
(-21.4939 13.3068 11.0663)
(-1.08124 -0.140409 -5.53158)
(22.7153 18.3648 8.46138)
(-2.81032 20.0768 27.4895)
(14.7625 7.35852 -0.842885)
(-11.8737 13.1267 -12.8327)
(0.622102 -0.655764 -0.778421)
(6.0482 24.6581 -25.3155)
(12.2822 0.804957 -6.22271)
(1.23117 22.7339 -1.6524)
(14.4955 13.778 10.2606)
(-5.18243 25.9653 -4.76129)
(3.87092 1.29642 -10.2571)
(-3.60663 14.4988 20.0792)
(6.71685 2.03104 -10.4071)
(-1.9515 12.7594 4.26333)
(-3.1496 -8.60186 7.08847)
(2.25182 -4.22946 5.01275)
(4.00092 0.561379 -0.140041)
(-27.2271 42.2277 23.0979)
(16.289 9.70086 -5.24903)
(2.27599 0.826824 -3.91645)
(-6.76595 22.1303 12.269)
(-1.9341 1.93617 8.85919)
(-2.78732 13.1836 -4.68647)
(-0.0313204 -0.0176455 0.0168863)
(-1.60376 0.57406 -1.12154)
(-0.389337 -2.69667 0.371427)
(0.00990241 -0.0656146 0.0459242)
(-5.0673 21.697 -1.27604)
(-4.30411 0.254064 -0.571736)
(5.01998 1.34988 -2.32902)
(-1.11769 3.59169 10.5954)
(12.7245 -3.56926 14.173)
(14.9514 -6.42559 5.10375)
(3.49195 0.489964 -0.122226)
(5.99403 26.5967 -13.4167)
(24.4627 2.83987 19.9164)
(-10.1613 37.1613 -1.92966)
(6.1166 10.1001 2.70056)
(-2.01083 -0.96847 -9.60507)
(-6.91157 -8.68777 -1.43101)
(-3.45406 32.2295 -4.62413)
(-2.02378 8.91975 3.32771)
(1.2326 2.04383 -3.38333)
(-2.31955 -7.25368 27.4896)
(24.3392 18.8832 1.25419)
(-25.0044 1.43276 4.4041)
(22.4586 35.3036 -5.0307)
(-0.907461 -7.32912 -21.2393)
(-1.7988 10.6025 -2.64226)
(7.22807 0.130376 7.45376)
(3.55527 -3.53206 -1.97415)
(-12.2956 -1.83911 10.971)
(2.85218 2.00935 -0.968582)
(13.2171 11.2801 -2.46655)
(-0.0773778 6.60117 -11.1522)
(-1.62391 -13.657 9.91824)
(24.6915 3.09926 19.1756)
(-0.48952 1.04508 -0.66675)
(-8.95699 3.67036 4.41133)
(18.4468 22.7738 -0.109093)
(-0.116214 -0.36873 -5.11619)
(1.88401 0.948352 -1.01979)
(2.3684 -2.69621 16.8113)
(-2.17168 -0.273329 -23.0702)
(-0.696586 8.70418 -1.51221)
(6.89331 -1.66643 -2.64505)
(-7.89945 3.79522 0.769149)
(-2.54436 15.1909 -5.90927)
(-12.2091 -2.5434 1.10998)
(8.02892 10.0402 3.56094)
(-0.0456179 -0.0174887 -0.0148029)
(-0.366548 -0.449035 -1.73729)
(4.43836 4.82854 -0.449139)
(-3.6695 30.9515 -21.9113)
(2.30187 12.7673 -8.59518)
(-4.86856 0.809995 -3.62158)
(-10.3483 8.28437 -6.49986)
(21.9991 8.4263 5.37879)
(1.04414 0.902914 -3.24108)
(3.83981 2.60292 1.70013)
(-8.99581 0.525497 6.32694)
(0.19231 4.49167 6.24272)
(9.35 34.2308 7.98216)
(1.2757 -6.9472 7.47614)
(16.0277 16.7973 23.2611)
(-15.1366 5.87284 -7.17068)
(-0.368611 8.26318 -9.60681)
(-15.726 9.50929 -2.4499)
(-15.3539 -0.997778 -12.3673)
(2.35055 7.03314 2.85997)
(9.10642 -4.6445 -3.76198)
(-0.95472 1.5894 -1.90586)
(0.113531 0.248145 -0.0334625)
(0.697039 -2.2747 -3.22215)
(-3.33198 9.09138 3.6805)
(-18.6862 12.5497 18.0577)
(-1.4696 -6.36427 -4.07918)
(19.016 13.1627 1.81183)
(-2.7402 3.28423 -3.24362)
(4.313 -7.84202 21.7218)
(-11.4956 -3.13035 4.63266)
(0.76422 -0.0760565 -1.5325)
(2.55497 17.9516 -2.34597)
(-12.3229 18.6126 -15.3174)
(6.2968 -2.94154 23.3215)
(8.99599 -8.94214 -13.5512)
(-17.3639 3.9535 15.4532)
(11.7304 -5.04131 4.00424)
(3.92946 0.148848 4.76294)
(-4.10655 8.37134 -12.4004)
(9.13052 1.33519 -2.91163)
(-3.18963 33.3162 2.27619)
(4.83866 3.42003 0.396009)
(13.2882 19.0529 12.9855)
(-3.7021 -2.07423 25.3528)
(-1.77213 -0.907277 -1.40648)
(0.840766 4.87538 -1.96306)
(-2.41152 3.34327 1.75591)
(2.04548 14.4394 -8.26071)
(-27.3203 23.9471 16.1833)
(4.76022 12.2462 -22.5654)
(0.491431 0.00561578 -1.38607)
)


// ************************************************************************* //
