/*--------------------------------*- C++ -*----------------------------------*\
  =========                 |
  \\      /  F ield         | OpenFOAM: The Open Source CFD Toolbox
   \\    /   O peration     | Website:  https://openfoam.org
    \\  /    A nd           | Version:  7
     \\/     M anipulation  |
\*---------------------------------------------------------------------------*/
FoamFile
{
    version     2.0;
    format      ascii;
    class       Cloud<passiveParticle>;
    location    "0.1225/lagrangian/reactingCloud1";
    object      positions;
}
// * * * * * * * * * * * * * * * * * * * * * * * * * * * * * * * * * * * * * //

952
(
(0.0962592 0.317621 0.156759 0.429361) 46104 91527 2
(0.30709 0.346789 0.197106 0.149016) 46101 91524 1
(0.211834 0.210917 0.394033 0.183216) 46197 91716 2
(0.531639 0.00163924 0.232686 0.234035) 46146 91611 2
(0.402716 0.306131 0.0504458 0.240707) 46243 91893 1
(0.0198797 0.490145 0.0827417 0.407234) 46148 91618 1
(0.299458 0.35253 0.311909 0.0361025) 46238 91883 1
(0.241896 0.10262 0.379295 0.276189) 46283 91888 2
(0.0780859 0.461375 0.177685 0.282854) 46375 92070 1
(0.0614769 0.480377 0.150293 0.307853) 46325 91969 1
(0.167537 0.42383 0.283771 0.124862) 46420 92159 1
(0.167255 0.257198 0.177631 0.397916) 46368 92055 2
(0.79342 0.0789642 0.0300539 0.0975623) 46368 92055 2
(0.67987 0.142338 0.0279506 0.149841) 46412 92143 2
(0.0535461 0.473724 0.249215 0.223515) 46460 92242 1
(0.771646 0.0992464 0.107516 0.0215911) 46457 92321 2
(0.191834 0.203444 0.206398 0.398325) 46551 92421 2
(0.409646 0.276406 0.0363823 0.277566) 46501 92321 2
(0.050118 0.256045 0.22884 0.464997) 46549 92417 2
(0.769591 0.0470417 0.111439 0.0719284) 46499 92405 2
(0.0772883 0.159113 0.455106 0.308492) 46549 92505 2
(0.0214769 0.527331 0.052137 0.399055) 46543 92493 1
(0.236032 0.0250651 0.381007 0.357896) 46592 92591 2
(0.41973 0.0659234 0.284267 0.23008) 46586 92579 2
(0.0423607 0.478916 0.445116 0.0336068) 46591 92504 1
(0.52708 0.141146 0.236193 0.0955808) 46628 92578 2
(0.103109 0.455513 0.334708 0.10667) 46634 92675 1
(0.37508 0.31275 0.204482 0.107688) 46771 92862 1
(0.811121 0.0369039 0.0570376 0.0949373) 46765 92850 2
(0.0830487 0.473393 0.413778 0.0297801) 46814 92947 1
(0.0410885 0.0298305 0.449971 0.47911) 46768 92856 2
(0.477128 0.261778 0.107414 0.153679) 46766 92852 1
(0.00349886 0.498531 0.155869 0.342101) 46760 92840 1
(0.263321 0.37715 0.155787 0.203741) 46855 93029 1
(0.23859 0.380845 0.0814664 0.299099) 46850 93020 1
(0.60536 0.197237 0.0463253 0.151078) 46899 93120 1
(0.507856 0.0489171 0.242886 0.20034) 46897 93201 2
(0.125967 0.224801 0.426874 0.222358) 46900 93207 2
(0.296336 0.360412 0.33361 0.00964114) 46992 93303 1
(0.414954 0.154594 0.13807 0.292382) 47033 93386 2
(0.805893 0.103193 0.0271411 0.0637722) 47027 93461 1
(0.10154 0.113068 0.336654 0.448737) 47074 93468 2
(0.104131 0.345849 0.102515 0.447505) 47119 93558 2
(0.344593 0.327694 0.0174227 0.31029) 47124 93568 1
(0.0305077 0.241151 0.424207 0.304134) 47153 93713 2
(0.537912 0.0567465 0.176004 0.229337) 47211 93741 2
(0.369129 0.316296 0.0172258 0.297349) 47252 93823 1
(0.0101117 0.421497 0.0738786 0.494513) 47254 93828 2
(0.614857 0.139981 0.0554794 0.189682) 47301 93921 2
(0.131761 0.434531 0.0450356 0.388672) 47297 93916 1
(0.333068 0.105238 0.228544 0.33315) 47340 94000 2
(0.741998 0.0441386 0.0849152 0.128948) 47425 94170 2
(0.25163 0.374197 0.369967 0.0042069) 47427 94176 1
(0.176288 0.4138 0.0380277 0.371885) 47472 94263 1
(0.234294 0.363065 0.382227 0.0204143) 47473 94268 2
(0.288711 0.0539951 0.305202 0.352092) 47513 94345 2
(0.417084 0.119893 0.283564 0.179458) 47513 94433 2
(0.601868 0.199536 0.146909 0.0516875) 3060 96671 2
(1.2154e-06 0.499917 0.141231 0.358851) 2820 96683 2
(0.334349 0.33224 0.222004 0.111407) 3431 6669 1
(0.168941 0.403895 0.0698043 0.357359) 3437 6678 1
(0.562213 0.216214 0.0964787 0.125095) 3402 6609 1
(0.0657589 0.46649 0.123719 0.344032) 3385 6577 1
(0.129846 0.385258 0.452589 0.032307) 3368 6582 2
(0.123034 0.0738708 0.442587 0.360508) 3350 6547 2
(0.0326716 0.4822 0.182642 0.302486) 3344 6499 1
(0.096667 0.364792 0.453404 0.0851372) 3331 6474 2
(0.574629 0.212651 0.205261 0.00745863) 3310 6433 1
(0.19825 0.396476 0.238119 0.167155) 3281 6412 1
(0.205339 0.39613 0.128748 0.269782) 3282 6378 1
(0.0180554 0.292248 0.492242 0.197455) 3274 6363 2
(0.491064 0.135573 0.118327 0.255036) 3253 6320 2
(0.00190239 0.497161 0.451852 0.049085) 3227 6307 1
(0.383888 0.307067 0.0617505 0.247295) 3235 6287 1
(0.643216 0.177753 0.15985 0.0191814) 3223 6261 1
(0.45556 0.0333286 0.237609 0.273502) 3206 6227 2
(0.432386 0.283711 0.0260542 0.257848) 3182 6181 1
(0.140717 0.344623 0.0838062 0.430853) 3173 6164 2
(0.211643 0.06837 0.325568 0.394419) 3162 6142 2
(0.377749 0.304175 0.236323 0.0817531) 3143 6104 1
(0.418305 0.0421955 0.24852 0.29098) 3121 6062 2
(0.628004 0.0466897 0.139171 0.186135) 3101 6023 2
(0.681157 0.0146133 0.159461 0.144768) 3088 6000 2
(0.688063 0.155796 0.0689902 0.0871502) 3064 5951 1
(0.481943 0.00232479 0.257866 0.257866) 3059 5980 1
(0.175968 0.411772 0.118703 0.293556) 3032 5889 1
(0.376552 0.297629 0.100302 0.225517) 3012 5888 1
(0.429434 0.276394 0.231122 0.0630506) 3007 5839 1
(0.579019 0.0738431 0.13653 0.210608) 2985 5797 2
(0.250214 0.308622 0.0658558 0.375308) 2964 5756 2
(0.750713 0.117261 0.130507 0.00151975) 2949 5765 2
(0.230895 0.377653 0.14307 0.248381) 2922 5712 1
(0.357024 0.313425 0.168283 0.161268) 2930 5728 1
(0.0928681 0.0187159 0.453582 0.434834) 2921 5674 2
(0.255487 0.29014 0.073583 0.38079) 2902 5634 2
(0.581698 0.00882369 0.200052 0.209427) 2883 5597 2
(0.400773 0.297809 0.0505345 0.250884) 2886 5603 1
(0.838342 0.0353687 0.0434955 0.082794) 2870 5572 2
(0.877209 0.059832 0.0160605 0.046898) 2845 5562 1
(0.103105 0.448447 0.0573943 0.391053) 2825 5485 1
(0.245254 0.237558 0.383972 0.133217) 2801 5476 2
(0.119584 0.132963 0.303334 0.444118) 2802 5439 2
(0.618832 0.032737 0.157847 0.190584) 2787 5411 2
(0.14895 0.364169 0.425525 0.0613565) 2763 5366 2
(0.787843 0.106078 0.0542978 0.0517805) 2741 5323 1
(0.119255 0.0358933 0.404479 0.440372) 2753 5345 2
(0.045906 0.0348339 0.442213 0.477047) 2726 5292 2
(0.485372 0.0630095 0.194304 0.257314) 2704 5249 2
(0.585286 0.199637 0.0761234 0.138953) 2691 5262 1
(0.519487 0.144857 0.244517 0.0911387) 2662 5205 2
(0.175523 0.406773 0.220941 0.196763) 2642 5166 1
(0.365656 0.287706 0.0150812 0.331558) 2649 5141 2
(0.869284 0.010169 0.065697 0.05485) 2624 5131 2
(0.431351 0.278627 0.119087 0.170935) 2605 5094 1
(0.0447652 0.290316 0.48669 0.178229) 2583 5051 2
(0.163138 0.285998 0.132433 0.418431) 2480 96700 1
(0.50919 0.06018 0.246989 0.183641) 2540 4968 2
(0.347177 0.320176 0.170517 0.162131) 2547 4981 1
(0.0443733 0.411929 0.490686 0.0530114) 2523 4934 2
(0.118577 0.132805 0.440711 0.307907) 2530 4912 2
(0.44772 0.27614 0.0506793 0.225461) 2508 4869 1
(0.43064 0.196155 0.0191045 0.354101) 2498 4886 1
(0.133681 0.414114 0.114272 0.337933) 2497 4845 1
(0.122842 0.393671 0.448939 0.0345478) 2440 4773 2
(0.489136 0.255432 0.200915 0.0545167) 2449 4754 1
(0.0247388 0.114163 0.490802 0.370296) 2421 4735 2
(0.378039 0.016437 0.293859 0.311665) 2427 4708 2
(0.611361 0.194319 0.140738 0.0535814) 2412 4687 1
(0.116247 0.441188 0.251546 0.191019) 4080 96620 2
(0.0415767 0.113028 0.363205 0.48219) 3960 7698 2
(0.790989 0.103001 0.0464134 0.0595965) 3861 7543 1
(0.183286 0.0738403 0.334699 0.408175) 4063 7899 2
(0.119685 0.440923 0.0786748 0.360718) 4022 7821 1
(0.129573 0.0137207 0.43514 0.421567) 4022 7821 2
(0.0736251 0.024867 0.463965 0.437543) 4023 7859 2
(0.281835 0.359956 0.356278 0.00193157) 4024 7823 1
(0.254516 0.368976 0.263534 0.112974) 4025 7863 1
(0.175971 0.0557706 0.413757 0.354501) 3983 7781 2
(0.112132 0.44398 0.425141 0.0187474) 4028 7833 1
(0.0345858 0.279629 0.185602 0.500184) 4051 7875 2
(0.127629 0.436253 0.35937 0.076748) 3902 7587 1
(0.32102 0.267202 0.0729356 0.338843) 4013 7802 2
(0.204671 0.398437 0.320998 0.075894) 3966 7710 1
(0.62878 0.034349 0.185528 0.151343) 3968 7716 2
(0.192711 0.404031 0.242818 0.160441) 3971 7722 1
(0.340544 0.329837 0.0591235 0.270496) 3822 7429 1
(0.163696 0.360646 0.417308 0.05835) 3883 7550 2
(0.36851 0.298783 0.0273837 0.305324) 3911 7641 1
(0.289788 0.203468 0.15212 0.354625) 3934 7648 2
(0.695956 0.150749 0.112544 0.0407512) 3864 7549 1
(0.14807 0.301052 0.433887 0.116991) 3640 7113 2
(0.283278 0.0135628 0.358329 0.34483) 3911 7605 2
(0.26155 0.216855 0.146041 0.375553) 3802 7389 2
(0.201143 0.209943 0.398923 0.189991) 3782 7353 2
(0.222484 0.360329 0.411278 0.0059087) 3871 7563 2
(0.144755 0.290808 0.443778 0.120658) 3850 7522 2
(0.365802 0.257462 0.324106 0.0526299) 3721 7270 2
(0.429086 0.256432 0.0191627 0.29532) 3826 7436 2
(0.194675 0.392993 0.27075 0.141582) 3826 7436 1
(0.0881914 0.443179 0.188674 0.279955) 3789 7403 1
(0.192936 0.403805 0.257729 0.145529) 3743 7275 1
(0.298179 0.342194 0.316656 0.0429712) 3742 7272 1
(0.790017 0.101971 0.0355232 0.0724885) 3768 7362 1
(0.248157 0.360479 0.339748 0.0516168) 3769 7325 1
(0.232192 0.0649942 0.319179 0.383635) 3723 7236 2
(0.581822 0.00140218 0.209087 0.207688) 3753 7297 2
(0.00140012 0.499267 0.263481 0.235853) 3682 7158 1
(0.725023 0.114117 0.0162386 0.144621) 3731 7251 2
(0.774733 0.110806 0.0742619 0.040199) 3709 7247 1
(0.1534 0.418201 0.222417 0.205982) 3540 6918 1
(0.554991 0.0446698 0.175601 0.224738) 3689 7169 2
(0.685064 0.116731 0.0362468 0.161958) 3686 7163 2
(0.587726 0.206133 0.199286 0.00685408) 3671 7137 1
(0.339204 0.0887812 0.238899 0.333116) 3642 7077 2
(0.779491 0.0170207 0.110787 0.092702) 3623 7079 2
(0.780604 0.104308 0.00728319 0.107805) 3630 7093 1
(0.868779 0.0303726 0.0342256 0.066623) 3624 7042 2
(0.250196 0.139337 0.375083 0.235384) 3638 7073 2
(0.333042 0.0885481 0.333629 0.244781) 3609 7016 2
(0.00767401 0.496074 0.0358238 0.460428) 3569 6936 1
(0.549565 0.15728 0.0623204 0.230834) 3585 6966 2
(0.749103 0.123378 0.046229 0.0812898) 3542 6921 1
(0.521111 0.239294 0.188327 0.0512677) 3549 6899 1
(0.157369 0.126711 0.289731 0.426189) 3566 6929 2
(0.0887996 0.453433 0.0650237 0.392744) 3525 6849 1
(0.273376 0.362063 0.0319895 0.332572) 3505 6813 1
(0.0845664 0.182617 0.270017 0.4628) 3481 6763 2
(0.592194 0.202954 0.0159655 0.188886) 3458 6722 1
(0.677053 0.0868544 0.0712785 0.164814) 3466 6734 2
(4.09949e-05 0.164923 0.33442 0.500616) 4720 96588 1
(0.501478 0.247279 0.0720184 0.179224) 5103 9938 1
(0.388848 0.292394 0.0383996 0.280358) 5148 10068 1
(0.196849 0.401671 0.232093 0.169387) 5110 9955 1
(0.630979 0.0939933 0.0871984 0.187829) 5025 9782 2
(0.454088 0.26935 0.080325 0.196237) 5047 9826 1
(0.235735 0.382224 0.169886 0.212156) 5011 9755 1
(2.32186e-05 0.203492 0.295437 0.501048) 4400 96604 1
(0.450601 0.038496 0.27474 0.236163) 4904 9543 2
(0.53689 0.116243 0.24013 0.106737) 4932 9636 2
(0.218631 0.392618 0.118073 0.270678) 4848 9432 1
(0.627045 0.0600395 0.126852 0.186063) 4830 9395 2
(0.0257351 0.490299 0.0313212 0.452645) 4833 9403 1
(0.61605 0.19263 0.0995528 0.0917665) 4765 9268 1
(0.416249 0.271543 0.0275577 0.28465) 4793 9361 1
(0.892095 0.0197636 0.0332904 0.0548506) 4768 9273 2
(0.352887 0.143357 0.322658 0.181099) 4702 9147 2
(0.0222239 0.189583 0.292534 0.495659) 4745 9228 2
(0.397355 0.11044 0.179838 0.312367) 4794 9324 2
(0.714003 0.143792 0.0927863 0.049419) 4682 9106 1
(0.715363 0.142535 0.0348113 0.107291) 4710 9161 1
(0.015558 0.091021 0.400714 0.492707) 4220 96613 1
(0.413292 0.290723 0.20436 0.0916244) 4562 8910 1
(0.561141 0.21251 0.138389 0.0879595) 4610 8965 1
(0.422459 0.289309 0.0944472 0.193785) 4616 8978 1
(0.323044 0.333963 0.144477 0.198516) 4524 8797 1
(0.0326631 0.477422 0.187389 0.302526) 4525 8799 1
(0.1641 0.0741995 0.417557 0.344143) 4526 8804 2
(0.635409 0.182707 0.104971 0.0769133) 4529 8810 1
(6.79361e-05 0.498082 0.433859 0.0679909) 4260 96611 2
(0.63156 0.179539 0.0198035 0.169098) 4462 8715 1
(0.0773051 0.462984 0.310708 0.149003) 4513 8777 1
(0.530086 0.191026 0.0280127 0.250876) 4473 8698 2
(0.139201 0.431049 0.300793 0.128957) 4450 8656 1
(0.5111 0.185646 0.0601424 0.243112) 4425 8605 2
(0.486025 0.249706 0.255792 0.00847715) 4395 8549 2
(0.290108 0.350061 0.223059 0.136772) 4346 8489 1
(0.270582 0.282565 0.372986 0.073867) 4302 8403 2
(0.703075 0.14698 0.0148273 0.135118) 4375 8507 1
(0.0531484 0.457698 0.220195 0.268959) 4353 8464 1
(0.432075 0.285045 0.238668 0.0442124) 4284 8330 1
(0.0324073 0.180534 0.304084 0.482975) 4311 8383 2
(0.449373 0.275881 0.16371 0.111036) 4241 8248 1
(0.272902 0.358427 0.276475 0.0921958) 4271 8343 1
(0.0989528 0.0549467 0.45028 0.395821) 4273 8311 2
(0.268398 0.366286 0.255926 0.10939) 4255 8276 1
(0.807125 0.0629783 0.0961733 0.0337229) 4202 8172 2
(0.176297 0.388016 0.381367 0.0543198) 4232 8228 1
(0.216129 0.390546 0.0555593 0.337766) 4140 8049 1
(0.373798 0.30548 0.259097 0.0616243) 4163 8093 1
(0.125263 0.436114 0.0476453 0.390978) 4120 8010 1
(0.303864 0.348398 0.310699 0.0370379) 47609 94538 1
(0.0162241 0.0170412 0.47563 0.491105) 47563 94445 2
(0.0322717 0.0907802 0.393602 0.483346) 47561 94442 2
(0.504699 0.254429 0.104325 0.136547) 47560 94527 1
(0.0607231 0.472162 0.429224 0.037891) 47558 94523 1
(0.0118784 0.503873 0.256279 0.227969) 47649 94705 1
(0.104286 0.450001 0.0282152 0.417497) 47689 94697 1
(0.368223 0.315575 0.143711 0.17249) 47734 94788 1
(0.141889 0.429418 0.0831291 0.345564) 47732 94786 1
(0.247419 0.355131 0.375877 0.0215728) 47773 94868 2
(0.489317 0.0587688 0.197166 0.254748) 47779 94878 2
(0.043296 0.478471 0.334254 0.14398) 47779 94880 1
(0.733391 0.0731755 0.0645722 0.128861) 47822 94963 2
(0.139661 0.088427 0.424937 0.346975) 47866 95139 2
(0.0175862 0.491233 0.0282985 0.462883) 47958 95236 1
(0.00330554 0.501174 0.469852 0.0256686) 47950 95307 1
(0.516719 0.0361971 0.239499 0.207585) 47998 95403 2
(0.12439 0.440423 0.341852 0.0933348) 48092 95591 1
(0.292317 0.35391 0.0762724 0.277501) 48085 95490 1
(0.695331 0.0154396 0.152893 0.136337) 48131 95584 2
(0.499215 0.2506 0.0246628 0.225522) 48127 95576 1
(0.462472 0.111868 0.162581 0.263079) 48219 95757 2
(0.0485485 0.495876 0.299159 0.156416) 48306 95931 1
(0.0537459 0.254292 0.219113 0.47285) 48308 95936 2
(0.222518 0.389006 0.0687846 0.319691) 48347 96016 1
(0.272042 0.376247 0.210668 0.141043) 48392 96191 1
(0.501607 0.178406 0.0869496 0.233037) 48522 96369 2
(0.354178 0.322869 0.309318 0.0136352) 5404 10543 1
(0.668339 0.164593 0.0513237 0.115744) 5383 10498 1
(0.291118 0.354265 0.199498 0.155119) 5384 10501 1
(0.684538 0.157897 0.0948119 0.062753) 5332 10399 1
(0.212497 0.268582 0.125353 0.393567) 5331 10395 2
(0.0523865 0.205522 0.485085 0.257006) 5308 10388 2
(0.360577 0.251656 0.0452645 0.342502) 5312 10356 2
(0.278477 0.0258797 0.334862 0.360781) 5309 10351 2
(0.297492 0.164256 0.187408 0.350844) 5293 10319 2
(0.00970993 0.494463 0.0911011 0.404726) 5263 10261 1
(0.447445 0.270006 0.142239 0.14031) 5267 10266 1
(0.0752921 0.458836 0.463211 0.00266126) 5244 10223 2
(0.224398 0.316915 0.0702519 0.388435) 5204 10141 2
(0.010632 0.417157 0.078673 0.493538) 43336 85992 2
(0.138438 0.0263039 0.430358 0.4049) 43384 86090 2
(0.569865 0.117489 0.0981879 0.214459) 43380 86080 2
(0.0285417 0.301944 0.473779 0.195736) 43424 86255 2
(0.073452 0.467695 0.372433 0.0864204) 43379 86165 1
(0.23738 0.322273 0.380517 0.0598295) 43558 86438 2
(0.944385 0.00311063 0.0282907 0.0242134) 43510 86427 2
(0.37796 0.12731 0.310678 0.184052) 43738 86798 2
(0.232205 0.385134 0.37408 0.00858072) 43599 86518 1
(0.6983 0.127133 0.0237187 0.150849) 43694 86708 2
(0.131966 0.447823 0.207823 0.212388) 43685 86689 1
(0.566613 0.125051 0.216445 0.0918904) 43784 86890 2
(0.478061 0.264751 0.0844676 0.172721) 43688 86695 1
(0.388705 0.319034 0.11491 0.177351) 43596 86599 1
(0.324739 0.352293 0.251 0.0719685) 43686 86691 1
(0.0490964 0.376253 0.100901 0.473749) 43595 86510 2
(9.71417e-10 0.877105 0.122895 4.12118e-10) 43588 140994 1
(0.0315194 0.0140095 0.471086 0.483385) 43590 86500 2
(0.0347821 0.498778 0.208728 0.257712) 43728 86775 1
(0.142041 0.431273 0.16156 0.265126) 43590 86502 1
(0.0929833 0.269939 0.433318 0.203759) 43595 86597 2
(0.473806 0.263302 0.195197 0.0676951) 43780 86880 1
(0.196192 0.40215 0.0444047 0.357253) 43593 86506 1
(0.316893 0.359737 0.222546 0.100823) 43591 86589 1
(0.128689 0.452461 0.169177 0.249674) 43641 86689 1
(0.658444 0.171741 0.161533 0.0082831) 43635 86590 1
(0.0209536 0.497495 0.161872 0.319679) 43731 86781 1
(0.326885 0.215447 0.456483 0.00118548) 43632 141038 1
(0.0600652 0.405728 0.424781 0.109426) 43636 86679 2
(2.63342e-05 8.8026e-06 0.791754 0.208211) 43632 189598 2
(0.289211 0.363227 0.115045 0.232517) 43729 86777 1
(0.270955 0.358609 0.00709805 0.363339) 43732 86784 2
(0.280604 0.209197 0.343855 0.166344) 43683 86773 2
(0.658699 0.204361 0.123491 0.0134491) 43678 86675 1
(0.00336398 0.520946 0.42791 0.0477794) 43775 86869 1
(0.679587 0.0667114 0.0940558 0.159646) 43728 86776 2
(0.0322291 0.469488 0.0539394 0.444344) 43726 86771 2
(0.213646 0.420059 0.138988 0.227308) 43723 86765 1
(0.538824 0.229954 0.000992502 0.230229) 43724 86767 1
(0.142526 0.45251 0.0962672 0.308697) 43728 86863 1
(2.70697e-07 0.875966 0.124032 2.05552e-06) 43720 141126 1
(0.792465 0.0560793 0.0478188 0.103637) 43724 86768 2
(0.2329 0.348758 0.417651 0.000690784) 43720 141126 1
(0.304947 0.312937 0.34649 0.0356262) 43721 86764 2
(0.547143 0.227613 0.151747 0.0734972) 44003 87413 1
(0.214987 0.391934 0.0316713 0.361408) 43724 86768 1
(0.213621 0.395797 0.0586585 0.331924) 43818 86955 1
(0.425051 0.133597 0.15302 0.288332) 43722 86764 2
(0.268359 0.175337 0.191257 0.365047) 43768 86856 2
(0.772881 0.113728 0.0508876 0.062504) 44050 87420 1
(0.604185 0.128522 0.0697787 0.197514) 44050 87420 2
(0.574402 0.131934 0.206612 0.0870519) 43819 87045 2
(0.555226 0.148865 0.196497 0.0994117) 43766 86939 2
(0.367488 0.272113 0.315637 0.0447623) 43955 87232 2
(0.0479143 0.00153217 0.474677 0.475877) 43813 86945 2
(0.0266893 0.42658 0.485987 0.0607436) 43765 86852 2
(0.0792436 0.29894 0.420843 0.200974) 43767 86941 2
(0.187833 0.131917 0.274599 0.405651) 43814 86948 2
(0.320098 0.287159 0.0538004 0.338943) 43860 87040 2
(0.283128 0.35969 0.0475041 0.309679) 43859 87040 1
(0.296695 0.177115 0.175251 0.350939) 43857 87034 2
(0.685169 0.0722128 0.0857865 0.156831) 43904 87128 2
(0.242275 0.378987 0.157352 0.221386) 43855 87030 1
(0.231483 0.384324 0.0193075 0.364886) 43905 87130 1
(0.495731 0.26981 0.148475 0.0859844) 43901 87121 1
(0.0825173 0.212838 0.260226 0.444418) 43948 87215 2
(0.203814 0.399107 0.0783867 0.318693) 43949 87220 1
(0.741731 0.0419663 0.0872728 0.12903) 43948 87216 2
(0.312751 0.0682577 0.336494 0.282498) 43900 87207 2
(0.591423 0.204865 0.165672 0.0380403) 43946 87212 1
(0.229796 0.386345 0.168784 0.215076) 43945 87212 1
(0.0652435 0.505148 0.426164 0.00344424) 43991 87301 1
(0.579753 0.149612 0.0611513 0.209484) 43992 87304 2
(0.0277575 0.51712 0.15272 0.302403) 43946 87299 1
(0.366461 0.127896 0.189369 0.316274) 43991 87302 2
(0.449322 0.0902726 0.269098 0.191307) 43992 87391 2
(0.437343 0.175805 0.280711 0.106141) 43990 87302 2
(0.672119 0.0210864 0.163965 0.14283) 44226 87774 2
(0.669975 0.165577 0.159713 0.00473585) 44036 87392 1
(0.386953 0.0226485 0.588842 0.00155679) 43984 141390 1
(0.0628398 0.495229 0.257883 0.184048) 44034 87387 1
(0.0348321 0.495641 0.129109 0.340418) 44034 87387 1
(0.713635 0.038113 0.143531 0.104721) 44031 87384 2
(0.0760004 0.462542 0.296334 0.165123) 44035 87392 1
(0.414295 0.179343 0.275443 0.130919) 44033 87473 2
(0.0359921 0.516485 0.05992 0.387603) 44035 87477 1
(0.33918 0.351444 0.152852 0.156524) 44076 87471 1
(0.776206 0.10986 0.0961766 0.0177575) 44074 87468 1
(0.337584 0.309255 0.25541 0.0977506) 44073 87553 2
(0.0464614 0.267412 0.450958 0.235169) 44077 87561 2
(0.179314 0.442959 0.0552591 0.322468) 44078 87563 1
(0.204217 0.00527906 0.790504 9.07555e-11) 44072 141478 1
(0.0713673 0.175655 0.463676 0.289302) 44123 87568 2
(0.25571 0.15464 0.217984 0.371666) 44117 87554 2
(0.423922 0.289425 0.0451662 0.241487) 44171 87664 1
(0.244077 0.24834 0.377337 0.130246) 44169 87660 2
(0.102683 0.453767 0.165276 0.278274) 44314 88035 1
(0.019965 0.794398 0.185479 0.0001576) 44160 141566 1
(0.222097 0.389356 0.329075 0.0594721) 44356 88034 1
(0.124365 0.438722 0.175489 0.261424) 44164 87650 1
(8.75841e-08 1.61987e-07 0.545357 0.454643) 44160 190126 2
(0.197073 0.416505 0.219076 0.167346) 44167 87741 1
(0.69864 0.12806 0.15037 0.0229294) 44404 88130 2
(0.0845762 0.45762 0.00175854 0.456045) 44211 87742 2
(0.721235 0.0942124 0.0456708 0.138881) 44207 87734 2
(0.644533 0.127817 0.0713657 0.156284) 44206 87731 2
(0.0113675 0.517136 0.29024 0.181257) 44256 87831 1
(0.542133 0.167459 0.0833747 0.207034) 44251 87821 2
(0.131437 0.434909 0.221987 0.211666) 44255 87832 1
(0.203377 0.403773 0.0626973 0.330152) 44444 88295 1
(0.137627 0.251607 0.243787 0.366979) 44293 87905 2
(0.467839 0.00052688 0.266143 0.265491) 44344 88010 2
(0.422943 0.302776 0.0410714 0.23321) 44346 88099 1
(0.310604 0.34571 0.269791 0.073895) 44341 88002 1
(0.732163 0.120328 0.132818 0.014691) 44340 88002 2
(0.538691 0.234755 0.214694 0.0118609) 44344 88095 2
(0.383496 0.308389 0.261077 0.0470389) 44343 88008 1
(0.277238 0.210157 0.340788 0.171817) 44341 88089 2
(1.17632e-09 1.30365e-09 0.862613 0.137387) 44336 190302 2
(0.00440683 0.535007 0.10379 0.356796) 44342 88091 1
(0.259425 0.0139807 0.356014 0.37058) 44385 88090 2
(0.192199 0.404898 0.0185901 0.384312) 44391 88104 1
(0.389901 0.198665 0.20676 0.204673) 44380 88080 1
(0.0290767 0.459878 0.457511 0.0535343) 44389 88185 2
(0.274391 0.000961953 0.0917855 0.632861) 44424 190390 2
(0.642963 0.0765595 0.178296 0.102181) 44433 88188 2
(0.200751 0.392423 0.0197284 0.387098) 44526 88371 2
(0.0550075 0.50806 0.393904 0.043028) 44475 88269 1
(0.210185 0.400881 0.0807546 0.308179) 44476 88271 1
(0.349197 0.0874426 0.247738 0.315623) 44472 88263 2
(0.601306 0.0334222 0.197733 0.167538) 44478 88363 2
(0.578102 0.211149 0.0985537 0.112195) 44572 88464 1
(0.155038 0.438438 0.0943117 0.312213) 44523 88453 1
(0.669992 0.165198 0.113512 0.0512976) 44708 88736 1
(0.243299 0.379064 0.204729 0.172908) 44522 88366 1
(0.245301 0.308777 0.069531 0.376391) 44568 88456 2
(0.00945085 0.422223 0.0743594 0.493967) 44521 88362 2
(0.295096 0.361676 0.167703 0.175526) 44567 88453 1
(0.390523 0.202716 0.292606 0.114155) 44521 88449 2
(0.200156 0.39876 0.157323 0.24376) 44516 88352 1
(0.659935 0.0419843 0.13127 0.166811) 44519 88357 2
(0.0508444 0.478779 0.410271 0.0601052) 44521 88449 1
(0.451866 0.042462 0.235616 0.270056) 44517 88353 2
(0.0119709 0.495109 0.0654724 0.427448) 44746 88814 1
(0.024781 0.48957 0.0210131 0.464636) 44563 88445 1
(0.714333 0.115403 0.142728 0.0275363) 44518 88358 2
(0.453669 0.273843 0.0520018 0.220486) 44519 88358 1
(0.0291782 0.187918 0.469197 0.313707) 44518 88443 2
(0.0826383 0.194841 0.280444 0.442076) 44606 88531 2
(0.0959141 0.139369 0.319398 0.445319) 44699 88717 2
(0.40034 0.146512 0.299606 0.153543) 44604 88530 2
(0.774161 0.100665 0.0254532 0.0997213) 44603 88525 2
(0.674742 0.162963 0.150765 0.0115303) 44605 88530 1
(0.262127 0.217584 0.353933 0.166356) 44652 88711 2
(0.0466177 0.477321 0.197903 0.278159) 44603 88526 1
(0.519191 0.171887 0.0689699 0.239952) 44653 88626 2
(0.157704 0.421485 0.216576 0.204235) 44744 88808 1
(0.749531 0.127944 0.0970044 0.0255202) 44879 89077 1
(0.419517 0.290075 0.00678094 0.283628) 44650 88620 1
(0.251868 0.374525 0.229504 0.144103) 44741 88804 1
(0.302389 0.348869 0.300537 0.0482052) 44786 88894 1
(0.267838 0.37587 0.290595 0.0656971) 44834 88987 1
(0.105908 0.170996 0.432655 0.290442) 44694 88795 2
(0.110079 0.444838 0.410034 0.03505) 44740 88802 1
(0.124627 0.346791 0.10371 0.424872) 44877 89073 2
(0.571057 0.101247 0.204126 0.12357) 44736 88879 2
(0.39863 0.302002 0.290289 0.009079) 44737 88881 1
(0.131115 0.434684 0.197802 0.236399) 44737 88796 1
(0.312324 0.344739 0.207569 0.135368) 44786 88894 1
(0.210197 0.240599 0.379972 0.169232) 44785 88977 2
(0.0673793 0.338006 0.128657 0.465958) 44735 88790 2
(0.267681 0.307561 0.0754591 0.349299) 44830 88979 2
(0.454056 0.277857 0.190732 0.0773546) 44880 89079 1
(0.0697912 0.183584 0.465124 0.281501) 44874 89070 2
(6.54336e-09 0.910819 0.0891812 1.00244e-09) 44820 142226 1
(0.414737 0.293166 0.0129506 0.279146) 45016 89354 1
(0.607055 0.142569 0.0649184 0.185457) 44871 89061 2
(0.00320332 0.055773 0.497446 0.443578) 45012 89431 2
(0.418511 0.1301 0.166069 0.28532) 44964 89247 2
(1.60686e-08 6.10803e-09 0.0927312 0.907269) 44908 190874 2
(0.557849 0.0352584 0.220489 0.186403) 45008 89338 2
(0.388781 0.0737296 0.240287 0.297203) 44956 89231 2
(0.209896 0.396272 0.233171 0.160661) 44961 89242 1
(0.325957 0.342483 0.193539 0.138021) 45099 89517 1
(0.107534 0.447489 0.0410429 0.403935) 44956 89234 1
(0.37353 0.263527 0.300367 0.0625757) 45007 89421 2
(0.00446375 0.498988 0.496238 0.000309929) 45052 89424 1
(0.00865959 0.495596 0.494506 0.00123887) 44957 89236 1
(0.600549 0.200428 0.0518824 0.14714) 45006 89334 1
(0.34241 0.286225 0.0435507 0.327814) 45003 89326 2
(0.667836 0.00553356 0.16599 0.16064) 45188 89698 2
(0.421493 0.0769334 0.216137 0.285436) 45140 89599 2
(0.62009 0.00609606 0.18383 0.189984) 45048 89416 2
(0.432553 0.0510081 0.283583 0.232857) 45140 89602 2
(0.62111 0.208792 0.0111857 0.158912) 45045 89497 1
(0.352852 0.324035 0.00891237 0.3142) 45283 89886 1
(0.649269 0.0678905 0.107601 0.175239) 45093 89506 2
(0.0589108 0.151494 0.462443 0.327152) 45094 89595 2
(0.568243 0.145712 0.204337 0.081707) 45091 89589 2
(0.073102 0.487313 0.338322 0.101263) 45137 89593 1
(0.148547 0.44009 0.0428452 0.368517) 45131 89581 2
(0.0324726 0.484028 0.159774 0.323725) 45138 89596 1
(0.626775 0.189164 0.0327768 0.151284) 45181 89681 1
(0.278701 0.0789569 0.287406 0.354936) 45180 89679 2
(0.134734 0.433007 0.218382 0.213877) 45134 89588 1
(0.0980018 0.238482 0.45034 0.213176) 45324 89970 2
(0.101314 0.481102 0.2606 0.156984) 45177 89673 1
(0.032015 0.486058 0.433566 0.0483607) 45229 89865 1
(0.0149712 0.219969 0.492009 0.273051) 45179 89680 2
(0.698895 0.15051 0.00597193 0.144623) 45181 89681 1
(0.0753624 0.215093 0.448434 0.261111) 45181 89769 2
(0.411808 0.29467 0.0975245 0.195997) 45220 89762 1
(0.429562 0.299602 0.0915891 0.179247) 45224 89855 1
(0.308746 0.346163 0.321613 0.0234777) 45221 89762 1
(0.240212 0.415597 0.338049 0.00614291) 45266 89851 1
(0.11413 0.443213 0.233451 0.209207) 45270 89862 1
(0.188143 0.406896 0.0656182 0.339343) 45265 89852 1
(0.44441 0.307448 0.124071 0.124071) 45260 89928 1
(0.315387 0.183758 0.166332 0.334523) 45360 90039 2
(0.559728 0.220443 0.0982148 0.121614) 45312 89946 1
(0.507131 0.246731 0.138418 0.107721) 45358 90036 1
(0.843121 0.0644858 0.0141095 0.0782832) 45349 90018 2
(0.106002 0.448255 0.161937 0.283806) 45358 90036 1
(0.27555 0.38771 0.276371 0.0603686) 45399 90117 1
(0.214003 0.392801 0.227808 0.165388) 45352 90024 1
(0.296929 0.190208 0.351358 0.161505) 45448 90218 2
(0.147923 0.114526 0.416022 0.321528) 45398 90203 2
(0.163063 0.427225 0.0826155 0.327096) 45442 90203 1
(0.40685 0.297176 0.134948 0.161026) 45443 90208 1
(0.538562 0.245952 0.0584642 0.157022) 45443 90293 1
(0.182 0.251162 0.396849 0.169988) 45491 90389 2
(0.29623 0.154392 0.197792 0.351586) 45537 90394 2
(0.575517 0.213845 0.0230058 0.187632) 45484 90287 2
(0.0674358 0.0433289 0.422672 0.466563) 45535 90390 2
(0.50962 0.212365 0.0514244 0.22659) 45530 90379 2
(0.27265 0.0105844 0.363365 0.3534) 45580 90567 2
(0.590604 0.181347 0.204359 0.0236898) 45578 90478 2
(0.0870219 0.456556 0.0250836 0.431338) 45573 90466 1
(0.0814362 0.109663 0.368317 0.440584) 45614 90547 2
(0.550224 0.0434535 0.183972 0.222351) 45622 90563 2
(0.303449 0.133212 0.347959 0.21538) 45620 90562 2
(0.00976647 0.495506 0.386744 0.107984) 45619 90560 1
(0.235338 0.387147 0.121627 0.255888) 45713 90745 1
(0.898692 0.0523617 0.03972 0.00922643) 45663 90733 1
(0.356075 0.0718709 0.250268 0.321787) 45707 90734 2
(0.76538 0.121279 0.0485528 0.064788) 45708 90735 1
(0.143912 0.317798 0.427588 0.110703) 45804 90930 2
(0.00716334 0.0104823 0.495386 0.486968) 45705 90817 2
(0.456217 0.268291 0.00403408 0.271458) 45803 90926 2
(0.571521 0.220134 0.125075 0.0832704) 45801 90921 1
(0.0805459 0.487255 0.102305 0.329894) 45752 90911 1
(0.0051934 0.497584 0.0805931 0.416629) 45752 90824 1
(0.339771 0.0448969 0.287939 0.327393) 45797 90913 2
(0.6366 0.19266 0.163327 0.00741223) 45797 90913 1
(0.592125 0.145313 0.19328 0.0692823) 45796 90999 2
(0.535266 0.239014 0.140831 0.0848897) 45844 91007 1
(0.488043 0.246808 0.00900303 0.256146) 45841 91002 2
(0.718178 0.140961 0.0736468 0.067214) 45888 91098 1
(0.683348 0.15854 0.0661873 0.0919245) 45882 91086 1
(0.0568732 0.308383 0.471066 0.163678) 45933 91188 2
(0.369869 0.192262 0.315405 0.122465) 45933 91188 2
(0.239686 0.38669 0.101075 0.272549) 45930 91179 1
(0.506415 0.140252 0.246556 0.106777) 45932 91186 2
(0.287909 0.417138 0.119691 0.175261) 45921 91161 1
(0.294584 0.136762 0.215619 0.353035) 45929 91178 2
(0.610934 0.188135 0.00682806 0.194103) 45927 91174 2
(0.104268 0.447865 0.286108 0.161759) 45932 91186 1
(0.569409 0.0290601 0.215198 0.186333) 45972 91266 2
(0.771163 0.0559558 0.108896 0.0639849) 45969 91345 2
(0.479226 0.267253 0.16859 0.0849307) 45972 91351 1
(0.0514232 0.345189 0.130233 0.473155) 46018 91356 2
(0.335196 0.139725 0.227942 0.297136) 46053 91425 2
(0.127243 0.43625 0.00824108 0.428265) 46066 91452 1
(0.592783 0.126239 0.0784453 0.202532) 38034 75387 2
(0.0438052 0.095271 0.383158 0.477766) 42956 85232 2
(0.301787 0.360306 0.209142 0.128764) 41794 82907 1
(0.906816 0.00519006 0.0418625 0.0461319) 41793 82905 2
(0.462461 0.270836 0.0450329 0.221671) 41789 82900 1
(0.364221 0.256186 0.0623197 0.317273) 41792 82904 2
(0.805288 0.0539048 0.0969354 0.0438715) 41943 83208 2
(0.535258 0.214046 0.020186 0.23051) 41925 83170 2
(0.808082 0.0110361 0.0849349 0.0959475) 41879 83078 2
(0.206752 0.0895467 0.391109 0.312592) 41836 83079 2
(0.392178 0.304518 0.0807672 0.222537) 41793 82908 1
(0.239651 0.244771 0.352697 0.162881) 41788 82983 2
(0.512392 0.00307455 0.240675 0.243859) 41833 82986 2
(0.242184 0.735997 0.00878997 0.0130289) 41784 82888 1
(0.0531198 0.475153 0.243919 0.227808) 41922 83166 1
(0.0841376 0.0024993 0.100882 0.812481) 41784 187750 2
(0.410058 0.134279 0.276379 0.179284) 41831 83069 2
(1.14121e-07 1.14135e-07 0.702664 0.297336) 41784 187750 2
(0.054723 0.238711 0.361439 0.345127) 41828 82976 1
(0.364615 0.317103 0.269597 0.0486846) 41920 83162 1
(0.596862 0.22809 0.156162 0.0188854) 41919 83157 1
(0.403376 0.00390316 0.167461 0.42526) 41828 187794 2
(0.00994846 0.495687 0.019419 0.474945) 41878 83076 1
(1.89904e-08 1.23356e-08 0.212828 0.787172) 41828 187794 2
(0.497609 0.109295 0.251121 0.141975) 41922 83166 2
(0.0261988 0.504508 0.360453 0.108841) 42015 83349 1
(0.325969 0.532267 0.0711636 0.0706002) 41828 82976 1
(0.106465 0.00331162 0.443695 0.446528) 41965 83249 2
(0.0799202 0.156102 0.304134 0.459844) 41834 82988 2
(0.115118 0.0259495 0.416082 0.442851) 42008 83336 2
(0.71569 0.0645657 0.0885084 0.131236) 41918 83155 2
(0.902714 0.0504003 0.00296163 0.0439245) 41873 83065 1
(0.626658 0.102809 0.186379 0.0841541) 41927 83176 2
(0.638045 0.181056 0.0568638 0.124034) 41873 83066 1
(0.588365 0.206878 0.0971888 0.107568) 41872 83066 1
(0.372893 0.315233 0.144851 0.167023) 41874 83068 1
(0.191826 0.292933 0.403255 0.111986) 42103 83528 2
(0.0861261 0.497484 0.132287 0.284103) 41964 83335 1
(0.0397101 0.480207 0.371614 0.108469) 42008 83336 1
(0.267162 0.370898 0.0535849 0.308355) 42144 83607 1
(0.813301 0.0935388 0.0906749 0.00248547) 41917 83154 1
(0.461675 0.28318 0.071073 0.184072) 41919 83157 1
(0.774044 0.113154 0.0401802 0.0726214) 41974 83270 1
(0.158398 0.421048 0.112777 0.307777) 42009 83338 1
(0.210974 0.39529 0.23482 0.158916) 41922 83166 1
(0.454096 0.273716 0.0193139 0.252874) 41960 83242 1
(0.0249567 0.500759 0.206488 0.267796) 42101 83521 1
(0.549507 0.226486 0.222693 0.00131436) 41830 82982 1
(0.510472 0.257342 0.0551339 0.177053) 42012 83431 1
(0.399936 0.300681 0.0152351 0.284148) 41961 83244 1
(0.378959 0.13202 0.293039 0.195982) 42051 83509 2
(0.0952896 0.141915 0.451853 0.310943) 42143 83608 2
(0.474186 0.263344 0.0657299 0.19674) 42110 83540 1
(0.0486634 0.531578 0.124918 0.294841) 42007 83421 1
(0.342735 0.33275 0.161164 0.163351) 41960 83328 1
(0.148855 0.151074 0.27804 0.422031) 42050 83420 2
(2.08168e-08 6.8536e-09 0.860704 0.139296) 41960 187926 2
(6.53348e-08 0.0988132 0.901187 5.46639e-08) 41960 139366 1
(0.654991 0.149235 0.155788 0.039986) 42052 83511 2
(0.395838 0.065381 0.302112 0.236669) 42053 83428 2
(0.311163 0.0208126 0.344316 0.323708) 42050 83422 2
(0.0746922 0.264252 0.461935 0.199121) 42104 83530 2
(5.90822e-08 0.495616 0.504383 8.69882e-08) 42048 139454 1
(0.324438 0.105037 0.237502 0.333022) 42147 83613 2
(0.44651 0.190734 0.098254 0.264501) 42188 83695 2
(0.404723 0.300629 0.119614 0.175034) 42202 83811 1
(0.60029 0.0449792 0.158897 0.195834) 42054 83427 2
(0.157662 0.379523 0.224508 0.238307) 42092 83592 1
(0.482468 0.0584098 0.25844 0.200682) 42151 83624 2
(0.181713 0.632946 0.182558 0.00278222) 42092 139498 1
(0.591675 0.091496 0.123127 0.193702) 42140 83599 2
(0.437081 0.0382716 0.243958 0.28069) 42228 83776 2
(0.0766699 0.492299 0.0563666 0.374664) 42138 83595 2
(0.00196559 0.623468 0.18769 0.186876) 42136 83592 1
(4.04731e-09 2.63962e-09 0.0159878 0.984012) 42180 188146 2
(0.530664 0.235353 0.0492995 0.184683) 42104 83528 1
(0.0787972 0.432856 0.0692807 0.419066) 42229 83777 2
(0.387704 0.33244 0.218931 0.0609252) 42137 83681 2
(0.057167 0.524258 0.363826 0.0547492) 42184 83687 1
(0.505361 0.0302834 0.247558 0.216798) 42320 83962 2
(0.523187 0.247618 0.219466 0.00972877) 42181 83682 1
(0.0602729 0.438951 0.468199 0.0325773) 42182 83686 2
(0.160927 0.526045 0.208942 0.104087) 42225 83769 1
(0.0986006 0.451315 0.202959 0.247125) 42278 83876 1
(0.157257 0.439967 0.251115 0.151661) 42276 83871 1
(0.252159 0.00444294 0.533365 0.210033) 42136 188102 2
(0.487591 0.279226 0.158316 0.0748674) 42228 83775 1
(0.538105 0.172395 0.0591997 0.230301) 42229 83778 2
(0.417628 0.287922 0.17033 0.12412) 42181 83682 1
(0.0094733 0.493928 0.152875 0.343724) 42183 83688 1
(0.272358 0.364047 0.0910967 0.272498) 42275 83870 1
(0.779434 0.111439 0.00439191 0.104735) 42182 83686 1
(0.300068 0.0655718 0.284679 0.349681) 42273 83866 2
(0.354785 0.131003 0.322134 0.192079) 42271 83864 2
(0.235713 0.382968 0.286368 0.0949506) 42382 84084 1
(0.0179726 0.431166 0.0609541 0.489908) 42317 83954 2
(0.33744 0.203108 0.322289 0.137163) 42367 84141 2
(1.77607e-09 2.50752e-09 0.974399 0.0256007) 42224 188190 2
(0.0776037 0.459427 0.0412523 0.421717) 42227 83774 1
(0.497528 0.104268 0.147151 0.251052) 42270 83860 2
(0.302629 0.000540555 0.00500791 0.691822) 42312 188278 2
(0.0105542 0.00029958 0.287546 0.7016) 42268 188234 2
(0.166525 0.743012 0.0460612 0.0444021) 42312 83944 1
(0.033625 0.303703 0.184406 0.478267) 42418 84155 2
(0.361965 0.610123 0.013329 0.0145825) 42268 83944 1
(0.13676 0.258554 0.197793 0.406893) 42405 84129 2
(0.380192 0.311112 0.200479 0.108217) 42314 83950 1
(0.611253 0.193729 0.0240629 0.170956) 42357 84034 1
(0.300772 0.361187 0.0459832 0.292057) 42358 84035 1
(0.456007 0.474628 0.0370775 0.0322876) 42400 84120 1
(0.467994 0.274258 0.151665 0.106082) 42452 84311 1
(0.065502 0.473339 0.0222498 0.438909) 42402 84123 1
(0.317943 0.0374493 0.335204 0.309404) 42359 84125 2
(0.339981 0.0104623 0.317326 0.33223) 42402 84124 2
(1.07556e-08 0.478338 0.521662 6.74304e-09) 42400 139806 1
(0.707625 0.102991 0.136115 0.05327) 42449 84305 2
(1.77955e-07 1.16568e-07 0.933307 0.0666924) 42400 188366 2
(0.434118 0.189989 0.278154 0.0977385) 42459 84325 2
(0.460607 0.316739 0.0861328 0.136521) 42445 84209 1
(0.153883 0.425652 0.314228 0.106238) 42446 84212 1
(0.528313 0.228905 0.0104153 0.232367) 42446 84212 2
(0.238805 0.349285 0.333357 0.0785532) 42447 84301 2
(1.60328e-08 0.856075 0.143925 3.81481e-08) 42444 139850 1
(0.241049 0.00616843 0.0999557 0.652827) 42444 188410 2
(0.623412 0.18922 0.0246595 0.162709) 42490 84302 1
(0.143669 0.437721 0.338245 0.080365) 42493 84393 1
(0.534081 0.233545 0.186482 0.0458922) 42414 84148 1
(3.54937e-10 0.687322 0.312678 1.25298e-08) 42488 139894 1
(0.452434 0.0974967 0.273502 0.176568) 42628 84578 2
(0.395506 0.303899 0.286067 0.0145281) 42490 84300 1
(0.280502 0.000150027 0.530661 0.188687) 42488 188454 2
(0.278828 0.364622 0.130417 0.226132) 42510 84427 1
(0.0849596 0.394295 0.456267 0.064479) 42581 84484 2
(0.0245439 0.502742 0.175285 0.29743) 42627 84573 1
(0.151181 0.453294 0.0710668 0.324458) 42583 84573 1
(0.00171515 0.0862737 0.498785 0.413226) 42670 84662 2
(0.0224981 0.222909 0.26589 0.488703) 42578 84476 2
(0.632358 0.106239 0.0811432 0.18026) 42545 84409 2
(0.210188 0.405093 0.0100291 0.37469) 42542 84403 2
(1.17958e-07 0.0733283 0.926672 5.15229e-08) 42532 139938 1
(0.36221 0.325075 0.217898 0.094818) 42673 84753 1
(0.647916 0.176568 0.161531 0.0139852) 42673 84666 1
(0.715285 0.0202077 0.132547 0.131959) 42576 84472 1
(0.0751242 0.0981222 0.451574 0.37518) 42580 84567 2
(0.363618 0.318547 0.0250874 0.292748) 42597 84516 1
(0.0414292 0.000223178 0.671056 0.287291) 42576 188542 2
(0.193767 0.112078 0.297512 0.396643) 42541 84401 2
(0.0371985 0.270548 0.211322 0.480932) 42672 84664 2
(0.814288 0.0174985 0.0939368 0.0742768) 42668 84658 2
(0.896388 0.0517904 0.0372419 0.0145792) 42623 84568 1
(0.176087 0.199322 0.234966 0.389625) 42668 84655 2
(0.363833 0.319414 0.254667 0.0620865) 42621 84562 1
(0.010888 0.497014 0.373285 0.118813) 42623 84566 1
(0.581019 0.177949 0.208921 0.0321107) 42715 84752 2
(0.0306548 0.485311 0.110527 0.373507) 42671 84664 1
(0.358408 0.073752 0.253425 0.314415) 42714 84747 2
(0.463024 0.170878 0.180089 0.18601) 42664 84648 1
(0.351628 0.328316 0.0382614 0.281794) 42714 84747 1
(0.0493777 0.474531 0.456149 0.0199423) 42588 84498 1
(0.253499 0.402546 0.00629995 0.337654) 42715 84837 1
(0.0699249 0.496281 0.420891 0.0129032) 42760 84839 1
(0.63491 0.182156 0.181883 0.00105215) 42665 84652 1
(0.58434 0.208408 0.0817678 0.125484) 42583 84488 1
(0.0304074 0.0151826 0.473287 0.481123) 42709 84737 2
(0.265695 0.366996 0.22367 0.143638) 42712 84746 1
(0.120921 0.0492204 0.392419 0.43744) 42631 84581 2
(0.467098 0.265958 0.245595 0.021349) 42712 84746 1
(0.405941 0.310677 0.0710367 0.212345) 42717 84841 1
(0.0570294 0.474148 0.369103 0.0997199) 42635 84677 1
(0.113021 0.168793 0.433738 0.284448) 42584 84575 2
(0.835288 0.0567214 0.107252 0.000739265) 42708 140114 1
(0.809529 0.130501 0.0312245 0.0287457) 42708 84824 1
(0.579112 0.21112 0.0116677 0.198101) 42630 84582 1
(0.236412 0.398187 0.174961 0.190441) 42803 85013 1
(0.17464 0.423796 0.30793 0.0936334) 42757 84921 1
(0.386468 0.266566 0.344659 0.00230632) 42752 140158 1
(0.0449087 0.399634 0.0955723 0.459885) 42719 84757 2
(0.852276 0.0756436 0.0135734 0.058507) 42797 84914 1
(0.35661 0.248819 0.101189 0.293382) 42844 85007 2
(0.412153 0.259371 0.0355101 0.292966) 42800 84920 2
(0.053474 0.246784 0.289166 0.410576) 42797 84913 2
(0.0259092 0.488697 0.29114 0.194254) 42800 84920 1
(0.219087 0.350066 0.389021 0.0418251) 42798 84918 2
(0.728034 0.136274 0.0786476 0.0570447) 42845 85012 1
(0.0116732 0.00907474 0.494068 0.485184) 42889 85100 2
(2.65954e-09 4.62705e-09 0.766722 0.233278) 42796 188762 2
(0.193654 0.367415 0.402049 0.0368819) 42718 84758 2
(0.543017 0.228934 0.12337 0.104679) 42890 85102 1
(0.38529 0.307726 0.211737 0.0952466) 42842 85006 1
(0.387059 0.306003 0.0568693 0.250069) 42890 85100 1
(0.506625 0.146746 0.243678 0.102951) 42769 84945 2
(1.73972e-08 0.292218 0.707782 1.63803e-08) 42840 140246 1
(0.150241 0.72749 0.060257 0.0620126) 42840 85088 1
(0.125346 0.759053 0.0571455 0.0584554) 42884 85088 1
(0.157149 0.338023 0.0847572 0.42007) 42889 85098 2
(4.93515e-09 9.6396e-10 0.224694 0.775306) 42884 188850 2
(0.307467 0.242363 0.34553 0.10464) 42763 84848 2
(0.0389019 0.481369 0.179876 0.299853) 42763 84848 1
(0.162753 0.335665 0.41779 0.0837924) 42806 84934 2
(0.437959 0.0962809 0.280507 0.185253) 42980 85282 2
(0.443786 0.0018568 0.278042 0.276315) 42934 85275 2
(0.451284 0.28679 0.115622 0.146303) 42935 85277 1
(0.0129143 0.282721 0.444073 0.260292) 42886 85179 2
(0.1082 0.246743 0.445144 0.199914) 42805 84932 2
(0.184573 0.0319988 0.407674 0.375754) 42979 85280 2
(0.0718274 0.465568 0.0183609 0.444244) 42932 85186 1
(0.259999 0.303967 0.354658 0.0813756) 42762 84931 2
(0.0874957 0.310644 0.435829 0.166031) 42980 85367 2
(0.113623 0.0780843 0.367474 0.440818) 42853 85025 2
(0.538981 0.217677 0.0271399 0.216203) 43024 85367 2
(0.82312 0.0883946 0.0194009 0.0690845) 42977 85274 1
(0.103269 0.512523 0.0701204 0.314088) 42973 85265 2
(0.0142275 0.494206 0.340555 0.151012) 42978 85276 1
(0.0203258 0.490311 0.135129 0.354234) 42806 84932 1
(0.449942 0.284542 0.194646 0.0708708) 42851 85021 1
(0.243758 0.377155 0.332516 0.0465706) 42973 85268 1
(0.236764 0.0797743 0.302182 0.38128) 43069 85458 2
(0.231788 0.276606 0.24569 0.245916) 43016 85352 1
(0.537149 0.0109101 0.220608 0.231332) 43022 85363 2
(0.224189 0.388771 0.00472646 0.382314) 43022 85364 1
(0.0857456 0.111338 0.346175 0.456741) 42896 85112 2
(0.164928 0.319994 0.133768 0.38131) 43108 85535 2
(0.704511 0.151955 0.0410204 0.102514) 43110 85539 1
(0.220272 0.406469 0.0358275 0.337432) 43105 85529 1
(0.238222 0.0604567 0.320612 0.38071) 43157 85634 2
(0.210211 0.00161698 0.0393256 0.748846) 43104 189070 2
(0.5603 0.21876 0.218113 0.00282699) 43111 85544 1
(0.200765 0.328196 0.0786347 0.392405) 42988 85295 2
(0.221524 0.259374 0.14891 0.370191) 43155 85629 2
(0.330464 0.367306 0.028082 0.274148) 43109 85625 1
(0.782222 0.109942 0.0944324 0.0134036) 43157 85721 1
(0.208751 0.0122142 0.522595 0.256441) 43104 189070 2
(0.10535 0.496646 0.35023 0.0477742) 43152 85623 1
(0.333216 0.353784 0.00510915 0.30789) 43157 85721 1
(0.158852 0.421793 0.080475 0.33888) 42980 85282 1
(0.489514 0.255792 0.0257404 0.228953) 43041 85401 1
(0.427244 0.217695 0.0829263 0.272134) 43200 85719 2
(0.784919 0.00604182 0.103007 0.106032) 43149 85618 2
(0.0654842 0.308465 0.437563 0.188487) 43153 85713 2
(0.392858 0.228846 0.290338 0.0879582) 43201 85809 2
(0.322142 0.263939 0.292576 0.121343) 43150 85707 2
(0.155135 0.366894 0.056779 0.421192) 43199 85718 2
(0.376087 0.0397486 0.28797 0.296194) 43193 85705 2
(2.95498e-11 0.665383 0.334617 9.65508e-10) 43192 140598 1
(0.421331 0.289444 0.0301523 0.259073) 43026 85372 1
(0.215787 0.42691 0.00631131 0.350992) 43241 85801 2
(0.107355 0.494411 0.135175 0.263059) 43195 85797 1
(0.0867212 0.214764 0.455612 0.242903) 43239 85800 2
(0.205704 0.147972 0.391929 0.254395) 43029 85465 2
(0.185901 0.417313 0.212792 0.183995) 43026 85459 1
(0.310651 0.344882 0.0454527 0.299015) 43240 85800 1
(0.0295366 0.237991 0.270176 0.462296) 43285 85889 2
(0.355594 0.603786 0.0192892 0.0213307) 43236 85880 1
(0.03836 0.023852 0.93765 0.000138165) 43236 140642 1
(0.663865 0.16831 0.0248464 0.142979) 43287 85894 1
(0.740707 0.00253991 0.127786 0.128967) 43287 85893 2
(0.674923 0.0817315 0.161087 0.082258) 43122 85651 2
(0.637988 0.181438 0.165661 0.014913) 43332 85984 1
(0.669063 0.102197 0.163778 0.0649624) 43122 85651 2
(0.00500024 0.517248 0.4068 0.0709518) 43282 85971 1
(0.470443 0.263895 0.033537 0.232125) 43329 85978 1
(0.731011 0.135118 0.104402 0.0294692) 43326 85972 1
(0.182649 0.409057 0.120231 0.288063) 43330 85980 1
(0.131876 0.434638 0.417152 0.0163335) 43376 86072 1
(0.258141 0.371561 0.304053 0.0662455) 43325 85972 1
(0.00464762 0.497708 0.0164337 0.48121) 43117 85554 1
(0.524184 0.191746 0.046862 0.237208) 43167 85654 2
(0.324112 0.338452 0.0825875 0.254849) 43372 86066 1
(0.643151 0.0672556 0.111807 0.177787) 43161 85642 2
(0.251716 0.37462 0.276946 0.0967188) 43374 86070 1
(0.301847 0.349639 0.153563 0.194951) 43419 86158 1
(0.38897 0.0530503 0.256538 0.301442) 43463 86245 2
(0.168564 0.293153 0.147241 0.391042) 43462 86243 2
(0.777643 0.0392804 0.109112 0.0739647) 43246 85899 2
(0.462594 0.270984 0.0164489 0.249973) 43462 86243 1
(0.478914 0.292031 0.11294 0.116115) 43456 86232 1
(0.0320362 0.48658 0.390397 0.0909875) 43207 85821 1
(0.0084904 0.51447 0.0446016 0.432438) 43204 85815 1
(0.657128 0.0248036 0.14894 0.169129) 43505 86329 2
(0.707475 0.0390874 0.144558 0.108879) 43290 85987 2
(0.392056 0.304427 0.168559 0.134958) 43509 86338 1
(0.155472 0.424038 0.0490503 0.371439) 43503 86328 1
(0.527018 0.245087 0.222247 0.00564792) 43509 86425 2
(0.589719 0.194287 0.0507366 0.165257) 43501 86322 1
(0.244805 0.380394 0.171806 0.202995) 43501 86324 1
(0.271861 0.365131 0.0423102 0.320698) 43505 86330 1
(0.586448 0.0111371 0.195709 0.206705) 43304 85928 2
(0.250176 0.375969 0.0592632 0.314592) 43552 86426 1
(0.0234699 0.48784 0.126566 0.362125) 43551 86422 1
(0.170774 0.416337 0.367431 0.0454582) 43293 85993 1
(3.14442e-06 0.625318 0.374677 2.04279e-06) 40904 138310 1
(1.27412e-07 0.727662 0.272338 1.50509e-07) 40948 138354 1
(0.279801 0.414901 0.0929635 0.212334) 40993 81305 1
(3.26745e-07 0.163589 0.83641 1.64317e-07) 40948 138354 1
(0.0995363 0.484953 0.136249 0.279262) 40997 81401 1
(5.95524e-07 5.14784e-07 0.856939 0.14306) 40948 186914 2
(9.63083e-05 1.00893e-05 0.796761 0.203133) 40948 186914 2
(0.534738 0.160261 0.0723552 0.232646) 41001 81322 2
(0.439522 0.011666 0.28027 0.268542) 40994 81310 2
(0.0831972 0.393232 0.456953 0.0666181) 41037 81396 2
(0.440884 0.00139815 0.234583 0.323135) 41036 187002 2
(0.0644332 0.786173 0.148919 0.000474441) 41036 138442 1
(0.0640361 0.772392 0.16346 0.000112794) 41036 138442 1
(0.554324 0.10547 0.109409 0.230797) 41081 81482 2
(0.134418 0.504508 0.361069 4.7965e-06) 41080 138486 1
(6.29317e-07 0.258702 0.741297 3.94858e-07) 41080 138486 1
(0.341037 0.335214 0.0603277 0.263422) 41130 81579 1
(9.7165e-08 0.716864 0.283135 5.23054e-08) 41124 138530 1
(0.603007 0.199306 0.162366 0.0353204) 41082 81486 1
(2.78563e-07 0.305361 0.694638 1.46345e-07) 41124 138530 1
(0.521737 0.239344 0.0167442 0.222175) 41175 81669 2
(0.304112 0.388672 0.151022 0.156194) 41124 81656 1
(0.709727 0.060925 0.0824971 0.146851) 41172 81664 2
(0.0164766 0.0146762 0.492214 0.476633) 41168 81658 2
(0.00108851 0.491579 0.507187 0.000144931) 41168 138574 1
(6.33219e-07 3.10826e-07 0.409304 0.590695) 41168 187134 2
(0.697378 0.0719321 0.0755462 0.155143) 41169 81658 2
(2.60034e-06 5.64261e-07 0.896764 0.103232) 41124 187090 2
(0.171262 0.32209 0.246607 0.260041) 41212 81744 1
(0.0911247 0.131357 0.329206 0.448312) 41310 81939 2
(3.25229e-07 0.111367 0.888633 8.88405e-08) 41168 138574 1
(0.180998 0.46754 0.209087 0.142375) 41214 81747 1
(0.383393 0.326085 0.0656949 0.224827) 41214 81747 1
(0.541286 0.230092 0.166815 0.0618073) 41218 81756 1
(0.356475 0.347836 0.0317327 0.263957) 41218 81843 1
(1.04385e-07 0.709158 0.290841 1.89912e-07) 41212 138618 1
(0.0244396 0.487654 0.376998 0.110908) 41216 81754 1
(0.498068 0.00484875 0.247667 0.249416) 41256 81834 2
(4.57426e-07 0.366182 0.633817 1.3646e-07) 41256 138662 1
(0.688229 0.0755679 0.147549 0.0886536) 41260 81927 2
(0.000473522 0.500572 0.146884 0.35207) 41259 81838 1
(0.28941 0.430563 0.146305 0.133722) 41257 81921 1
(0.0614771 0.0887008 0.427936 0.421886) 41256 81920 1
(0.663855 0.193582 0.0246316 0.117932) 41301 81921 2
(0.055314 0.20612 0.265972 0.472594) 41303 81926 2
(0.3487 0.171102 0.15487 0.325328) 41355 82030 2
(0.397197 0.328768 0.273982 5.3151e-05) 41306 81931 1
(0.0168086 0.291742 0.223995 0.467454) 41350 82019 2
(0.0290151 0.0483032 0.440537 0.482145) 41353 82025 2
(0.190444 0.404883 0.00199131 0.402682) 41398 82115 1
(0.514526 0.00601854 0.242711 0.236744) 41345 82012 2
(0.37823 0.311588 0.298455 0.0117265) 41398 82203 1
(1.59068e-08 0.512332 0.487668 3.44568e-07) 41344 138750 1
(0.219882 0.389537 0.00609629 0.384485) 41392 82103 1
(0.22356 0.120331 0.281086 0.375023) 41392 82103 2
(0.21483 0.392976 0.0831594 0.309034) 41391 82104 1
(0.204452 0.198718 0.199974 0.396855) 41390 82100 2
(0.625353 0.151512 0.174678 0.0484571) 41394 82195 2
(0.239538 0.206654 0.173943 0.379866) 41436 82192 2
(2.09316e-08 1.95601e-09 0.1934 0.8066) 41476 187442 2
(0.442323 0.128355 0.279832 0.14949) 41434 82190 2
(1.2296e-05 0.383308 0.616679 8.48965e-07) 41432 138838 1
(0.166201 0.0938556 0.330953 0.408991) 41482 82283 2
(0.0704196 0.465502 0.286049 0.17803) 41435 82190 1
(0.116199 0.430527 0.445984 0.00729017) 41432 138838 1
(0.149438 0.00516158 0.700178 0.145223) 41432 187398 2
(0.497573 0.197376 0.232203 0.0728484) 41437 82281 2
(0.462602 0.496302 0.0135489 0.0275469) 41432 82272 1
(0.118307 0.000687409 0.3822 0.498805) 41432 187398 2
(0.419484 0.351202 0.115266 0.114047) 41476 82360 1
(0.105791 0.197736 0.419863 0.276611) 41479 82365 2
(0.000196125 0.696865 0.302819 0.000119455) 41520 138926 1
(0.118487 0.441294 0.201999 0.23822) 41525 82370 1
(0.314179 0.293131 0.0501362 0.342554) 41577 82474 2
(0.0836308 0.00176368 0.566831 0.347775) 41520 187486 2
(0.0543734 0.022709 0.472459 0.450458) 41570 82462 2
(0.448149 0.154136 0.122251 0.275464) 41573 82466 2
(2.00033e-06 0.0994744 0.900515 8.08853e-06) 41520 138926 1
(0.249782 0.00145204 0.0177769 0.730989) 41564 187530 2
(0.18461 0.404507 0.00450329 0.406379) 41569 82458 2
(4.48175e-09 5.50628e-09 0.439509 0.560491) 41564 187530 2
(0.377167 0.312216 0.147318 0.163299) 41568 82456 1
(0.398653 0.243374 0.272869 0.0851038) 41568 82543 2
(0.217467 0.340431 0.0517602 0.390342) 41619 82558 2
(0.103932 0.449085 0.301464 0.145519) 41567 82456 1
(0.252099 0.421741 0.173622 0.152538) 41610 82539 1
(0.0617838 0.0941035 0.376261 0.467852) 41627 82573 2
(0.790928 0.106536 0.0385106 0.0640256) 41663 82645 1
(0.657889 0.0352824 0.13914 0.167689) 41656 82631 2
(3.53868e-09 0.844313 0.155687 2.98063e-09) 41652 139058 1
(0.641434 0.17958 0.0779763 0.10101) 41661 82642 1
(0.178971 0.411705 0.343282 0.0660417) 41662 82644 1
(0.565904 0.215614 0.148308 0.0701747) 41656 82634 1
(0.683584 0.208546 0.0179709 0.0898999) 41653 82713 1
(0.453337 0.299646 0.0206958 0.226321) 41657 82721 1
(0.58048 0.210191 0.00715553 0.202173) 41705 82729 1
(0.512536 0.248647 0.044977 0.193839) 41702 82723 1
(0.663819 0.172245 0.0411323 0.122804) 41701 82721 1
(0.273509 0.124691 0.36207 0.239729) 41696 82714 2
(0.669958 0.0239204 0.147295 0.158826) 41697 82713 2
(0.904021 0.0298133 0.0255235 0.0406424) 41697 82713 2
(1.21095e-08 5.01513e-09 0.686782 0.313218) 41696 187662 2
(0.0377914 0.0222514 0.460978 0.478979) 41747 82813 2
(9.08917e-09 6.20859e-10 0.963268 0.0367319) 41696 187662 2
(0.152813 0.435816 0.120299 0.291071) 41745 82809 1
(0.544748 0.059721 0.179077 0.216454) 41742 82803 2
(0.0775784 0.283825 0.178528 0.460069) 41745 82810 2
(0.656131 0.198878 0.00923614 0.135755) 41743 82893 1
(0.415032 0.295508 0.133261 0.156199) 41740 82802 1
)


// ************************************************************************* //
