221.318
298.054
298.054
300.394
316.567
302.59
276.189
317.652
324.616
328.614
306.558
319.572
325.487
308.34
325.487
329.152
321.211
248.825
248.825
329.423
326.908
210.984
329.204
328.8
316.622
328.8
270.305
302.715
328.029
325.303
318.632
329.988
226.081
279.53
329.646
328.757
309.508
240.589
312.251
330.162
323.192
247.409
323.806
29.503
330.834
324.964
324.964
330.949
316.776
299.959
330.626
212.226
156.683
327.741
330.626
332.632
306.278
333.397
333.631
330.29
591.076
600.041
577.425
595.392
594.124
589.501
595.995
591.963
591.258
592.108
591.512
592.301
590.648
589.456
588.523
587.878
570.517
586.766
585.827
584.964
581.922
584.806
581.978
579.714
583.351
578.458
577.759
580.932
579.121
580.318
570.503
578.352
573.592
576.726
579.71
577.771
576.96
577.771
574.193
576.429
574.721
574.983
576.704
576.108
576.166
576.225
575.911
576.283
576.033
576.8
576.13
577.348
576.69
577.286
576.464
576.928
576.831
576.605
576.993
576.655
576.686
576.899
576.87
576.742
576.846
576.757
576.754
576.771
576.792
576.771
606.279
605.378
602.564
600.509
605.725
600.509
601.905
594.319
602.75
599.723
598.253
604.936
597.874
602.065
608.825
598.26
600.442
598.266
603.769
599.211
599.211
599.067
598.244
604.953
600.838
605.889
600.906
602.772
602.172
598.584
603.664
600.302
607.224
603.651
603.519
607.145
601.951
603.387
598.436
600.639
607.612
602.672
601.796
602.316
599.612
602.791
606.717
597.254
605.268
602.838
598.177
602.173
596.324
596.157
594.802
595.08
595.278
380.044
240.746
425.886
421.481
433.915
517.064
440.776
443.338
474.212
575.687
464.61
476.055
506.205
476.183
480.913
488.824
496.261
453.192
499.185
494.165
511.834
532.408
531.889
548.205
556.738
566.109
567.55
554.288
556.933
562.246
582.133
578.915
582.128
576.538
579.628
588.643
578.307
581.942
591.447
588.774
592.771
584.584
592.643
594.891
591.284
594.892
589.532
590.638
598.553
589.263
593.14
590.488
601.436
592.917
593.318
601.637
597.568
593.713
595.09
600.924
598.908
62.4074
326.022
335.22
331.846
236.582
334.921
334.719
330.59
340.345
340.345
341.744
333.377
342.419
342.658
127.176
347.692
351.635
280.798
362.714
323.479
362.404
349.288
359.226
284.648
370.427
362.133
341.44
306.273
377.215
313.876
380.183
380.68
384.58
394.163
393.793
20.5364
24.5557
20.4376
24.544
60.3913
8.58549
30.1899
17.4223
79.2275
67.3953
62.9533
24.7144
5.61696
188.259
160.911
24.7144
89.8562
309.202
219.299
316.225
315.489
285.494
302.358
223.14
191.977
3.22692
304.583
199.409
226.981
318.237
304.583
199.409
74.4162
276.377
318.237
3.84647
174.847
125.459
234.666
319.933
256.979
210.562
78.3289
320.654
320.654
299.679
299.679
156.33
128.361
321.298
264.4
242.351
321.873
321.873
268.047
218.027
320.885
322.387
192.239
25.4981
12.5459
221.774
275.165
308.127
5.63014
297.58
278.61
112.229
323.245
253.815
316.81
199.284
5.63014
300.072
300.072
311.451
142.965
1.81578
302.409
202.843
27.1798
93.2286
4.21826
175.788
261.346
323.909
319.435
1.78565
265.05
265.05
265.05
240.671
268.704
323.92
179.105
324.421
316.58
213.714
316.58
320.802
323.036
310.237
217.406
12.2401
275.809
127.842
130.503
252.093
279.234
252.093
252.093
325.003
319.345
224.898
164.069
106.705
285.771
324.3
320.099
285.771
135.903
325.205
320.782
306.099
42.5963
84.1292
203.377
316.921
236.366
176.89
236.366
240.235
16.6971
144.254
325.593
244.117
244.117
324.996
2.63598
66.5759
180.21
325.192
324.267
324.544
187.002
312.895
314.255
190.472
326.166
325.704
263.386
4.38381
97.947
71.1179
287.609
229.702
287.609
290.628
325.248
290.628
321.652
6.17636
237.516
233.599
318.583
233.599
237.516
168.46
237.516
296.23
36.9565
319.43
296.23
326.242
319.43
313.087
274.407
274.407
245.38
277.911
313.087
249.308
249.308
321.539
326.235
284.579
284.579
325.779
257.109
326.362
322.647
322.117
309.332
223.908
260.956
326.978
227.829
323.573
157.08
296.285
231.775
320.393
320.393
326.42
313.933
160.209
272.121
272.121
239.713
298.833
275.673
163.393
239.713
315.221
327.014
303.461
303.461
210.978
247.654
307.48
285.646
318.468
288.708
326.755
319.37
255.515
309.273
139.576
139.576
325.849
218.732
310.932
222.658
324.672
324.672
294.4
297.019
49.0123
322.287
325.371
301.802
274.153
316.359
326.921
325.684
51.0338
198.187
318.458
114.291
5.66857
280.942
327.746
318.458
318.458
80.7251
246.512
327.452
201.947
307.878
307.878
246.512
1.6024
328.258
326.759
250.447
311.241
328.282
325.207
213.472
327.212
1.29809
3.06084
2.96187
1.61819
4.08042
2.43657
1.33664
4.00568
4.15843
7.6919
6.42748
88.1704
117.809
114.663
35.6964
78.2367
88.1704
68.9087
61.2426
23.5968
98.3814
117.809
40.6329
40.9037
98.3814
100.669
125.94
36.0339
128.415
134.233
132.358
132.457
90.0231
132.358
32.2948
116.925
138.569
138.569
117.809
133.415
143.061
137.343
105.418
143.061
82.7056
141.025
121.036
147.725
140.641
145.544
140.641
145.009
105.418
127.788
93.8531
150.24
82.7056
150.24
97.9315
160.203
123.048
113.147
28.6102
115.909
97.9315
73.5188
23.0958
154.25
126.27
168.358
129.601
131.336
118.766
168.358
81.7543
170.953
168.358
42.9017
136.582
110.48
109.515
150.936
57.3133
179.916
44.3961
179.916
163.934
176.61
81.7543
176.61
163.934
67.7133
127.915
185.977
127.915
180.241
185.977
168.835
127.915
97.0799
147.85
168.835
91.1782
99.1991
185.977
28.7983
192.2
101.399
192.2
164.077
194.508
178.95
185.849
198.553
120.351
38.0915
117.503
191.546
14.7869
211.511
184.131
205.002
151.811
155.867
197.308
29.0725
106.05
173.304
106.05
111.03
173.304
211.511
44.8079
111.03
178.021
218.035
62.2683
33.396
80.7233
208.904
224.528
214.675
224.528
164.219
164.219
224.528
145.119
63.2174
96.2113
80.7233
230.944
8.64429
231.742
10.3958
132.625
210.475
192.426
220.394
237.24
192.426
243.388
243.388
92.1814
46.5986
215.702
121.993
181.567
231.599
243.538
231.599
249.366
113.644
80.7233
255.151
11.818
146.207
202.069
67.3907
254.705
168.274
206.861
168.274
47.5655
190.386
146.207
254.705
190.386
82.3177
124.948
127.988
247.596
216.322
48.0674
266.068
247.596
235.904
266.068
216.322
271.177
19.8168
276.038
102.815
271.177
180.485
160.936
240.717
270.015
184.612
225.568
140.969
274.673
87.4764
137.608
105.175
25.3348
245.421
184.612
41.17
140.969
284.902
140.969
118.286
279.068
279.068
144.398
164.76
212.287
288.856
41.4856
144.398
168.628
188.763
168.628
287.027
93.2901
12.7239
238.929
287.027
91.2707
292.482
243.246
220.915
295.792
151.432
263.027
151.432
295.792
298.791
293.867
225.199
298.791
29.3912
298.791
12.5278
286.458
63.296
251.683
158.647
271.026
121.179
64.3756
229.459
301.492
271.026
233.689
79.5203
255.803
140.197
165.983
237.883
259.852
43.3223
140.197
263.829
53.5949
192.179
242.031
263.829
307.968
263.829
169.679
282.006
221.892
196.092
267.724
285.392
107.347
306.345
35.6353
221.892
300.858
140.197
225.929
250.16
288.635
311.221
11.7247
311.221
55.2367
203.874
177.102
203.874
313.914
207.744
278.765
6.14681
115.638
17.9785
20.116
31.1831
33.3936
45.8002
38.3836
47.5347
52.2019
31.1403
24.9062
52.9431
46.6686
41.3219
23.3018
19.6857
29.0207
52.4486
44.4017
52.4486
50.6335
45.8002
52.4486
46.1045
52.9431
36.1721
52.4486
52.4486
26.7053
20.4523
54.3207
31.1419
52.0792
56.3401
49.2696
53.4191
36.1721
53.4191
51.9156
54.3207
54.7787
36.4106
28.9211
54.3207
28.9211
44.6584
52.0177
54.7787
56.9544
42.1245
54.3207
55.2606
54.7787
42.6996
52.0177
55.2606
56.0385
54.974
58.0329
55.8992
54.7787
54.2827
31.8806
52.4886
52.4886
55.4839
54.1311
55.7779
56.3401
52.4886
55.2606
43.0451
48.3925
56.3401
48.3925
22.0673
55.8992
43.4306
55.2993
54.6888
56.9544
54.1977
56.6448
57.6264
38.283
17.285
54.1977
56.5417
56.6964
52.5895
56.5417
58.0329
43.4306
55.9674
43.8513
47.4911
32.6266
58.3611
59.1626
57.2444
42.4027
56.4107
58.8451
58.3458
59.1626
44.7962
56.6964
51.1626
22.3839
53.262
53.9866
30.4202
53.9866
53.9866
59.2697
62.0004
48.6599
59.6846
59.2697
62.0004
36.1754
60.7225
62.0004
52.5921
49.9851
63.1005
63.875
28.538
56.492
54.2314
56.492
37.2911
63.875
63.875
65.5526
51.5115
65.4056
64.1092
34.4096
48.4665
65.5526
65.1265
61.3787
65.5526
58.4858
62.6019
67.895
66.9107
68.3586
32.0909
41.3695
69.8947
58.3467
69.8947
65.3002
66.4235
69.8947
65.3002
69.8167
71.0115
71.5137
69.4118
69.4118
35.7381
71.0115
73.2073
66.7636
60.8362
73.2073
74.9647
73.2073
16.0477
64.8217
74.9647
71.086
73.1375
20.7302
74.4233
76.776
76.776
57.687
67.7508
76.2142
50.3066
64.8428
76.776
76.776
76.776
76.2142
74.4615
67.7508
78.6335
25.6755
74.4615
60.0812
78.6335
80.5348
78.4879
82.4836
58.2555
34.6545
79.9276
81.8497
77.9677
24.2398
43.1386
66.1962
76.4106
82.4836
81.8497
82.4836
80.3492
39.3235
43.1386
84.4898
79.7739
84.2294
86.5694
17.285
39.3235
86.5694
75.4003
79.7739
81.6314
84.2294
75.4003
21.13
81.6314
29.2859
29.5043
88.7402
79.8872
85.5629
66.0645
36.1354
88.0075
18.2889
32.5738
88.426
26.3462
61.3323
83.6332
40.2185
93.427
74.7289
80.5034
93.427
45.9705
92.608
37.2177
85.6421
95.9743
95.1057
95.9743
19.813
63.5145
82.3642
41.5909
95.5913
98.6744
95.9743
23.13
98.6744
97.751
71.3546
64.6705
89.9834
33.7254
37.5957
101.535
100.552
72.8214
101.535
101.535
101.535
86.3704
104.56
103.512
86.3704
101.073
53.693
103.512
27.7979
100.035
23.3853
61.2063
104.036
97.3462
107.141
107.749
34.3142
75.9324
97.3462
111.098
109.905
55.3323
114.604
114.604
113.329
21.8663
105.882
62.2629
93.0802
118.258
118.258
102.787
95.4869
113.761
31.2611
120.598
97.9657
112.19
72.4986
122.053
97.9657
73.9152
120.598
120.598
44.9388
39.7289
125.981
115.493
65.5503
125.981
120.869
124.427
125.981
118.885
124.587
128.379
124.587
130.04
1.29804
1.30172
1.4225
1.49837
3.48165
1.78607
4.03076
11.8226
7.74217
2.42058
8.46873
10.2146
7.56603
10.1651
2.23766
11.2052
5.50194
5.35469
9.79052
1.29817
13.3238
15.5587
1.30586
5.25163
1.29807