61.8009
298.062
326.259
323.048
298.062
269.287
225.277
324.138
184.943
324.625
328.168
304.651
306.566
279.478
324.625
279.478
329.007
321.22
328.646
321.22
288.515
156.971
321.944
329.4
328.246
323.81
298.558
317.674
318.641
329.608
329.903
329.323
328.53
330.093
180.004
233.459
330.143
285.005
240.595
327.308
312.259
330.439
329.461
330.682
289.915
250.685
330.757
315.751
318.714
212.232
330.634
330.634
270.478
332.588
275.17
331.045
226.338
310.522
572.126
575.92
570.518
599.468
595.01
595.85
595.439
594.144
592.743
594.245
592.322
591.008
590.168
590.853
586.449
588.473
587.211
587.211
585.611
586.218
584.29
584.697
584.709
581.979
578.241
578.736
578.459
579.465
581.248
576.524
573.809
580.578
580.866
578.048
573.654
573.788
577.092
574.225
574.486
576.789
575.012
576.706
574.892
577.542
577.832
576.555
575.912
576.34
576.814
576.814
576.536
576.444
576.323
576.957
576.462
577.191
576.509
576.564
576.902
576.815
576.656
576.675
576.874
576.828
576.731
576.75
576.774
576.757
576.778
576.78
576.791
603.345
601.014
599.344
600.981
598.229
608.635
603.549
596.308
602.75
596.981
603.549
603.549
600.58
604.305
601.898
601.11
601.323
598.265
604.103
606.964
602.452
608.087
607.242
599.448
603.49
607.151
603.601
602.172
599.131
599.481
602.177
603.605
599.286
604.419
600.085
598.996
604.235
598.996
599.717
599.731
606.223
604.306
602.792
597.341
604.407
596.163
602.838
601.1
602.174
595.816
596.158
600.519
483.104
367.763
430.82
422.994
439.308
419.065
427.404
440.661
444.156
458.035
480.918
474.761
480.918
547.435
514.588
495.473
515.542
581.782
532.411
527.261
548.943
538.018
548.943
536.429
546.228
551.016
540.253
548.804
569.095
548.463
561.346
568.846
568.769
562.637
564.872
576.472
580.791
587.16
584.247
577.97
581.307
585.387
582.383
586.09
580.189
587.628
585.363
590.099
586.591
595.229
592.811
589.853
589.533
594.678
597.925
597.925
601.775
597.644
594.414
597.012
600.924
598.203
335.228
283.696
116.83
285.732
332.732
241.561
336.593
336.848
337.897
337.88
330.598
319.342
340.011
246.599
249.185
339.874
296.177
346.628
203.03
348.48
349.56
344.325
351.643
335.597
353.121
317.141
359.943
364.473
337.586
341.446
313.882
378.763
321.62
373.668
336.833
390.924
394.325
397.262
397.782
379.468
413.695
324.152
310.26
189.263
311.828
299.341
322.474
282.485
322.907
314.587
285.715
306.044
232.594
315.791
173.613
267.162
291.791
323.657
214.381
323.657
325.041
180.222
323.983
297.29
297.29
324.281
297.29
214.381
218.154
324.552
319.619
324.552
302.163
319.619
187.024
221.967
323.341
284.492
221.967
284.492
315.505
325.943
97.9534
159.02
326.184
315.505
315.505
306.399
321.658
293.51
201.213
318.605
310.028
322.717
136.649
319.451
325.802
325.961
274.398
326.628
142.236
301.213
301.213
326.468
249.334
281.306
301.213
216.172
253.25
326.573
253.25
316.798
220.02
322.126
290.741
307.527
260.981
309.335
260.981
264.772
326.131
264.772
311.001
296.304
268.497
160.22
325.635
320.393
320.393
272.14
275.689
279.132
207.166
316.413
316.413
279.132
210.985
323.41
323.41
285.656
327.073
325.853
291.637
259.384
218.74
218.74
320.212
324.292
142.47
263.196
326.32
320.967
327.596
320.967
312.474
263.196
294.408
234.582
270.596
274.157
274.157
238.573
325.695
317.464
317.464
303.976
306.002
323.923
319.394
250.456
209.6
321.053
325.218
321.053
258.194
292.939
321.775
322.436
322.436
