/*--------------------------------*- C++ -*----------------------------------*\
  =========                 |
  \\      /  F ield         | OpenFOAM: The Open Source CFD Toolbox
   \\    /   O peration     | Website:  https://openfoam.org
    \\  /    A nd           | Version:  7
     \\/     M anipulation  |
\*---------------------------------------------------------------------------*/
FoamFile
{
    version     2.0;
    format      ascii;
    class       scalarField;
    location    "0.7/lagrangian/reactingCloud1";
    object      d;
}
// * * * * * * * * * * * * * * * * * * * * * * * * * * * * * * * * * * * * * //


2429
(
2e-08
2e-08
2e-08
2e-08
2e-08
2e-08
2e-08
2e-08
2e-08
2e-08
2e-08
2e-08
2e-08
2e-08
2e-08
2e-08
2e-08
2e-08
2e-08
2e-08
2e-08
2e-08
2e-08
2e-08
2e-08
2e-08
2e-08
2e-08
2e-08
2e-08
2e-08
2e-08
2e-08
2e-08
2e-08
2e-08
2e-08
2e-08
2e-08
2e-08
2e-08
2e-08
2e-08
2e-08
2e-08
2e-08
2e-08
2e-08
2e-08
2e-08
2e-08
2e-08
2e-08
2e-08
2e-08
2e-08
2e-08
2e-08
2e-08
2e-08
2e-08
2e-08
2e-08
2e-08
2e-08
2e-08
2e-08
2e-08
2e-08
2e-08
2e-08
2e-08
2e-08
2e-08
2e-08
2e-08
2e-08
2e-08
2e-08
2e-08
2e-08
2e-08
2e-08
2e-08
2e-08
2e-08
2e-08
2e-08
2e-08
2e-08
2e-08
2e-08
2e-08
2e-08
2e-08
2e-08
2e-08
2e-08
2e-08
2e-08
2e-08
2e-08
2e-08
2e-08
2e-08
2e-08
2e-08
2e-08
2e-08
2e-08
2e-08
2e-08
2e-08
2e-08
2e-08
2e-08
2e-08
2e-08
2e-08
2e-08
2e-08
2e-08
2e-08
2e-08
2e-08
2e-08
2e-08
2e-08
2e-08
2e-08
2e-08
2e-08
2e-08
2e-08
2e-08
2e-08
2e-08
2e-08
2e-08
2e-08
2e-08
2e-08
2e-08
2e-08
2e-08
2e-08
2e-08
2e-08
2e-08
2e-08
2e-08
2e-08
2e-08
2e-08
2e-08
2e-08
2e-08
2e-08
2e-08
2e-08
2e-08
2e-08
2e-08
2e-08
2e-08
2e-08
2e-08
2e-08
2e-08
2e-08
2e-08
2e-08
2e-08
2e-08
2e-08
2e-08
2e-08
2e-08
2e-08
2e-08
2e-08
2e-08
2e-08
2e-08
2e-08
2e-08
2e-08
2e-08
2e-08
2e-08
2e-08
2e-08
2e-08
2e-08
2e-08
2e-08
2e-08
2e-08
2e-08
2e-08
2e-08
2e-08
2e-08
2e-08
2e-08
2e-08
2e-08
2e-08
2e-08
2e-08
2e-08
2e-08
2e-08
2e-08
2e-08
2e-08
2e-08
2e-08
2e-08
2e-08
2e-08
2e-08
4.78206e-08
2e-08
2e-08
2e-08
2e-08
2e-08
2e-08
2e-08
2e-08
2e-08
2e-08
2e-08
2e-08
2e-08
2e-08
2e-08
2e-08
2e-08
2e-08
2e-08
2e-08
2e-08
2e-08
2e-08
2e-08
2e-08
2e-08
2e-08
2e-08
2e-08
2e-08
2e-08
2e-08
2e-08
9.26841e-08
2e-08
2e-08
2e-08
2e-08
2e-08
2e-08
2e-08
2e-08
2e-08
2e-08
2e-08
2e-08
2e-08
2e-08
2e-08
2e-08
2e-08
2e-08
2e-08
2e-08
2e-08
2e-08
2e-08
2e-08
2e-08
2e-08
2e-08
2e-08
2e-08
2e-08
2e-08
2e-08
2e-08
2e-08
2e-08
2e-08
2e-08
2e-08
2e-08
2e-08
2e-08
2e-08
2e-08
2e-08
2e-08
2e-08
2e-08
2e-08
2e-08
2e-08
2e-08
2e-08
2e-08
2e-08
2e-08
2e-08
2e-08
2e-08
2e-08
2e-08
2e-08
2e-08
2e-08
2e-08
2e-08
2e-08
2e-08
2e-08
2e-08
2e-08
2e-08
2e-08
2e-08
2e-08
2e-08
2e-08
2e-08
2e-08
2e-08
2e-08
2e-08
2e-08
2e-08
2e-08
2e-08
2e-08
2e-08
2e-08
2e-08
2e-08
2e-08
2e-08
2e-08
2e-08
2e-08
2e-08
2e-08
2e-08
2e-08
2e-08
2e-08
2e-08
2e-08
2e-08
2e-08
2e-08
2e-08
2e-08
2e-08
2e-08
2e-08
2e-08
2e-08
2e-08
2e-08
2e-08
2e-08
2e-08
2e-08
2e-08
2e-08
2e-08
2e-08
2e-08
2e-08
2e-08
2e-08
2e-08
2e-08
2e-08
2e-08
2e-08
2e-08
2e-08
2e-08
2e-08
2e-08
2e-08
2e-08
2e-08
2e-08
2e-08
2e-08
2e-08
2e-08
2e-08
2e-08
2e-08
2e-08
2e-08
2e-08
2e-08
2e-08
2e-08
2e-08
2e-08
2e-08
2e-08
2e-08
2e-08
2e-08
2e-08
2e-08
2e-08
2e-08
2e-08
2e-08
2e-08
2e-08
2e-08
2e-08
2e-08
2e-08
2e-08
2e-08
2e-08
2e-08
2e-08
2e-08
2e-08
2e-08
2e-08
2e-08
2e-08
2e-08
2e-08
2e-08
2e-08
2e-08
2e-08
2e-08
2e-08
2e-08
2e-08
2e-08
2e-08
2e-08
2e-08
2e-08
2e-08
2e-08
2e-08
2e-08
2e-08
2e-08
2e-08
2e-08
2e-08
2e-08
2e-08
2e-08
2e-08
2e-08
2e-08
2e-08
2e-08
2e-08
2e-08
2e-08
2e-08
2e-08
2e-08
2e-08
2e-08
2e-08
2e-08
2e-08
2e-08
2e-08
2e-08
2e-08
2e-08
2e-08
2e-08
2e-08
2e-08
2e-08
2e-08
2e-08
2e-08
2e-08
2e-08
2e-08
2e-08
2e-08
2e-08
2e-08
2e-08
2e-08
2e-08
2e-08
2e-08
2e-08
2e-08
2e-08
2e-08
2e-08
2e-08
2e-08
2e-08
2e-08
2e-08
2e-08
2e-08
2e-08
2e-08
2e-08
2e-08
2e-08
2e-08
2e-08
2e-08
2e-08
2e-08
2e-08
2e-08
2e-08
2e-08
2e-08
2e-08
2e-08
2e-08
2e-08
2e-08
2e-08
2e-08
2e-08
2e-08
2e-08
2e-08
2e-08
2e-08
2e-08
2e-08
2e-08
2e-08
2e-08
2e-08
2e-08
2e-08
2e-08
2e-08
2e-08
2e-08
2e-08
2e-08
2e-08
2e-08
2e-08
2e-08
2e-08
2e-08
2e-08
2e-08
2e-08
2e-08
2e-08
2e-08
2e-08
2e-08
2e-08
2e-08
2e-08
2e-08
2e-08
2e-08
2e-08
2e-08
2e-08
2e-08
2e-08
2e-08
2e-08
2e-08
2e-08
2e-08
2e-08
2e-08
2e-08
2.34204e-07
2e-08
2e-08
2e-08
2e-08
2e-08
1.22934e-07
2e-08
2e-08
2e-08
2e-08
2e-08
2e-08
2e-08
2e-08
2e-08
2e-08
2e-08
2e-08
2e-08
2e-08
2e-08
2e-08
2e-08
2e-08
2e-08
2e-08
2e-08
2e-08
2e-08
2e-08
2e-08
2e-08
2e-08
2e-08
2e-08
2e-08
2e-08
2e-08
2e-08
2e-08
2e-08
2e-08
2e-08
2e-08
2e-08
2e-08
2e-08
2e-08
2e-08
2e-08
2e-08
2e-08
2e-08
2e-08
2e-08
2e-08
2e-08
2e-08
2e-08
2e-08
2e-08
2e-08
2e-08
2e-08
2e-08
2e-08
2e-08
2e-08
2e-08
2e-08
2e-08
2e-08
2e-08
2.19178e-08
2e-08
2e-08
2e-08
2e-08
2e-08
2e-08
2.16688e-07
2e-08
2e-08
2e-08
2e-08
2e-08
2e-08
2e-08
2e-08
2e-08
2e-08
2e-08
2e-08
2e-08
2e-08
2e-08
2e-08
2e-08
2e-08
2e-08
2e-08
2e-08
2e-08
2e-08
2e-08
2e-08
2e-08
2e-08
2e-08
2e-08
2e-08
2e-08
2e-08
2e-08
2e-08
2e-08
2e-08
2e-08
2e-08
2e-08
2e-08
2e-08
2e-08
2e-08
2e-08
2e-08
2e-08
2e-08
2e-08
2e-08
2e-08
2e-08
2e-08
2e-08
2e-08
2e-08
2e-08
2e-08
2e-08
2e-08
2e-08
2e-08
2e-08
2e-08
2e-08
2e-08
2e-08
2e-08
2e-08
2e-08
2e-08
2e-08
2e-08
2e-08
2e-08
2e-08
2e-08
2e-08
2e-08
2e-08
2e-08
2e-08
2e-08
2e-08
2e-08
2e-08
2e-08
2e-08
2e-08
2e-08
2e-08
2e-08
2e-08
2e-08
2e-08
2e-08
2e-08
2e-08
2e-08
2e-08
2e-08
2e-08
2e-08
2e-08
2e-08
2e-08
2e-08
2e-08
2e-08
2e-08
2e-08
2e-08
2e-08
2e-08
2e-08
2e-08
2e-08
2e-08
2e-08
2e-08
2e-08
2e-08
2e-08
2e-08
2e-08
2e-08
2e-08
2e-08
2e-08
2e-08
2e-08
2e-08
2e-08
2e-08
2e-08
2e-08
2e-08
2e-08
2e-08
2e-08
2e-08
2e-08
2e-08
2e-08
2e-08
2e-08
2e-08
2e-08
2e-08
2e-08
2e-08
2e-08
2e-08
2e-08
2e-08
2e-08
2e-08
2e-08
2e-08
2e-08
2e-08
2e-08
2e-08
2e-08
2e-08
2e-08
2e-08
2e-08
2e-08
2e-08
2e-08
2e-08
2e-08
2e-08
2e-08
2e-08
2e-08
2e-08
2e-08
2e-08
2e-08
2e-08
2e-08
2e-08
2e-08
2e-08
2e-08
2e-08
2e-08
2e-08
2e-08
2e-08
2e-08
2e-08
2e-08
2e-08
2e-08
2e-08
2e-08
2e-08
2e-08
2e-08
2e-08
2e-08
2e-08
2e-08
2e-08
2e-08
2e-08
2e-08
2e-08
2e-08
2e-08
2e-08
2e-08
2e-08
2e-08
2e-08
2e-08
2e-08
2e-08
2e-08
2e-08
2e-08
2e-08
2e-08
2e-08
2e-08
2e-08
2e-08
2e-08
2e-08
2e-08
2e-08
2e-08
2e-08
2e-08
2e-08
2e-08
2e-08
2e-08
2e-08
2e-08
2e-08
5.91842e-07
2e-08
2e-08
8.93154e-07
2e-08
9.8023e-07
2e-08
2e-08
3.24751e-08
2e-08
2e-08
2e-08
7.8001e-07
2e-08
2e-08
2e-08
2e-08
2e-08
2e-08
2e-08
2e-08
2e-08
2e-08
2e-08
8.27548e-07
2e-08
2e-08
2e-08
2e-08
2e-08
2e-08
2e-08
2e-08
2e-08
2e-08
2e-08
2e-08
2e-08
2e-08
2e-08
2e-08
2e-08
2e-08
3.68083e-07
2e-08
2e-08
2e-08
2e-08
2e-08
2e-08
2e-08
2e-08
2e-08
2e-08
2e-08
2e-08
2e-08
4.73115e-07
2e-08
2e-08
2e-08
2e-08
2e-08
2e-08
2e-08
2e-08
2e-08
2e-08
2e-08
2e-08
2e-08
2e-08
2e-08
2e-08
2e-08
2e-08
2e-08
2e-08
2e-08
2e-08
2e-08
2e-08
2e-08
2e-08
2e-08
2e-08
2e-08
2e-08
2e-08
2e-08
2e-08
2e-08
2e-08
2e-08
2e-08
2e-08
2e-08
2e-08
2e-08
2e-08
2e-08
2e-08
2e-08
2e-08
2e-08
2e-08
2e-08
2e-08
2e-08
2e-08
2e-08
2e-08
2e-08
2e-08
2e-08
2e-08
2e-08
2e-08
2e-08
2e-08
2e-08
2e-08
2e-08
2e-08
2e-08
2e-08
2e-08
2e-08
2e-08
2e-08
2e-08
2e-08
2e-08
2e-08
2e-08
2e-08
2e-08
2e-08
2e-08
2e-08
2e-08
2e-08
2e-08
3.4284e-07
2e-08
2e-08
2e-08
2e-08
2e-08
2e-08
2e-08
2e-08
2e-08
2e-08
2e-08
2e-08
2e-08
2e-08
2e-08
2e-08
2e-08
2e-08
2e-08
2e-08
2e-08
2e-08
2e-08
2e-08
2e-08
2e-08
2e-08
2e-08
2e-08
2e-08
2e-08
2e-08
2e-08
2e-08
2e-08
2e-08
2e-08
2e-08
2e-08
2e-08
2e-08
2e-08
2e-08
2e-08
2e-08
2e-08
2e-08
2e-08
2e-08
2e-08
2e-08
2e-08
2e-08
2e-08
2e-08
2e-08
2e-08
2e-08
2e-08
2e-08
2e-08
2e-08
2e-08
2e-08
2e-08
2e-08
2e-08
2e-08
2e-08
2e-08
2e-08
2e-08
2e-08
2e-08
2e-08
2e-08
2e-08
2e-08
2e-08
2e-08
2e-08
2e-08
2e-08
2e-08
2e-08
2e-08
2e-08
2e-08
2e-08
2e-08
2e-08
2e-08
2e-08
2e-08
2e-08
2e-08
2e-08
2e-08
2e-08
2e-08
2e-08
2e-08
2e-08
2e-08
2e-08
2e-08
2e-08
2e-08
2e-08
2e-08
2e-08
2e-08
2e-08
2e-08
2e-08
2e-08
2e-08
2e-08
2e-08
2e-08
2e-08
2e-08
2e-08
2e-08
2e-08
2e-08
2e-08
2e-08
2e-08
2e-08
2e-08
2e-08
2e-08
2e-08
2e-08
2e-08
2e-08
2e-08
2e-08
2e-08
2e-08
2e-08
2e-08
2e-08
2e-08
2e-08
2e-08
2e-08
2e-08
2e-08
2e-08
2e-08
2e-08
2e-08
2e-08
2e-08
2e-08
2e-08
2e-08
2e-08
2e-08
2e-08
2e-08
2e-08
2e-08
2e-08
2e-08
2e-08
2e-08
2e-08
2e-08
2e-08
2e-08
2e-08
2e-08
2e-08
2e-08
2e-08
2e-08
2e-08
2e-08
2e-08
4.10956e-07
2e-08
9.46149e-07
8.56981e-07
2e-08
2e-08
7.83428e-07
2e-08
2e-08
2e-08
2e-08
2e-08
2e-08
2e-08
2e-08
2e-08
2e-08
2e-08
2e-08
2e-08
2e-08
2e-08
2e-08
2e-08
2e-08
4.13635e-07
2e-08
2e-08
2e-08
2e-08
2e-08
2e-08
2e-08
7.68306e-07
2e-08
2e-08
2e-08
2e-08
2e-08
5.78217e-07
2e-08
2e-08
2e-08
2e-08
2e-08
2e-08
2e-08
2e-08
2e-08
2e-08
2e-08
2e-08
2e-08
2e-08
2e-08
2e-08
2e-08
2e-08
2e-08
6.85576e-07
2e-08
2e-08
2e-08
2e-08
2e-08
2e-08
2e-08
2e-08
2e-08
2e-08
8.24264e-08
2e-08
2e-08
2e-08
2e-08
2e-08
2e-08
2e-08
2e-08
2e-08
2e-08
2e-08
2e-08
2e-08
2e-08
2e-08
2e-08
2e-08
2e-08
2e-08
2e-08
2e-08
2e-08
2e-08
2e-08
2e-08
2e-08
2e-08
2e-08
2e-08
2e-08
2e-08
1.1102e-06
2e-08
2e-08
2e-08
2e-08
2e-08
2e-08
2e-08
2e-08
2e-08
2e-08
2e-08
2e-08
2e-08
2e-08
2e-08
2e-08
2e-08
2e-08
5.06539e-07
2e-08
2e-08
2e-08
2e-08
2e-08
2e-08
2e-08
4.025e-07
2e-08
2e-08
2e-08
2e-08
2e-08
2e-08
2e-08
2e-08
2e-08
2e-08
8.56671e-07
2e-08
2e-08
2e-08
2e-08
2e-08
2e-08
2e-08
2e-08
2e-08
2e-08
2e-08
2e-08
2e-08
2e-08
2e-08
2e-08
2e-08
2e-08
2e-08
2e-08
2e-08
2e-08
2e-08
2e-08
2e-08
2e-08
2e-08
2e-08
2e-08
2e-08
2e-08
2e-08
2e-08
2e-08
2e-08
2e-08
2e-08
2e-08
2e-08
2e-08
2e-08
2e-08
2e-08
2e-08
2e-08
2e-08
2e-08
2e-08
2e-08
2e-08
2e-08
2e-08
2e-08
2e-08
2e-08
2e-08
2e-08
2e-08
2e-08
2e-08
2e-08
2e-08
2e-08
2e-08
2e-08
2e-08
2e-08
2e-08
2e-08
2e-08
2e-08
2e-08
2e-08
2e-08
2e-08
2e-08
2e-08
2e-08
2e-08
2e-08
2e-08
2e-08
2e-08
2e-08
2e-08
2e-08
2e-08
2e-08
2e-08
2e-08
2e-08
2e-08
2e-08
2e-08
2e-08
2e-08
2e-08
2e-08
2e-08
2e-08
2e-08
2e-08
2e-08
2e-08
2e-08
2e-08
2e-08
2e-08
2e-08
2e-08
2e-08
2e-08
2e-08
2e-08
2e-08
2e-08
2e-08
2e-08
2e-08
2e-08
2e-08
2e-08
2e-08
2e-08
2e-08
2e-08
2e-08
2e-08
2e-08
2e-08
2e-08
2e-08
2e-08
2e-08
2e-08
2e-08
2e-08
2e-08
2e-08
2e-08
2e-08
2e-08
2e-08
2e-08
2e-08
2e-08
2e-08
2e-08
2e-08
2e-08
2e-08
2e-08
2e-08
2e-08
2e-08
2e-08
2e-08
2e-08
2e-08
2e-08
2e-08
2e-08
2e-08
2e-08
2e-08
2e-08
2e-08
2e-08
2e-08
2e-08
2e-08
2e-08
2e-08
2e-08
2e-08
2e-08
2e-08
2e-08
2e-08
2e-08
2e-08
2e-08
2e-08
2e-08
2e-08
2e-08
2e-08
2e-08
2e-08
2e-08
1.21763e-06
3.06819e-07
7.79004e-07
1.57782e-06
1.93613e-06
2.5704e-07
2e-08
1.67634e-06
1.21921e-06
8.58645e-07
2e-08
2e-08
2e-08
2e-08
2e-08
2e-08
2e-08
3.21703e-07
2e-08
1.41088e-07
2e-08
2e-08
2e-08
2.36772e-07
2e-08
1.54623e-06
7.49407e-07
5.09617e-07
2e-08
2e-08
2e-08
2e-08
2e-08
2e-08
4.73471e-07
2e-08
2e-08
2e-08
2e-08
2e-08
2e-08
2e-08
2e-08
2e-08
2e-08
2e-08
2e-08
2e-08
2e-08
2e-08
1.16162e-06
2e-08
6.3287e-08
2e-08
2e-08
2e-08
2e-08
2e-08
2e-08
2e-08
2e-08
2e-08
1.47114e-06
5.06673e-07
1.03866e-06
2e-08
2e-08
2.58688e-07
7.33761e-07
1.65552e-07
2e-08
2e-08
2e-08
1.53253e-06
2e-08
2e-08
2e-08
2e-08
2e-08
2e-08
2e-08
2e-08
1.26153e-06
2e-08
2e-08
2e-08
2e-08
2e-08
2e-08
2e-08
2e-08
2e-08
2e-08
2e-08
2e-08
2e-08
2e-08
9.63136e-07
1.88226e-06
1.72472e-06
2e-08
7.78501e-07
2e-08
2e-08
2e-08
2e-08
2e-08
2e-08
2e-08
2e-08
2e-08
2e-08
2.34761e-07
2e-08
2e-08
2e-08
2e-08
2e-08
2e-08
2e-08
2e-08
2e-08
1.24884e-06
2e-08
2e-08
2e-08
2e-08
2e-08
2e-08
2e-08
2e-08
2e-08
2e-08
2e-08
2e-08
2e-08
2e-08
1.61041e-06
2e-08
2e-08
2e-08
1.20854e-07
5.28847e-07
2e-08
5.49156e-07
2e-08
2e-08
2e-08
2e-08
2e-08
2e-08
5.73867e-07
2e-08
8.12621e-07
2e-08
2e-08
2e-08
2e-08
1.00304e-06
2e-08
2e-08
2e-08
2e-08
4.89226e-07
2e-08
2e-08
2e-08
9.59837e-07
7.90453e-07
2e-08
2e-08
2e-08
2e-08
2e-08
2e-08
2.04618e-07
6.84715e-07
2e-08
2e-08
2e-08
2e-08
2e-08
2e-08
2e-08
1.3431e-06
2e-08
2e-08
2e-08
2e-08
2e-08
2e-08
2e-08
7.95774e-07
2e-08
2e-08
2e-08
8.54811e-07
2e-08
2e-08
2e-08
2e-08
2e-08
1.49617e-06
2e-08
2e-08
2e-08
2e-08
6.13659e-07
2e-08
2e-08
2e-08
2e-08
2e-08
2e-08
2e-08
2e-08
2e-08
1.61737e-06
2e-08
2e-08
2e-08
2e-08
2e-08
2e-08
2e-08
2e-08
2e-08
2e-08
2e-08
2e-08
2e-08
2e-08
2e-08
2e-08
2e-08
2e-08
2e-08
2e-08
2e-08
2e-08
2e-08
2e-08
2e-08
2e-08
2e-08
2e-08
2e-08
2e-08
2e-08
2e-08
2e-08
2e-08
2e-08
2e-08
2e-08
2e-08
2e-08
2e-08
2e-08
2e-08
2e-08
2e-08
2e-08
2e-08
2e-08
2e-08
2e-08
2e-08
2e-08
2e-08
2e-08
2e-08
2e-08
2e-08
2e-08
2e-08
2e-08
2e-08
2e-08
2e-08
2e-08
2e-08
2e-08
2e-08
2e-08
2e-08
2e-08
2e-08
2e-08
2e-08
2e-08
2e-08
2e-08
2e-08
2e-08
2e-08
2e-08
2e-08
2e-08
2e-08
2e-08
2e-08
2e-08
2e-08
2e-08
2e-08
2e-08
2e-08
2e-08
2e-08
2e-08
2e-08
2e-08
2e-08
2e-08
2e-08
2e-08
2e-08
2e-08
2e-08
2e-08
2e-08
2e-08
2e-08
2e-08
2e-08
2e-08
2e-08
2e-08
2e-08
2e-08
2e-08
2e-08
2e-08
2e-08
2e-08
2e-08
2e-08
2e-08
2e-08
2e-08
2e-08
2e-08
2e-08
2e-08
2e-08
2e-08
2e-08
2e-08
2e-08
2e-08
2e-08
2e-08
2e-08
2e-08
2e-08
2e-08
2e-08
2e-08
2e-08
2e-08
2e-08
2e-08
2e-08
2e-08
2e-08
2e-08
2e-08
2e-08
2e-08
2e-08
2e-08
2e-08
2e-08
2e-08
2e-08
2e-08
2e-08
2e-08
2e-08
2e-08
2e-08
2e-08
2e-08
2e-08
2e-08
2e-08
2e-08
2e-08
2e-08
2e-08
2e-08
2e-08
2e-08
2e-08
2e-08
2e-08
2e-08
2e-08
2e-08
2e-08
2e-08
2e-08
2e-08
2e-08
2e-08
2e-08
2e-08
2e-08
2e-08
2e-08
2e-08
2e-08
2e-08
2e-08
2e-08
2e-08
2e-08
2e-08
2e-08
2e-08
2e-08
2e-08
2e-08
2e-08
2e-08
1.86024e-06
2e-08
9.35264e-07
1.42165e-06
2e-08
2e-08
1.4786e-06
1.31411e-06
3.55068e-07
2e-08
2.22297e-06
1.66449e-06
1.36845e-06
2.1911e-06
1.02526e-06
1.78458e-06
2e-08
8.0595e-07
1.02632e-06
2.24336e-08
2.5304e-06
2e-08
2e-08
9.65868e-07
5.82446e-07
1.02339e-06
2.74604e-06
2.28143e-06
1.41905e-06
2.13648e-06
9.02156e-07
2e-08
2e-08
1.14737e-06
2e-08
2e-08
2.21445e-06
2e-08
2e-08
2.6832e-06
2e-08
1.59911e-06
1.80996e-06
8.46538e-07
4.16664e-07
2e-08
2e-08
2e-08
2e-08
2e-08
2e-08
2e-08
2e-08
2.06707e-08
2.09877e-07
9.18922e-07
1.91839e-06
1.56833e-06
5.91574e-07
1.04514e-06
2e-08
2.42221e-06
1.76609e-07
2e-08
2e-08
2e-08
2e-08
2e-08
2e-08
2e-08
2.73698e-06
1.82439e-06
2e-08
2e-08
2e-08
2e-08
1.94689e-06
1.47187e-06
2e-08
5.64929e-07
1.34456e-06
8.21651e-07
1.67966e-06
2e-08
2e-08
2.03251e-06
2e-08
2e-08
1.16097e-06
1.5578e-06
1.52141e-07
2e-08
2e-08
2e-08
1.3309e-06
1.0646e-06
6.42684e-07
2.07052e-06
2.97932e-07
2e-08
7.94157e-07
2e-08
4.62635e-07
2.6446e-06
2e-08
1.36846e-06
8.24357e-07
2.13964e-06
9.16836e-07
2e-08
1.2354e-06
8.20877e-07
2e-08
2e-08
2e-08
2e-08
2e-08
2e-08
2e-08
6.18561e-07
2e-08
2e-08
9.68136e-07
2e-08
2.01377e-06
2e-08
2e-08
2e-08
2.48098e-07
2e-08
2e-08
2e-08
5.97875e-07
2e-08
2e-08
2e-08
2e-08
2e-08
2.6627e-06
6.15604e-07
1.22294e-06
1.28723e-06
2e-08
1.87831e-06
2.06454e-06
2e-08
2e-08
3.92864e-07
2e-08
2e-08
2e-08
2e-08
2e-08
2e-08
2e-08
2e-08
6.34338e-07
5.93294e-07
2e-08
2e-08
2e-08
2e-08
2e-08
2e-08
2e-08
2e-08
2e-08
2e-08
2e-08
4.91987e-07
2e-08
2e-08
1.87688e-06
1.06229e-06
2e-08
2e-08
2e-08
2e-08
2e-08
2e-08
2e-08
8.32383e-08
2e-08
7.03608e-07
2e-08
2e-08
2e-08
1.44253e-06
1.28401e-06
2e-08
2e-08
2e-08
1.04232e-06
2e-08
2e-08
2e-08
9.44406e-07
2e-08
1.47276e-06
2e-08
2e-08
2e-08
2.13278e-06
2e-08
9.2178e-08
2e-08
1.76241e-06
2e-08
2e-08
2e-08
2e-08
2e-08
6.23656e-08
2e-08
2e-08
2e-08
1.40549e-06
2e-08
2e-08
2e-08
2e-08
2e-08
2e-08
6.56148e-07
2e-08
2.12739e-06
2e-08
1.09948e-06
2e-08
2e-08
2e-08
2e-08
2.7502e-07
2e-08
2e-08
2e-08
1.49129e-06
1.56784e-06
1.64748e-06
2e-08
2e-08
2e-08
1.04618e-06
2e-08
1.53905e-06
1.12962e-06
2.07937e-06
2e-08
2e-08
2e-08
2e-08
1.59502e-06
2.18479e-06
2e-08
2e-08
2e-08
7.928e-07
2e-08
2e-08
2e-08
6.78934e-07
3.2715e-07
1.3596e-06
2.34219e-06
5.21871e-07
2e-08
2e-08
1.8099e-06
5.75042e-07
2e-08
2e-08
2e-08
2e-08
2e-08
1.15503e-06
2e-08
1.77381e-06
2e-08
2e-08
2e-08
5.14782e-07
2e-08
3.33601e-07
2e-08
2e-08
2e-08
1.29769e-06
2e-08
2e-08
6.67385e-07
2e-08
8.72671e-07
2e-08
2e-08
2e-08
2e-08
1.78744e-06
1.21516e-07
2e-08
2e-08
2e-08
2e-08
2e-08
2e-08
7.963e-07
2e-08
1.26351e-06
2e-08
2.7057e-08
7.1197e-07
1.9734e-06
2e-08
7.34912e-07
2.35741e-06
2e-08
1.94325e-07
7.62591e-07
2e-08
2e-08
2e-08
2e-08
1.54327e-07
2e-08
1.00077e-06
3.46972e-07
2e-08
2e-08
2e-08
1.32539e-06
2e-08
2e-08
1.87783e-06
2e-08
2e-08
2e-08
2e-08
2e-08
8.69958e-07
2e-08
2e-08
2e-08
2e-08
2e-08
1.06959e-06
1.73016e-07
2e-08
4.7455e-07
7.02913e-07
2e-08
9.64569e-07
2e-08
2e-08
2e-08
2e-08
2e-08
1.5803e-06
1.88155e-06
2e-08
1.76864e-06
2e-08
2e-08
2e-08
2e-08
8.1938e-07
9.14918e-07
2e-08
3.39811e-07
1.09905e-06
2e-08
2e-08
2e-08
2e-08
2e-08
2e-08
2e-08
2e-08
2e-08
2e-08
2e-08
1.99605e-06
2e-08
2e-08
1.66686e-06
1.88504e-06
2e-08
2e-08
2e-08
2e-08
2e-08
2e-08
7.50054e-07
2e-08
2e-08
2e-08
2e-08
6.07536e-07
2e-08
2e-08
2e-08
2e-08
2e-08
2e-08
2e-08
2e-08
2e-08
2e-08
2.20747e-07
2e-08
2e-08
2e-08
2e-08
7.61696e-07
2e-08
2e-08
2e-08
2e-08
2e-08
1.65482e-06
2e-08
2e-08
2e-08
2e-08
2e-08
2e-08
2e-08
)


// ************************************************************************* //
