/*--------------------------------*- C++ -*----------------------------------*\
  =========                 |
  \\      /  F ield         | OpenFOAM: The Open Source CFD Toolbox
   \\    /   O peration     | Website:  https://openfoam.org
    \\  /    A nd           | Version:  7
     \\/     M anipulation  |
\*---------------------------------------------------------------------------*/
FoamFile
{
    version     2.0;
    format      ascii;
    class       vectorField;
    location    "0.7/lagrangian/reactingCloud1";
    object      UTurb;
}
// * * * * * * * * * * * * * * * * * * * * * * * * * * * * * * * * * * * * * //


2429
(
(-4.4274 -1.82233 -1.23394)
(0 0 0)
(0 0 0)
(0 0 0)
(-4.77039 -2.50555 6.73377)
(0 0 0)
(0 0 0)
(0 0 0)
(0 0 0)
(0 0 0)
(0 0 0)
(0 0 0)
(0 0 0)
(0 0 0)
(0 0 0)
(0 0 0)
(0 0 0)
(1.69901 -1.095 0.65291)
(0 0 0)
(0 0 0)
(0 0 0)
(0 0 0)
(0 0 0)
(0 0 0)
(0 0 0)
(0 0 0)
(1.16716 -0.188577 -0.395474)
(0 0 0)
(0 0 0)
(0 0 0)
(0 0 0)
(0 0 0)
(0 0 0)
(0 0 0)
(0 0 0)
(0 0 0)
(0 0 0)
(0 0 0)
(0 0 0)
(0 0 0)
(0 0 0)
(0 0 0)
(0 0 0)
(0.28067 1.15798 -1.71272)
(0.0202969 -2.47622 2.08986)
(3.93206 -4.87181 -8.14362)
(-0.0658217 -0.115 -0.0203197)
(-0.0184317 0.0385585 -0.153892)
(-3.78546 -5.9348 0.0768327)
(-1.55728 -2.22138 0.0248008)
(0 0 0)
(0 0 0)
(0 0 0)
(0 0 0)
(-2.08279 -13.5465 0.598378)
(0 0 0)
(0 0 0)
(0.0207191 0.134914 -0.398344)
(0 0 0)
(0 0 0)
(0 0 0)
(0 0 0)
(0 0 0)
(0 0 0)
(0 0 0)
(2.41314 0.372142 -2.34542)
(0 0 0)
(0 0 0)
(0 0 0)
(0 0 0)
(0 0 0)
(0 0 0)
(0 0 0)
(0 0 0)
(0 0 0)
(0 0 0)
(0 0 0)
(0 0 0)
(0 0 0)
(0 0 0)
(0 0 0)
(0 0 0)
(0.499415 -1.39841 3.06109)
(0 0 0)
(-1.48388 -0.851939 -1.51024)
(-5.43079 -0.574621 2.6777)
(0 0 0)
(-1.86485 -0.540186 0.185618)
(0 0 0)
(0 0 0)
(0 0 0)
(-0.982151 -0.486211 0.216896)
(0 0 0)
(0 0 0)
(0 0 0)
(0 0 0)
(0 0 0)
(0 0 0)
(0 0 0)
(0.235206 -0.0562836 -0.125602)
(0 0 0)
(0 0 0)
(0 0 0)
(0 0 0)
(0 0 0)
(0 0 0)
(0 0 0)
(0 0 0)
(0 0 0)
(0.0881376 -0.0639451 0.190413)
(0.393518 -0.141846 0.00387692)
(0 0 0)
(2.19693 -1.85282 -3.75785)
(-0.00974666 1.04898 -0.692621)
(-9.08175 1.28211 2.43003)
(0 0 0)
(0 0 0)
(-0.749774 1.49346 -0.332412)
(-2.93217 0.421255 -2.54512)
(0 0 0)
(0 0 0)
(-14.5959 -2.16725 2.23577)
(0.376885 0.529605 -2.2689)
(0 0 0)
(0 0 0)
(0 0 0)
(0.850246 -0.174439 1.18219)
(0 0 0)
(0 0 0)
(0 0 0)
(-10.0138 -1.69188 -4.09442)
(0 0 0)
(-16.8166 -7.55718 10.1651)
(-0.00261421 0.0010475 -0.00613837)
(0 0 0)
(-4.75938 3.80765 -0.0857227)
(-2.58956 -1.08112 -3.17265)
(-8.76188 -1.61747 2.34343)
(3.99209 3.79872 1.69897)
(0 0 0)
(2.76568 4.10519 -7.93329)
(0 0 0)
(0 0 0)
(0 0 0)
(2.41862 -2.34756 0.559207)
(-0.178179 0.218094 -2.79056)
(0 0 0)
(3.02276 -0.0292386 1.28371)
(-0.403833 -10.5659 5.47904)
(1.7464 -10.6539 0.137046)
(0 0 0)
(0 0 0)
(3.68772 0.90193 1.7655)
(-8.50902 2.78785 -2.15738)
(-10.5091 -5.58324 -3.49435)
(2.42839 -2.7503 -0.80589)
(0 0 0)
(-0.680526 4.34883 1.99532)
(-1.09209 -0.881499 -0.0484984)
(1.19138 0.208877 1.90112)
(0 0 0)
(-0.790373 -2.94638 0.708676)
(-4.60623 1.68427 2.50956)
(-4.36551 6.96991 2.80297)
(2.9176 -6.25064 1.38481)
(0.48083 1.03489 0.268351)
(0 0 0)
(1.92509 -8.62945 8.27887)
(3.07665 1.89175 -4.38298)
(-1.83889 4.24487 1.17105)
(0.631878 1.64684 2.39835)
(0 0 0)
(0 0 0)
(0.538535 1.0249 0.776569)
(-8.25647 6.10502 -2.90783)
(7.87024 -11.4125 -2.64066)
(-1.71228 2.15946 -0.650357)
(0.659576 -5.3809 -2.25572)
(0.14589 -0.0771321 0.158343)
(0 0 0)
(5.91284 -4.55793 1.94989)
(0 0 0)
(-9.54091 -8.0076 -8.3661)
(0 0 0)
(0.249361 -0.7136 -1.72522)
(0 0 0)
(-1.19456 -1.16699 3.39203)
(-1.69588 -8.88552 -7.65399)
(-1.87516 1.09975 2.37003)
(-11.7502 11.6642 4.09409)
(8.82099 -15.2422 1.25136)
(0 0 0)
(0 0 0)
(-8.78018 -0.235789 -3.72175)
(-1.15601 0.453295 -0.231235)
(1.23569 -1.97176 0.979182)
(0 0 0)
(-0.956243 -0.204353 0.759308)
(0 0 0)
(0.657407 4.64075 -2.65495)
(3.30497 -4.95522 -10.5206)
(-3.11433 -3.38994 4.10973)
(0 0 0)
(0.605541 0.717299 -1.03525)
(0 0 0)
(-4.40178 3.61646 -1.16925)
(-4.35005 -6.79962 3.4642)
(-2.96747 6.72198 0.747834)
(-6.98884 2.36973 -1.92286)
(9.14988 1.67581 -5.86869)
(0.413568 2.06123 -1.43607)
(1.32479 -1.04353 -0.702777)
(0 0 0)
(0.900311 -1.53037 0.756887)
(-2.4054 -12.1517 -0.866148)
(3.88456 -5.053 2.67074)
(9.66562 -0.881433 0.235641)
(0 0 0)
(-5.21155 9.4129 4.58172)
(-0.633651 3.53738 -1.70547)
(0 0 0)
(-8.72336 -10.7573 2.54336)
(-1.87863 19.5385 -0.991123)
(-0.261955 -0.321292 0.789645)
(-0.0903692 7.54629 1.48603)
(0 0 0)
(2.19472 2.68306 -8.59499)
(0 0 0)
(-2.96266 -0.653135 1.20127)
(0 0 0)
(8.35148 -1.57506 -2.50082)
(1.10647 2.24703 2.67096)
(0.962438 -3.0318 1.4219)
(-1.83513 0.166146 -0.264774)
(0 0 0)
(0 0 0)
(0.108932 0.0140006 -0.0445564)
(-0.822487 -0.087641 -0.245426)
(0 0 0)
(-0.105433 0.181441 -3.53355)
(2.19013 1.49514 0.677939)
(8.08889 -9.8393 0.960362)
(-1.77247 2.44133 5.49357)
(0 0 0)
(0 0 0)
(-12.2942 5.87602 -0.376447)
(-0.498156 -0.620372 -0.84747)
(3.3704 -1.81083 -2.45695)
(-0.442778 -0.656409 1.42576)
(7.98224 -7.69162 -0.799989)
(-0.943923 -0.86879 0.940608)
(-3.32145 -3.3797 -5.82731)
(-0.352593 -0.0337519 -0.199462)
(-0.00349989 -0.0903135 0.0877043)
(-1.22546 -0.447368 0.108284)
(6.81414 -4.80899 -4.2182)
(1.7665 0.646543 1.76822)
(-4.33387 7.75632 -2.29706)
(-1.73258 2.90867 5.83851)
(3.47098 20.9973 -0.938813)
(-6.85539 -15.0242 1.22425)
(3.37557 -1.77315 -2.5113)
(0.22705 0.27373 -0.482156)
(-0.0264751 -0.0952427 -0.065241)
(5.74227 1.44646 0.178717)
(0 0 0)
(0.153592 -6.1528 -2.95167)
(-3.18041 3.78412 7.18643)
(-4.18619 -3.91998 -0.239755)
(0.361811 4.24968 -2.54264)
(0.107948 2.25709 -0.808161)
(-0.999257 -0.66745 0.0728661)
(0 0 0)
(0.595817 -4.84542 -1.7055)
(0 0 0)
(-1.39839 1.19241 -2.08574)
(12.4241 -34.5066 -6.0058)
(0.700197 0.643295 -0.0296613)
(-6.2988 6.8 -0.644497)
(0 0 0)
(2.48081 0.314495 1.18702)
(1.98089 2.44216 -0.97769)
(5.15982 -9.72409 6.08866)
(0.0142804 -0.258854 0.268341)
(1.25446 -0.014003 0.424927)
(5.83121 2.27299 -0.68706)
(0 0 0)
(0 0 0)
(-0.741296 0.630101 -0.663801)
(-5.04056 -3.50357 0.311652)
(6.87516 -4.95189 -0.892601)
(0.379519 -6.02563 0.00969617)
(-1.39803 2.89196 -2.94049)
(-0.76457 2.87776 -0.980387)
(-1.27488 1.60497 -0.805446)
(-0.886298 0.309448 1.02422)
(1.44496 0.0429624 1.56226)
(0 0 0)
(2.29745 -3.97129 -1.67779)
(0.702279 0.987395 2.43409)
(1.72575 3.63728 2.95361)
(11.7786 14.5935 14.7184)
(6.69809 -9.34113 3.62477)
(3.85986 -1.15987 -0.219947)
(0.464472 2.6375 -4.18435)
(14.8172 -3.4798 -9.52865)
(-0.350176 -4.66679 -3.23748)
(-0.604995 0.398425 0.289094)
(0 0 0)
(0.17331 0.161388 0.216353)
(-8.91875 -15.2567 -1.02218)
(0 0 0)
(1.60132 -5.05483 0.450115)
(0.114958 2.65031 3.05832)
(0 0 0)
(-1.16996 -1.14581 0.661698)
(-1.02208 -1.32374 1.38242)
(-0.562162 -2.4245 2.20469)
(2.82339 -4.31115 3.70683)
(-2.50809 -2.10501 -2.19926)
(-0.186426 -0.243112 -0.356216)
(0.897789 -0.24252 0.597785)
(-2.20023 -0.63772 -0.34084)
(-0.519998 -0.934615 0.288472)
(1.73853 -0.858776 1.14977)
(0.00804284 -0.145789 0.151132)
(-1.70927 -1.0425 -0.494324)
(-3.06851 7.33662 5.60592)
(-1.45886 0.958052 -2.93896)
(0.419347 0.224479 -1.31861)
(0.801524 3.59635 -0.561667)
(20.4873 6.5578 20.1051)
(-2.08862 0.463943 -0.0839225)
(1.06513 -1.79048 0.610607)
(0.800485 0.324418 -0.121864)
(-18.3909 -0.957259 -2.52059)
(-2.76556 2.05162 0.360909)
(0.0292458 0.00729768 0.024501)
(-7.21667 -14.5366 -14.0162)
(-2.97181 -5.9217 -0.941999)
(0.0452827 -5.37548 0.281566)
(-1.09675 7.42527 -4.51127)
(0.102258 -2.58595 1.69872)
(0.362338 3.38652 0.68195)
(-0.00819335 0.281044 0.117968)
(-2.09457 3.56256 -1.09554)
(-0.788341 0.515411 -0.854768)
(3.61795 10.843 0.999447)
(-1.03857 -0.129262 -0.944995)
(-6.6443 -7.23995 -0.70781)
(0.269001 2.21639 -0.585033)
(3.90795 2.24886 -0.694462)
(2.81486 -1.04996 -0.405167)
(22.2534 -7.66596 -4.3883)
(-4.19827 3.77927 4.7774)
(5.40415 3.22346 0.723438)
(1.88669 -1.62076 3.77878)
(-2.82321 -3.42381 -4.4003)
(-5.38977 5.24339 -2.32455)
(-5.81845 -13.2759 0.671141)
(-2.54218 -2.72801 -5.68357)
(3.69188 -6.34622 -2.04484)
(-1.46604 1.58478 -0.482494)
(-0.00677693 -0.0441373 0.0521088)
(-1.20405 -0.637007 0.730942)
(-1.39541 2.73345 1.99518)
(1.41541 0.881754 1.15743)
(15.3681 7.67433 -0.312923)
(4.26822 -3.308 2.0055)
(1.11988 0.40902 -0.00158403)
(-0.325138 -9.67654 0.856603)
(0.222559 2.7566 1.30306)
(3.07609 3.78339 6.24064)
(21.0574 -11.6366 1.43109)
(-0.152423 -0.498239 0.0441744)
(-0.323804 -1.3309 -0.0418068)
(-0.667716 -0.594707 -0.140825)
(3.94367 -2.02095 5.73814)
(0.600677 15.4344 -1.84177)
(1.42507 0.961946 2.57973)
(1.91488 0.0664926 1.17126)
(0.0881054 0.371569 0.39316)
(4.03265 -2.80058 0.8236)
(-0.177346 0.343761 0.528979)
(0.417101 -3.93635 -0.828471)
(-2.27451 -2.08727 -0.336334)
(2.08609 13.2433 -3.72645)
(0 0 0)
(0.58307 1.91225 -3.86851)
(0.0249485 0.458471 0.475607)
(-0.0767418 -0.0197506 -0.0190893)
(-0.227579 -2.19556 -0.828664)
(0.0161161 -1.89441 2.13287)
(0.806905 -0.151211 -0.0591771)
(-1.96469 2.06178 -1.0459)
(0.547675 1.54005 4.5423)
(0 0 0)
(0.501547 5.14994 -2.0838)
(-1.47473 -1.62976 -0.868229)
(-4.36721 0.942504 1.38771)
(0 0 0)
(-1.71374 -2.32049 2.06376)
(0.588041 -3.19551 0.382473)
(-0.202418 -0.346279 2.46183)
(-0.00219577 -0.0809162 -0.0329083)
(-5.10139 -1.52939 -4.74295)
(4.52791 -2.74648 -1.33585)
(-0.705091 -0.94372 2.99702)
(0.506085 -1.65591 0.541644)
(-0.0657488 -0.956408 1.97435)
(3.63417 -0.892069 -4.21585)
(7.09023 -2.09803 -0.344031)
(2.78392 -1.2905 0.816434)
(3.39005 -1.15325 0.621325)
(0.0492883 -1.14021 0.0917473)
(-7.03548 -3.8871 -3.90574)
(-0.00908043 -0.0326582 -0.00690426)
(-0.0122379 -2.7578 -1.78408)
(-0.217462 -0.246178 -0.655142)
(-1.42744 -2.26512 2.70181)
(-0.416562 -1.00467 -2.49333)
(-1.9576 -2.62637 2.59817)
(2.72548 -2.35293 -1.61956)
(-1.96859 -1.2615 1.04122)
(1.68273 -1.98863 0.587025)
(-2.19197 -0.574456 0.354695)
(-2.56844 -1.99278 -3.04573)
(-0.149011 -0.182764 0.449181)
(-0.825648 -2.23275 2.08781)
(1.57848 -0.893291 2.143)
(0.632007 -0.333698 0.150183)
(2.64762 -2.05025 -2.2523)
(-0.738229 -0.366575 0.512628)
(-0.0630345 -0.066664 -0.203211)
(-2.14278 -1.37312 1.13335)
(2.23313 -0.322346 0.0741578)
(7.13685 -9.26273 6.37062)
(-1.81927 1.90917 -0.968489)
(-0.156694 -0.567013 -0.837837)
(-6.96464 2.10178 1.0481)
(-2.38993 -0.649526 -3.95217)
(9.29864 -1.94202 -6.75269)
(-3.16142 0.702243 -0.127029)
(-0.814097 -3.3461 -0.105109)
(-1.19175 0.704744 -0.334874)
(10.8725 10.4417 -3.61995)
(11.63 10.5357 -0.424722)
(2.77564 16.7909 -0.750742)
(-1.43742 -9.49454 7.80652)
(2.42082 -1.72544 -1.0096)
(3.78002 3.17043 5.83359)
(-2.05091 -1.3699 0.149553)
(-2.46305 3.73224 -9.04142)
(-4.64999 7.90894 -2.43212)
(0.106655 0.245969 0.258768)
(0.362011 -3.41644 -0.719047)
(-8.21328 -20.7853 -1.29894)
(1.95702 -0.32639 2.13951)
(4.43247 1.6223 4.43678)
(3.41721 3.77877 -16.1657)
(-1.35032 0.953995 -1.02462)
(0.118661 -2.8226 3.31179)
(-2.12116 1.80872 -3.16377)
(0.233315 2.39571 -0.969364)
(-3.31966 -8.22917 -0.433472)
(-1.66188 -4.50357 -1.22982)
(1.19582 -10.246 -5.08369)
(-5.40895 -0.933852 -10.759)
(2.79061 1.75972 -0.90464)
(2.04087 2.63899 0.785584)
(1.48332 0.924056 1.21295)
(-4.50416 -2.05575 0.570352)
(-6.71867 7.25326 -0.687458)
(1.56515 1.0565 2.83331)
(-14.7245 3.16123 -19.9702)
(-28.0322 7.35351 1.26795)
(3.97481 -2.88966 1.14277)
(-1.24323 -0.433107 -0.0522511)
(0.48807 0.588415 -1.03645)
(-1.5472 -1.42893 2.00568)
(-4.44659 -4.1928 0.183401)
(-2.91247 2.65273 -2.08193)
(-1.84818 5.54954 1.77536)
(3.54449 1.07569 0.181486)
(-3.20202 -0.269763 -1.28953)
(-1.33865 -1.124 0.3561)
(-0.0648419 1.3619 -2.20013)
(19.802 23.8266 -5.40308)
(-3.47231 -1.63453 3.55671)
(0.279272 5.83931 -2.0908)
(1.15621 -0.338982 0.539576)
(0.860462 7.80053 -1.29324)
(-1.43694 -0.187004 -0.387847)
(-0.969747 -2.05729 0.429495)
(-0.943098 -1.42126 0.855929)
(12.7942 6.26603 -0.240692)
(3.08581 -1.80063 -1.4922)
(2.95401 -0.451705 0.263087)
(9.71215 -1.99709 -7.50608)
(1.30211 0.0387152 1.40782)
(7.69927 -0.234815 2.12456)
(1.33698 -1.46285 -0.623801)
(-2.21563 0.979749 -1.5057)
(0.355146 -0.0841831 0.364292)
(3.87047 13.13 -2.4226)
(-0.978166 1.64216 3.29626)
(1.52891 -0.0964375 0.297906)
(7.98132 8.17607 -2.55149)
(5.16764 0.43938 1.32808)
(0.446348 2.53458 -4.02107)
(-0.66037 2.11992 -6.29478)
(3.16489 2.12137 1.49575)
(-4.78591 -1.38966 -2.21714)
(7.34771 0.607468 -0.14935)
(0.028878 0.00962676 -0.108263)
(-0.654612 -2.34765 -1.68068)
(0.561174 -6.33515 -4.56253)
(-3.74442 -1.08685 -0.443892)
(2.05816 -0.95437 -0.0190464)
(4.63446 -6.68273 -3.35229)
(-0.362268 -4.93725 -3.87202)
(-3.09163 -7.32488 -3.95598)
(0.0169046 -0.132275 -0.0927797)
(-0.663387 -0.572005 -0.75626)
(9.68791 -5.44631 -8.91444)
(-0.708542 -1.27793 1.08656)
(2.23539 -1.51466 -7.66401)
(-1.01164 -2.36605 -1.14796)
(-0.0590523 -2.31616 2.02809)
(1.05137 -2.67193 0.37021)
(0.105758 -0.236348 -0.0391638)
(7.48819 -4.13809 0.508908)
(10.0267 -6.42932 0.921514)
(0.259472 -2.40719 8.78627)
(-1.31926 -1.01859 -0.103051)
(1.59699 -0.566425 0.60916)
(-0.0993376 -1.35384 -1.06175)
(0.336206 -0.0275513 -0.706057)
(-12.9235 -2.33287 9.90547)
(1.76096 -2.42984 -4.82779)
(-3.46978 -1.69975 1.85963)
(10.3483 -4.49754 5.47823)
(-5.81811 -13.2751 0.671101)
(3.47719 -6.05417 2.61386)
(1.36068 -0.495149 -4.44966)
(-3.48787 -5.06591 -8.68672)
(3.21287 -2.41293 1.29998)
(0.560508 -11.4038 -2.35775)
(1.39882 -2.3481 3.46209)
(0.214196 -3.4008 0.0054724)
(-1.96708 -0.808123 1.1986)
(2.27092 -7.87832 2.90509)
(0.914827 -0.278509 -1.05628)
(1.1055 -0.378092 -0.026075)
(-1.58512 -5.13531 -4.63289)
(1.55381 -4.541 0.438211)
(-0.121701 -0.377348 0.0786201)
(-4.10048 -1.73575 0.35781)
(0.93984 -0.176123 -0.0689264)
(-10.3566 -17.3152 20.6839)
(0.605301 -0.314446 -0.194855)
(-0.849717 -0.650909 -1.66369)
(-7.16393 -19.4818 0.478276)
(0.747075 -1.11127 -0.516354)
(-7.57855 -1.7788 -0.0390663)
(0.629284 -0.251218 -0.595275)
(-3.73974 -1.88708 4.16031)
(4.41275 -4.33777 7.95992)
(-3.28345 -7.06666 -2.59391)
(1.50836 -3.4092 1.75401)
(-1.48708 -1.29888 1.04222)
(-7.99577 -2.00573 -3.76107)
(0.244398 -1.04659 0.107494)
(-1.88789 -0.963093 1.31394)
(-5.49182 -1.59176 -0.850744)
(1.37179 -16.6309 -18.0055)
(-0.866583 -0.225771 2.41293)
(-2.33889 -0.723999 -1.39861)
(7.33703 -4.00099 7.85544)
(-2.88621 -2.00047 -1.05986)
(-1.05607 -1.50837 1.9304)
(0.00506652 -0.59556 0.670525)
(-7.83952 -15.7912 -15.2259)
(1.30053 -0.381294 0.606926)
(-5.44375 -9.44041 5.99814)
(2.60107 -0.0234484 6.02838)
(15.5135 -0.12625 16.9293)
(-1.58839 -0.250161 -1.01828)
(-1.71561 -16.0701 -12.8814)
(0.0557512 -0.972996 0.316328)
(-0.532567 -2.90351 -6.44984)
(0.647923 -2.28309 0.798966)
(-3.08702 -14.7796 -7.34079)
(1.01168 -0.468194 0.743225)
(10.1104 -0.869948 -3.81849)
(-18.7448 16.2765 -4.06571)
(20.4723 -3.32205 0.998832)
(2.81414 -1.2401 4.4743)
(-5.83227 -1.32775 -3.85445)
(-1.34143 8.10641 4.54783)
(3.44237 -0.295425 0.308496)
(13.5321 13.4014 -4.55081)
(0.639758 6.71423 -0.497576)
(-0.20871 0.404557 0.622532)
(-0.954434 -0.449034 2.34812)
(-0.930219 -27.6846 2.45074)
(-3.99703 -6.82952 -0.306475)
(-2.35087 7.70348 2.72141)
(-13.2846 -15.6304 -8.66949)
(4.83119 8.15504 -4.30561)
(6.34588 5.8249 0.5351)
(2.12693 4.70663 -6.14715)
(-5.11532 23.722 -3.25517)
(-3.96789 0.391503 -1.71419)
(8.24025 -0.429218 -2.66149)
(-3.34478 2.40946 -2.8426)
(-0.570143 2.067 0.446484)
(0.603037 -7.23436 -0.588571)
(-7.31232 -4.06035 5.65875)
(-5.42774 -16.4583 -5.33893)
(-13.4689 1.48812 -1.73724)
(-0.163295 -6.45702 2.44442)
(1.62664 0.734358 -0.0326942)
(-4.80329 1.47561 0.867396)
(1.82257 -0.759213 15.9483)
(1.12483 0.069416 0.699551)
(-1.44783 -4.1339 -3.22326)
(3.77946 12.8212 -2.36564)
(0.0882199 1.62119 1.68178)
(28.2074 18.4905 -3.79412)
(-3.98375 10.5154 3.92503)
(0.630978 -5.13136 -1.80615)
(-0.0671456 0.256691 -0.135113)
(0.52153 1.46974 1.15318)
(-3.3884 -16.065 33.0342)
(-1.75966 1.49571 -1.57571)
(-2.90627 -3.43614 -1.50013)
(-3.4193 6.1195 -1.81231)
(-2.43569 -1.41072 5.32041)
(5.29231 0.183771 3.2371)
(-6.06678 1.30929 1.92777)
(0.969834 2.96259 -6.74198)
(-5.77907 -6.16807 -8.05603)
(-8.11782 -7.27278 -16.0277)
(-2.62268 5.80546 2.56034)
(7.93515 0.449626 0.14369)
(-0.339668 -1.03464 -0.0139791)
(-10.05 -22.1028 -2.36557)
(3.54539 0.449454 1.69641)
(7.11996 3.46352 -1.89848)
(-5.03393 6.12747 -2.28371)
(4.53615 6.1896 -4.6865)
(-0.843104 0.689257 -0.808397)
(-5.93163 2.92696 0.520097)
(3.1222 -4.73892 -9.06997)
(-0.346395 -4.61641 -3.20253)
(19.8424 -23.7434 11.1529)
(4.53799 5.59471 -2.23978)
(5.68394 1.945 -1.11202)
(-10.4101 1.58494 7.76543)
(3.18621 0.143042 0.0805444)
(-0.827976 2.42283 -0.454024)
(8.56406 2.15726 0.26654)
(-0.331225 -0.738041 0.900852)
(2.53142 -1.31449 -0.493105)
(-2.43455 -0.232301 1.47551)
(-0.729254 0.546906 0.490008)
(-22.3145 -6.73371 12.653)
(-28.4964 16.5693 7.26065)
(-0.161493 13.4855 2.65559)
(9.38916 25.2168 -6.61364)
(-1.57879 5.94239 -2.02443)
(14.7988 7.39004 -0.301331)
(14.4686 0.125799 -28.2261)
(-6.27275 12.4566 -11.4676)
(2.23737 5.74324 6.78868)
(5.87228 -1.10749 -1.75844)
(17.9489 10.7061 2.40277)
(8.86379 6.37511 6.06425)
(0.836242 1.17574 2.8984)
(-5.72619 1.9416 -1.57546)
(0.107665 2.48216 2.86428)
(0.231835 2.72304 -1.62923)
(-2.93712 11.9775 -3.8831)
(7.18801 -10.0244 3.88989)
(-1.11167 0.732099 0.531205)
(-3.17548 29.9978 0.278507)
(-1.74599 2.19806 -1.10308)
(13.3139 2.26168 -3.18777)
(9.86333 1.80648 -6.3263)
(7.32148 -5.27335 -0.950546)
(0.248936 1.98388 3.04225)
(0.201341 5.17346 -0.617343)
(-1.00442 0.350691 1.16073)
(1.99125 0.72728 -0.00281656)
(2.93303 -5.06994 -2.14195)
(0.0772746 0.0257602 -0.289701)
(5.40608 16.2021 1.49341)
(-2.34146 -0.249496 -0.698679)
(1.39652 17.5746 -13.8927)
(1.55206 2.58462 -2.2974)
(0.487891 0.454331 0.609064)
(-2.82955 -0.507332 -0.242253)
(-0.505584 -2.78627 -0.486067)
(3.00073 -4.46354 -2.074)
(-0.20925 -2.01873 -0.761922)
(-1.59952 -1.76767 -0.941699)
(0.197258 1.94967 0.482361)
(0.628266 0.57721 -0.0266142)
(0.0151864 -1.78514 2.00984)
(-17.418 -12.9932 8.08417)
(1.23552 7.84358 -2.20705)
(15.1162 -4.5922 -10.0367)
(-20.3379 2.68134 -0.909458)
(-2.3969 -12.1087 -0.863087)
(-8.12113 0.513604 1.3739)
(-0.0147145 -0.0958337 0.113142)
(-5.48374 -2.29946 -3.75848)
(1.19855 14.5201 -1.79284)
(4.31746 -0.39372 0.105257)
(-1.90147 -8.48428 1.02445)
(8.00667 10.8631 -9.55664)
(0.274038 -6.46723 -12.3632)
(-0.0254188 -0.0914426 -0.062638)
(-6.39578 -1.73823 -5.28048)
(-10.8222 3.68636 -7.83165)
(15.9696 -8.25167 -2.3228)
(-2.39854 -6.31084 -1.83637)
(-0.104482 -0.0371958 -0.431679)
(-0.130587 -1.01345 -13.7786)
(-2.26363 -7.82737 -5.54664)
(8.982 -1.94754 -20.6428)
(1.56618 -2.75654 0.32467)
(3.03029 -5.33345 0.628183)
(-5.47074 -7.39197 2.99599)
(0.782279 -0.578974 1.69471)
(8.52592 -9.20623 -0.904852)
(1.37737 -2.57521 1.66103)
(1.24004 -3.80976 -3.72868)
(6.67707 -1.43568 5.64259)
(-22.3093 -1.14089 -12.0234)
(11.7221 -8.91844 5.62567)
(1.00382 -0.107946 -0.0735678)
(7.81808 -1.68101 6.60682)
(-12.4133 -3.60307 -1.47157)
(7.97877 -4.51534 10.8323)
(2.64322 -8.64862 2.82894)
(-1.62916 -0.457328 -0.980683)
(0.0653267 -0.0996196 -0.375917)
(0.899434 -5.92779 6.2541)
(-10.2458 -11.0986 22.6844)
(-6.1324 -0.51579 0.146916)
(1.5706 -2.92187 2.55386)
(-0.235896 -3.22502 1.97905)
(3.02666 -5.5715 -0.201875)
(18.0179 -7.63233 -1.05082)
(-3.59395 -0.703908 -2.20662)
(0.947074 -3.45594 9.43546)
(3.14902 -0.692684 -0.869049)
(0.31249 1.46863 6.74912)
(3.24937 -4.19564 1.07464)
(2.64349 -4.91783 4.29843)
(-0.49342 -1.33997 -3.32759)
(3.0602 -11.8243 -6.74778)
(-6.90364 -5.37373 -3.98685)
(23.2724 -6.25156 -4.59863)
(14.2113 -1.33894 -2.06748)
(-5.09242 -6.59541 6.88775)
(-20.4514 -4.85068 12.2372)
(5.99031 -9.40482 -4.38581)
(5.94908 -8.61387 -1.30355)
(-19.313 -2.21929 -3.99666)
(22.2225 -2.13537 -0.742213)
(-10.3684 -3.40952 -5.36629)
(-17.9511 -9.23174 1.51524)
(-4.0751 -7.14231 9.54278)
(-17.869 -3.17892 10.3786)
(-9.45241 -7.20408 -5.47773)
(-2.4458 -8.04648 -0.717226)
(-13.8192 -0.0334843 4.9275)
(4.07028 -9.15058 -9.51214)
(8.34889 -4.60952 22.4031)
(-1.12472 -1.21538 12.0004)
(-22.707 -7.34114 -3.94615)
(0.0463562 -4.49727 -2.12286)
(-1.30219 -5.88844 -1.93606)
(-17.3264 -2.59158 15.4598)
(3.72113 -3.69684 -2.06625)
(-0.217266 -9.27669 -3.20369)
(-3.04371 -8.31266 6.85015)
(0.914684 -2.98495 -4.22825)
(-7.11873 -8.94817 -1.47391)
(-0.826794 -1.19361 1.53523)
(3.82887 -5.77004 3.71776)
(7.95785 -7.72406 1.83993)
(-7.00949 -1.16356 -0.323998)
(-1.51195 -2.98185 -2.60302)
(8.08335 -2.30281 -0.473936)
(-3.10264 -5.44488 -1.00347)
(7.42052 -9.37244 -3.93104)
(-0.940701 -1.29315 1.45483)
(0.047341 -0.0225506 -0.879177)
(4.18277 -6.67434 3.3145)
(-4.99982 -11.6937 -5.67358)
(13.2644 -4.71239 31.1936)
(5.27124 -2.17467 -13.2554)
(-0.892808 -8.12189 1.77338)
(-44.649 -7.58719 -11.9942)
(0.991769 -1.75836 2.84661)
(-11.1135 -7.79067 -4.83758)
(13.4361 -13.3189 20.7785)
(-8.14783 -4.34885 5.38651)
(1.66768 -16.9612 1.9509)
(7.77483 -14.4203 4.23736)
(-14.238 -28.757 -9.48126)
(-11.0412 -1.67222 2.1295)
(-14.0481 -1.98894 4.72719)
(-4.97206 -3.6094 3.56925)
(-0.932291 -1.02576 -3.49658)
(6.92309 -10.8693 1.03069)
(17.5313 -5.09148 6.18506)
(0.2985 -0.364693 -0.539674)
(-9.2239 -5.02996 -15.3633)
(-2.9096 -8.70001 -7.14852)
(1.94 -0.426955 0.0774958)
(2.60832 -5.86705 -5.02842)
(2.63307 -2.86331 4.47554)
(-2.63705 -8.54095 6.7195)
(-19.0325 -13.2291 1.17676)
(-7.80259 -4.7589 -2.25653)
(-2.4979 -6.26047 -2.1094)
(33.7878 -18.6716 2.29627)
(15.3379 -4.609 -0.874005)
(-16.4307 -19.4834 8.88612)
(-1.19332 -0.683491 -1.77558)
(-0.552265 -7.12851 0.77658)
(4.50305 -2.41937 -3.28263)
(27.529 -17.6521 2.53008)
(3.38091 -1.77266 -4.47003)
(14.8441 -2.76276 3.44976)
(-3.52208 -4.11839 -1.73164)
(14.392 -7.47333 -2.80347)
(2.70824 -16.864 5.6433)
(3.59183 -2.30097 -0.755134)
(-4.19472 -5.86475 0.434902)
(-2.26035 -5.45155 -13.5293)
(23.3119 -2.11022 -4.30914)
(1.01638 -1.69314 2.73787)
(-5.34922 -6.19175 -6.89106)
(-15.0713 -15.3357 -26.4419)
(-2.71771 -3.86858 -1.52075)
(10.7697 -10.3059 2.04081)
(14.2143 -3.55537 2.93424)
(4.30969 -7.00246 -7.18258)
(-0.595527 -0.360628 -1.53917)
(-5.10408 -5.96551 -4.78517)
(0.641771 -1.35519 0.104533)
(-0.396399 -1.07602 8.6752)
(-8.15851 -3.30611 -0.947287)
(-0.461813 -1.04803 -3.83839)
(3.79455 -4.25521 1.88534)
(2.15064 -1.17607 -0.710119)
(3.08967 -4.3965 2.39511)
(7.94076 -2.96195 -1.14298)
(0.0823564 -13.1799 9.17209)
(2.26277 -0.788168 -0.457908)
(-2.82768 -10.1129 -13.0217)
(11.7365 -45.2144 -5.16806)
(2.56865 -0.307871 -0.906317)
(5.2431 -4.91112 1.25335)
(-1.07069 0.875312 -1.02661)
(29.3263 -17.7204 1.52288)
(-0.09839 -5.9637 1.76849)
(2.53693 -1.14397 0.0377206)
(0.936236 -2.67556 -1.7897)
(1.59683 -0.804279 0.046851)
(-1.46748 -3.10815 -1.61322)
(1.76899 -2.33268 -4.82452)
(-2.39171 -12.5313 -10.7945)
(3.66825 -18.9987 -0.162042)
(-4.63823 -12.5429 11.7286)
(-14.8968 -10.4089 -0.719745)
(-0.469924 -0.274912 0.0681231)
(-3.63816 -5.11795 -4.71868)
(12.008 -5.21885 6.35682)
(4.72237 -3.54659 1.91075)
(10.3014 -33.8161 10.7502)
(0.0960748 -15.3753 10.6999)
(4.47227 -1.27011 1.04184)
(-13.1907 -0.257548 0.449322)
(-10.6031 -14.672 1.40314)
(14.7678 -11.4358 -12.5629)
(9.48204 -0.0283197 -5.43604)
(0.236661 -0.289141 -0.427873)
(5.28316 -1.80689 -0.124611)
(0.133434 -3.74535 -0.249467)
(1.18832 -14.0323 -25.312)
(1.78696 -1.44957 -2.59965)
(-3.8262 -0.902614 12.587)
(2.47625 -11.5186 10.1596)
(-8.26238 -4.57768 -21.8765)
(1.89003 -1.68102 -0.615758)
(-3.02599 -6.36327 -6.50841)
(-1.5922 -17.4501 4.0764)
(0.11737 -2.9681 1.94975)
(-22.51 -9.52859 1.96424)
(36.1521 -10.8359 1.31101)
(2.7352 -2.34968 5.47824)
(11.1455 -5.78854 -6.06328)
(-0.773595 -1.31968 4.47701)
(4.24354 -4.36978 2.96271)
(1.98224 -29.1793 28.0736)
(-2.57185 -2.90548 11.7215)
(6.16825 -14.5745 1.78724)
(7.61389 -10.7644 -16.7481)
(-6.46852 -1.49202 -2.68735)
(-6.53756 -7.25275 -3.5503)
(5.19553 -0.949527 -11.0457)
(-7.47833 -5.85 -11.9034)
(-7.68019 -2.21706 -3.77358)
(-1.5889 -9.34892 -4.44059)
(-45.4386 17.7314 -2.20724)
(19.9298 -20.1784 19.509)
(-1.06379 -31.6598 2.80264)
(-5.34236 -3.04763 -2.87048)
(6.90026 4.44207 -9.34291)
(0.148094 0.246091 3.20447)
(14.5931 13.3951 1.23053)
(17.8983 8.70666 -4.77244)
(-19.9816 -9.73186 8.8246)
(0.12121 2.22744 2.31069)
(5.81299 -11.7431 5.53747)
(-7.72873 -2.3655 -1.86803)
(-1.99829 1.44251 -2.13806)
(10.5996 -13.9023 7.22543)
(-1.22898 1.64069 -2.87396)
(-0.692697 0.826942 0.656093)
(-4.7767 7.36404 -3.42275)
(12.3169 20.7909 -10.9769)
(-1.19978 -1.49413 -2.04109)
(-5.67419 14.9774 5.59056)
(-0.00701134 0.0028094 -0.0164632)
(10.8968 -7.84849 -1.41473)
(16.2248 6.44991 -4.99989)
(8.25648 17.4018 14.1309)
(-9.95203 -16.6388 19.8759)
(4.96536 -2.11051 4.84478)
(-2.14386 1.41186 1.02444)
(0.776313 0.722914 0.969118)
(21.0639 -0.599752 15.1043)
(1.98974 2.96786 3.00773)
(6.19779 1.577 5.78615)
(3.46574 -4.81052 2.3136)
(8.56814 1.19181 0.501292)
(-4.86137 10.0562 -10.2249)
(0.786041 2.21517 1.73806)
(2.96794 16.248 12.6047)
(13.6785 0.585694 -2.87702)
(-11.9618 -3.51528 -2.79591)
(-15.0764 -8.62827 16.25)
(-0.974899 -0.861488 0.812467)
(-6.61263 -0.89528 -10.4121)
(-0.0220792 2.37627 -1.569)
(-0.27354 0.045786 0.249757)
(7.27235 21.6815 0.909132)
(-8.02712 -1.82742 -5.30499)
(0.500097 -0.0791557 0.721118)
(0.259096 -0.268139 0.436381)
(1.18942 0.24226 0.0180902)
(-13.5492 2.9241 4.30536)
(1.12931 -0.407068 0.0111259)
(-2.39983 -4.14294 -8.09536)
(-16.3775 -5.27481 2.92785)
(-0.267978 -1.99731 -8.55466)
(11.0989 29.1256 -12.2145)
(0.102377 3.40365 -2.49015)
(-3.43298 11.2494 3.97408)
(0.737356 -29.5381 -14.1703)
(-13.6806 18.7463 -0.636965)
(-3.52997 -2.84928 -0.156762)
(0.659445 5.44792 -6.50686)
(-5.77986 5.76751 -0.823601)
(10.2779 -14.3335 5.56203)
(8.2996 -0.0802805 3.52469)
(-8.01861 9.76053 -3.63775)
(-14.0736 17.8189 -1.80358)
(7.95273 -11.8365 -16.96)
(-0.631428 3.43251 0.499698)
(24.2972 24.0624 -8.17108)
(12.967 -4.83677 -1.86645)
(9.05279 -3.15327 -1.83198)
(4.35952 6.16261 -7.33434)
(7.64076 -13.2076 -5.57993)
(3.39311 -1.49523 5.39481)
(0.587729 13.2613 3.40062)
(10.1535 17.9029 1.37812)
(5.52365 0.70024 2.64297)
(0.651309 0.915229 -3.92097)
(2.42009 -3.64823 4.67251)
(-11.5872 -1.1883 -9.52978)
(-5.73724 -1.10167 4.79386)
(1.93388 3.44942 -5.93479)
(-10.7062 1.03695 -5.44284)
(-15.524 16.9403 11.0907)
(0.242524 -0.250988 0.408468)
(-7.0692 1.01272 0.936565)
(-0.352084 -1.62268 0.0960791)
(0.393577 -4.00878 -4.41963)
(8.08764 11.0356 -8.3557)
(30.3133 4.42445 6.51291)
(-1.09012 2.17139 -0.483305)
(-1.30693 0.708612 -0.824484)
(-10.2672 9.92149 -10.4192)
(-0.103357 0.395123 -0.207978)
(12.156 3.06205 0.37833)
(2.18442 0.341531 -0.787865)
(8.2058 0.28494 5.01917)
(0.962396 -7.9495 -27.3665)
(8.10726 7.71455 3.45031)
(0.604096 7.09545 -4.24531)
(7.93116 9.77802 -3.91452)
(-19.4105 13.4171 -17.3814)
(-2.69327 3.39061 -1.70156)
(9.68893 3.92069 -0.536175)
(-14.4259 11.5411 -0.259829)
(16.7383 -1.21901 2.98616)
(-0.140943 0.227758 -0.14221)
(3.37888 19.9685 -13.1467)
(8.52592 3.84909 -0.171365)
(-0.451333 -0.876278 -1.05916)
(0.244 -0.177026 0.527139)
(13.7149 2.51189 -8.79667)
(-3.40284 2.17658 -24.8727)
(-9.21462 6.0191 -6.2099)
(4.46169 7.13555 -0.106621)
(-7.00013 -2.86725 -0.0828183)
(0.857023 -6.96965 -2.45319)
(6.44369 -1.89962 5.87943)
(-2.14454 7.62139 2.26825)
(-0.468449 -0.548559 0.444792)
(4.62412 6.68329 -0.294073)
(-1.08888 -5.78139 -4.20741)
(-0.105216 12.5306 2.26708)
(-1.77327 -0.34701 2.85802)
(-2.4923 9.38075 -3.19581)
(-5.66532 12.8882 8.42411)
(-4.5087 2.28959 -7.54109)
(7.08963 -32.4118 9.66642)
(0.626934 0.205297 -0.833288)
(0.505628 2.76807 2.14737)
(4.54578 5.33152 -2.49442)
(-3.99834 -5.09322 1.7901)
(2.83519 -1.4971 4.94502)
(9.80409 -3.65698 -1.41119)
(2.38681 4.52304 -4.5314)
(9.69818 -0.920634 -5.44358)
(-21.5842 4.93524 11.666)
(-6.73781 7.35252 4.81364)
(18.8658 18.8586 0.175472)
(0.677336 6.33058 1.2748)
(-5.67193 -9.70689 7.11812)
(0.208743 -0.0391177 -0.0153089)
(-9.47914 -10.5718 2.61306)
(1.78697 -0.238101 5.73476)
(-0.494832 1.04697 2.91767)
(-6.10297 -1.79351 -1.42648)
(0.113883 -0.174628 -0.108728)
(2.02393 12.1246 -0.192494)
(7.57225 4.5845 -8.66772)
(-3.05509 -2.21819 -6.46844)
(-20.0914 -10.4862 6.23459)
(-2.65533 -6.98651 -2.03298)
(2.90004 -1.86221 1.09382)
(2.61641 -2.93361 -3.8557)
(0.885951 -1.65643 1.06841)
(-4.76127 -0.88761 5.55426)
(-0.123396 -0.957639 -13.0198)
(2.64881 -2.96994 -3.90344)
(23.3131 -10.7894 2.47447)
(-13.093 -7.59422 -4.55048)
(-8.83496 -5.98972 12.7184)
(6.60478 -9.56327 -1.44723)
(-19.8097 -13.8647 6.10059)
(-5.26841 -3.4867 -7.76466)
(-7.08631 -8.8008 -4.74538)
(4.8156 -0.390234 -6.14212)
(-14.3903 -19.2142 0.528381)
(11.0764 -5.13614 -0.102502)
(6.01514 -4.25408 1.20715)
(0.474123 -1.71536 -2.02284)
(3.2976 -6.50516 0.205352)
(21.8811 -21.8271 18.7368)
(-25.0068 -12.1333 -9.83432)
(-1.1382 -0.623275 0.279854)
(-4.95451 -14.209 -1.63696)
(1.1097 -1.02051 0.298262)
(4.54574 -5.22775 4.11895)
(-2.45771 -4.76879 -22.4617)
(14.5291 -0.130979 33.6735)
(-8.33175 -2.90956 -9.68495)
(-9.2196 -6.25049 13.2721)
(-0.678164 -4.35999 7.2239)
(-70.4159 -8.66695 -13.9674)
(-0.57935 -1.03496 1.68775)
(1.95376 -1.97429 -2.57223)
(1.30237 -2.95192 -2.48641)
(-8.59181 -5.25844 -6.74369)
(-8.41521 -3.38607 3.96201)
(8.63929 -9.67898 -50.6427)
(8.65053 -1.60181 -2.82795)
(-1.31349 -15.0364 -10.985)
(-1.84575 -4.11349 4.27352)
(0.741501 -0.843023 3.23751)
(-0.489307 -0.502311 0.245185)
(0.0675994 -0.633796 -0.409114)
(-3.29793 -5.18017 4.37542)
(0.213521 -7.27045 8.48843)
(-4.96585 -2.84032 2.14081)
(3.10488 -0.682973 -0.856866)
(1.0567 -9.72624 -11.5641)
(0.922989 -6.18179 -25.1317)
(-16.1381 -14.2513 21.7695)
(20.6023 -6.66925 17.7381)
(12.3385 -7.04905 -35.5913)
(5.08547 -0.91186 3.1753)
(-3.52105 -4.7127 14.9664)
(10.861 -5.53935 -4.4868)
(-6.20565 -2.43489 -3.6226)
(-2.12102 -0.266954 -22.532)
(12.3164 -8.32975 -4.7904)
(22.0996 -14.9766 20.3665)
(-0.674901 -1.91436 9.65442)
(-3.32522 -8.87913 -2.0306)
(-8.58677 -2.05158 -7.20325)
(0.205469 -6.95647 -3.6601)
(-1.76559 -3.93485 4.08793)
(-6.244 -4.32655 -2.01824)
(-1.943 -16.3406 11.8672)
(1.29993 -0.0826599 -0.559791)
(-7.05905 -0.0853144 4.16962)
(4.6768 -2.6385 11.3023)
(5.11565 -21.9467 -8.46888)
(2.92235 -0.663468 -2.22309)
(-0.304186 -2.06401 0.514617)
(19.0422 -6.47793 3.49004)
(-4.50246 -3.95151 -0.0388543)
(23.2576 -9.48503 -7.91641)
(-26.6766 -8.62448 -4.636)
(14.4469 -6.03944 -13.7626)
(0.881279 -21.0505 -9.992)
(-2.7452 -9.03148 -0.805025)
(6.78459 -1.64015 -2.60334)
(-5.39068 -4.27848 -3.92673)
(-2.88473 -6.3956 -13.8422)
(-2.55495 -9.52441 2.29085)
(7.88206 -7.6505 1.82241)
(7.06229 -4.4972 2.63663)
(3.49161 -3.05222 1.84354)
(-6.72414 -1.11619 -0.310809)
(-23.2234 -11.9188 -14.297)
(-6.25177 -2.01283 0.461574)
(-4.96937 -11.6225 -5.63904)
(6.77359 -7.67151 -2.24789)
(-11.8566 -14.4386 16.4731)
(5.10554 -2.10631 -12.8387)
(-1.04938 -9.86413 6.58476)
(-1.11522 -1.06091 3.59748)
(13.6617 -6.09914 -7.46348)
(-0.231447 -1.54214 -0.229846)
(-11.9725 -8.39282 -5.21148)
(13.9486 -4.62664 -0.654463)
(-1.29259 -7.38325 -5.70195)
(-30.9277 -3.34911 -4.18854)
(-43.837 -7.44921 -11.776)
(0.440089 -1.65055 -0.930096)
(-4.43236 -4.33005 12.5859)
(-2.42824 -18.5085 3.79663)
(-8.36593 -9.44287 4.57053)
(-0.338367 -0.414512 -1.60373)
(-1.03871 -0.970321 -0.0283123)
(6.3617 -23.6921 -6.49839)
(-0.899702 -0.989908 -3.37435)
(-8.75459 -16.1897 -16.4616)
(-17.8881 -9.00248 3.13371)
(-27.9901 24.8121 -4.04522)
(2.93408 -4.31512 -3.13073)
(-6.50787 -13.3757 6.11901)
(5.16071 -7.72649 -8.72716)
(-3.37321 -4.41222 -10.1087)
(-2.45317 -7.94541 6.25096)
(8.6256 -7.93406 -1.48974)
(-5.94238 -3.70801 -10.9708)
(-15.2747 -13.8732 11.5681)
(31.4206 -17.3635 2.13539)
(-8.63885 -9.87745 -5.45104)
(-4.77375 -4.06129 -1.74941)
(-5.91158 -1.73726 -1.38175)
(-3.78416 -9.43771 -0.658004)
(23.4269 -22.876 22.4758)
(-0.577936 -0.690575 -3.44885)
(-3.22106 -4.71196 -4.48724)
(-9.68044 -13.1078 11.6576)
(3.4734 -2.22511 -0.730238)
(3.31699 -3.56524 11.4864)
(-4.39534 -4.29389 12.4808)
(-4.84646 -1.26265 13.4946)
(6.64808 -0.997079 -1.20386)
(-2.2946 -8.7845 7.04508)
(-2.14593 -0.692494 1.55153)
(-1.63702 -4.17554 -1.28066)
(-12.8357 -9.34143 -5.71472)
(-17.3897 -18.1081 6.93427)
(-0.946729 -1.30144 1.46415)
(11.7019 -22.8337 -12.0428)
(-6.87978 -4.96439 4.6403)
(12.1943 -4.30311 -19.9315)
(-16.2872 -14.383 21.9706)
(22.55 -2.04125 -4.16832)
(2.58193 -6.5844 -2.27573)
(2.38291 -2.33512 -2.87811)
(-4.29564 -5.46356 -1.12594)
(-0.214898 -3.05794 -2.43031)
(-15.0479 -27.716 9.20824)
(3.80881 -4.54523 -0.300537)
(9.97084 -9.54139 1.88942)
(-10.4064 -13.9616 13.8117)
(1.43306 -4.25921 18.3929)
(-10.3872 -6.65622 5.49391)
(0.663074 -0.0543373 -1.3925)
(1.34501 -4.08411 2.14706)
(7.90626 -4.86675 1.07058)
(-0.430534 -1.40733 0.124775)
(18.5062 -43.185 1.33112)
(-7.03642 -12.5215 -1.36921)
(7.32941 -6.86532 1.75208)
(-0.357783 -0.438298 -1.69575)
(4.50971 -3.01543 8.81154)
(9.11581 -0.193752 -4.1392)
(0.393871 -2.28947 -0.782688)
(2.80367 -20.2549 -1.71521)
(5.21471 -12.6292 -14.0616)
(7.46339 -1.75675 1.88589)
(10.2546 -9.09492 -11.5435)
(0.873405 -0.638617 -6.15194)
(-0.500885 -0.437171 0.311016)
(3.93906 -4.41727 1.95714)
(-19.3456 -3.5772 -2.71536)
(11.1317 33.1876 1.39159)
(2.69996 -1.71376 -0.491058)
(24.499 14.7318 -5.37972)
(1.15535 5.9799 3.97196)
(4.16365 -3.36092 -5.50892)
(-6.68127 1.18304 -1.03171)
(-1.3553 -1.80511 -3.45689)
(4.9928 -0.0447401 -3.61787)
(1.35772 13.2222 2.20923)
(-1.29057 -6.16038 -2.01726)
(3.26702 -23.1007 11.842)
(-4.98276 7.16474 -2.91691)
(3.12878 4.71934 -1.48637)
(0.445917 -0.369929 -0.236701)
(-14.3427 -26.4171 8.7767)
(41.0292 2.96028 -0.0578038)
(8.75595 -1.36049 -6.37875)
(6.92506 0.789881 -5.10652)
(8.73099 3.00065 -5.81237)
(19.7787 10.539 -2.95212)
(-5.1733 -3.10798 -6.2441)
(-1.11086 0.0332848 -2.27419)
(11.3379 -27.0732 3.79199)
(1.92137 0.386951 0.656986)
(10.2809 21.174 -11.1679)
(-7.40716 22.7331 -3.29939)
(-9.39033 -0.314336 3.79405)
(0.539711 1.50066 -0.330156)
(6.033 2.38702 2.4534)
(-3.84672 -7.18726 -6.13443)
(-0.055458 0.271674 -0.239842)
(-14.0546 -9.44368 18.2877)
(10.5896 4.66524 2.03312)
(-1.04036 0.278547 0.354322)
(-14.6982 28.6072 -14.125)
(0.0528386 0.802736 -0.603762)
(1.88163 -0.801622 -0.50605)
(21.9112 10.9104 26.7799)
(13.98 -21.3466 18.3543)
(2.36085 -3.35942 1.83013)
(-9.7674 -3.18562 1.66245)
(-3.32598 1.06031 0.142396)
(-4.85861 -5.78197 10.9036)
(-2.34894 20.4009 0.0405185)
(-8.11134 2.0552 2.78215)
(5.41744 -8.35565 2.99285)
(2.17606 -2.9029 -2.78483)
(-14.5058 -7.10603 7.77441)
(1.37958 6.13262 8.99505)
(1.68884 -2.7587 -0.437115)
(-10.4175 17.7788 -8.26485)
(3.29065 -1.70945 -1.05931)
(7.32892 2.19211 -2.13033)
(-1.62322 -3.07172 0.109549)
(-0.393464 -1.06806 8.61096)
(15.1002 1.99414 5.54591)
(13.8919 14.8433 4.66225)
(-2.15921 0.105694 0.5127)
(-0.0731144 0.0321635 -0.621699)
(-5.09252 16.6232 -5.12885)
(-12.452 -0.861941 -0.80859)
(-0.960523 -0.0336854 0.759787)
(-2.56704 0.952299 1.76717)
(-3.82139 -0.320744 -0.403327)
(7.74217 2.3613 -1.76468)
(0.262963 -2.89054 -2.83417)
(7.34749 -0.465328 11.9403)
(-8.87804 6.88308 -4.11825)
(-0.00676725 -0.209975 -0.13124)
(-0.343141 -0.362899 -1.10622)
(12.7517 9.20547 -0.954182)
(-8.16185 9.07991 -3.10723)
(34.2246 5.90713 -12.6545)
(18.7412 -6.4158 4.30193)
(-12.5718 -5.09454 -1.45972)
(-12.695 4.82268 -12.3429)
(-5.87199 -3.66409 -10.8409)
(-3.14469 9.84038 -0.035271)
(-6.09224 2.08343 0.769101)
(4.91702 8.72747 7.58076)
(-54.0079 11.099 -11.3494)
(0.00387246 -0.499067 -5.76038)
(-0.0845027 -0.301252 0.30062)
(-9.0867 4.32796 0.743988)
(-2.18425 0.412926 1.45872)
(0.297585 0.887821 -3.40608)
(-11.8627 6.60466 13.8795)
(1.37171 0.430395 -1.07163)
(-3.07473 -0.601691 4.95561)
(1.6999 3.6587 0.948716)
(0.810513 8.50629 -0.630382)
(-3.25171 -2.99288 3.24029)
(1.17743 1.73384 3.2555)
(4.54839 15.5066 -6.28406)
(-0.537424 0.762567 -0.125327)
(2.22435 -0.0493042 -2.25221)
(-0.42002 -0.860044 0.707683)
(2.5796 8.23915 3.92414)
(-0.774211 -3.95893 1.89081)
(30.1888 -4.74146 0.575432)
(0.668144 2.14447 -1.65143)
(0.538575 1.17807 0.966138)
(0.0614375 0.0160578 0.00230393)
(26.6044 -16.1374 -7.84897)
(-25.3428 7.69682 -9.30519)
(-8.94917 -3.02574 -5.81984)
(-7.10479 3.19046 -2.17698)
(-0.213255 -3.03455 -2.41173)
(3.50714 -0.133368 1.85775)
(-3.49809 -0.105494 4.81528)
(10.8566 -3.78157 -2.19701)
(-0.317065 0.614588 0.945728)
(0.640231 -0.247636 2.79918)
(-1.3441 -1.18054 0.702788)
(-0.371881 -0.698647 0.82275)
(18.1106 10.5251 1.06348)
(2.31061 -1.53355 0.0514749)
(-0.56493 1.19528 3.33099)
(-8.01249 0.295768 2.38247)
(-4.50846 -12.8728 -10.0371)
(-4.20739 7.05009 0.0592094)
(3.1307 4.15955 6.51753)
(2.04617 2.42381 -3.49819)
(8.91705 2.62033 3.76354)
(10.4818 12.2936 -5.75174)
(-0.537992 -4.80607 -0.0582927)
(-1.93107 11.6697 6.54688)
(6.56007 21.9059 -7.56523)
(1.4886 1.19304 -3.45376)
(0.905589 8.46389 1.70439)
(-6.68531 11.9647 -3.54337)
(2.34047 1.31102 0.103617)
(4.61949 0.631179 -1.89497)
(1.21421 -0.227538 -0.0890479)
(-3.4535 -5.32523 -3.95883)
(0.165949 3.82586 4.41484)
(-2.08629 1.77334 -1.86819)
(-5.66014 7.13836 -2.14983)
(17.0106 -22.1272 11.6952)
(-2.8986 1.1366 -0.5798)
(0.904256 0.466168 -0.503091)
(8.09001 1.97863 3.87311)
(-1.31146 -11.8925 -6.5386)
(3.09384 -12.2215 -14.07)
(-2.44599 -6.43569 -1.8727)
(-6.0526 -2.7827 15.4345)
(-7.76905 -4.35201 5.24354)
(-2.01857 -6.97997 -4.94615)
(7.80815 -9.71452 8.82491)
(1.55639 -2.35075 -1.65642)
(8.89232 -9.74555 -12.0244)
(-15.5975 -7.54442 2.60211)
(-4.79887 -9.61696 6.91326)
(-0.186865 -9.18561 -15.6208)
(36.5681 -14.5161 24.2256)
(6.41752 -2.27618 2.44791)
(12.6194 -6.55286 -2.45817)
(-2.27617 -1.93078 5.2445)
(-1.23489 -5.76133 -8.62757)
(-6.26135 -7.77625 -4.19294)
(-7.3937 -0.177713 -3.62685)
(-17.9532 -12.5654 5.52886)
(0.88688 -0.0953714 -0.0649978)
(5.93392 -3.0067 0.476406)
(-3.9014 -1.83418 -1.93298)
(-1.13955 -6.50911 -5.02687)
(4.41457 -7.25865 -0.465247)
(-1.58884 -2.68818 2.40322)
(-1.63369 -0.314945 -1.05232)
(5.67656 -13.5292 10.0284)
(-0.797164 -1.9165 1.05928)
(-11.8198 -13.0717 4.19996)
(12.5519 -6.29075 36.6065)
(-2.12813 -4.12929 -19.4495)
(0.772967 -5.0943 5.37472)
(-0.078122 -8.04019 5.22642)
(-1.44672 -2.73771 0.0976367)
(-2.16985 -15.9486 -5.21536)
(-6.9977 -2.81569 3.29462)
(5.92374 -14.1184 10.4651)
(-1.04649 -0.203522 -3.10449)
(-7.11484 -2.23712 0.224493)
(-1.88682 -1.53275 -1.80788)
(-6.8463 -15.5876 -3.1994)
(6.76224 -9.75091 -4.89139)
(-0.234419 -3.20482 1.96665)
(-11.3842 -4.19092 16.836)
(17.5407 -16.6087 4.34014)
(3.3452 -2.39661 4.80091)
(4.03676 -2.44857 -4.49031)
(2.15061 -1.27336 6.58806)
(-19.6326 -14.0331 -7.62429)
(-13.6417 -2.84185 1.24023)
(2.11783 -6.63633 1.60969)
(-6.08224 -12.5009 5.71882)
(-14.7869 -22.656 15.7517)
(-7.37995 -2.57718 -8.57855)
(-1.18434 0.621519 -7.0383)
(0.0786487 -0.615411 -0.431658)
(1.20855 -1.10743 1.01963)
(-5.73725 -4.46582 -3.31326)
(-9.21275 -1.40889 -1.15998)
(10.257 -15.2685 3.35298)
(-2.83244 -7.5633 -1.72968)
(13.305 -0.750021 1.89677)
(0.191642 -2.57095 -0.598214)
(-0.958858 -0.124517 -4.9055)
(0.71435 -0.0033659 0.241247)
(-0.0108676 -0.400484 -0.162875)
(-16.4639 -1.0654 -5.76013)
(-6.82649 -3.36423 5.35957)
(-3.27315 -4.38091 13.9127)
(-1.31414 -5.69101 -3.64765)
(-0.618344 -3.97541 6.58669)
(-17.5795 -2.02008 -3.63792)
(-0.154328 -4.38216 -2.45085)
(-23.9108 -7.16844 -22.2307)
(-18.86 -11.0584 -4.41204)
(-0.350364 -2.49907 -1.5103)
(-1.52337 -6.59713 -4.22843)
(-1.03225 -0.010195 -0.550487)
(-3.46517 -8.64214 -0.602536)
(3.0104 -16.359 1.95802)
(-15.2484 -4.1523 6.14506)
(-1.58637 -3.53543 3.67297)
(-3.08847 -0.322578 -1.42728)
(-8.79004 -0.250785 -2.03118)
(-1.33734 -7.39182 -4.57766)
(4.545 -19.4985 -7.52417)
(13.8139 -3.7858 9.81954)
(1.20712 -0.0767584 -0.519824)
(26.0999 -23.4003 -5.08255)
(-0.211115 -9.01404 -3.11298)
(0.0385193 -3.73697 -1.76397)
(-0.0789866 -8.5812 -5.17089)
(0.497548 -2.00138 1.72271)
(-3.0779 -7.9021 -6.31523)
(1.01322 -16.087 0.0258865)
(3.54368 -3.52056 -1.96772)
(-1.30694 -1.93475 2.39453)
(-0.0410892 -0.0157526 -0.0133333)
(26.2147 -5.24558 7.40607)
(-10.2149 -18.6211 26.9122)
(2.90497 -5.02743 5.38399)
(-2.31134 -7.60411 -0.677795)
(3.15765 -1.76386 -0.351922)
(-2.23613 -8.33593 2.00499)
(-6.70472 -8.42776 -1.38819)
(20.8063 -1.88341 -3.846)
(-0.259138 -3.97128 1.16345)
(4.22585 -0.213254 -0.484801)
(-6.67381 -2.72868 -0.344868)
(4.84762 -7.27292 42.4168)
(-3.19107 -6.47117 -0.128633)
(-17.9137 -20.75 26.0977)
(6.63797 -1.44184 0.490023)
(-1.29402 -0.65409 0.994739)
(2.64474 -1.45188 6.18862)
(6.2492 -3.97943 2.33308)
(-0.627726 -0.955492 -0.345382)
(5.59357 -2.58863 4.10928)
(6.53404 -8.25279 -3.46143)
(-5.42681 3.57182 -5.11241)
(3.30428 -2.23893 -11.3287)
(-0.19055 -1.26964 -0.189232)
(11.0126 -3.91239 25.898)
(-0.326596 -4.7508 9.80723)
(12.7608 -4.5697 -4.33707)
(-0.836419 -7.60892 1.66137)
(-2.04792 -0.288221 7.0383)
(13.4704 -6.24431 3.95045)
(-11.4814 -13.3415 -6.99304)
(11.0248 -10.9287 17.0495)
(-5.06515 -10.502 3.89444)
(10.0125 -7.61772 4.80519)
(-21.5065 -13.0817 -1.17421)
(-0.824237 -13.8986 -3.2387)
(-0.0576885 -1.25512 -1.18572)
(-7.80112 -4.25409 -12.9935)
(-10.6424 -7.74527 -4.73825)
(10.1574 -2.84917 11.3136)
(-7.24272 -1.87519 21.708)
(-7.15287 -3.8178 4.72874)
(20.1441 -35.1644 37.9894)
(5.99814 -6.58875 5.33)
(5.3408 -1.41078 -3.68972)
(5.60979 -20.8919 -5.73032)
(2.03988 -1.35387 0.0454435)
(3.88509 -7.06399 19.5667)
(17.1541 -5.83562 3.14399)
(-16.4161 -10.3927 9.47389)
(-13.3303 -20.9042 3.01405)
(7.3153 -2.8487 -8.24221)
(-0.45303 -0.165846 0.411463)
(4.70843 -2.39471 -7.41375)
(-2.47398 -7.39746 -6.07826)
(2.25247 -2.44943 3.82862)
(-0.190284 -1.26787 -0.188967)
(-2.79675 -35.4433 -9.67989)
(14.6474 -4.40149 -0.834654)
(10.0192 -1.53644 4.75178)
(0.926767 -3.02438 -4.2841)
(-13.6469 -12.3947 10.3353)
(-17.9352 -14.9139 -2.79489)
(-3.25917 -38.5541 -17.2651)
(-1.64931 -2.44507 5.31083)
(5.70633 -1.23947 0.421248)
(1.96502 -4.25196 -2.8114)
(0.135926 -1.03538 1.46561)
(2.17644 -6.81999 1.65423)
(1.1907 -3.61556 1.90074)
(18.7995 -5.4598 6.63247)
(8.63092 -10.4986 1.02472)
(-7.26923 -1.33059 -4.25482)
(-3.38149 -3.954 -1.66251)
(-23.351 -7.84342 -18.1479)
(-5.68674 -1.81936 6.12339)
(-8.54752 -2.68149 -10.852)
(-7.60701 1.26128 10.9338)
(-0.41048 -0.585431 0.299263)
(2.30316 -10.3242 9.90479)
(23.5939 -15.1288 2.16842)
(-2.97375 -3.47722 -1.46205)
(2.30796 -20.4392 0.367889)
(-3.73693 -4.06764 4.93133)
(5.02378 -6.96108 9.07864)
(16.3745 -5.26618 10.1274)
(0.412832 -1.4673 -0.277796)
(-1.39957 -6.52962 -9.7781)
(-0.112729 -0.285583 -0.0628863)
(-6.07172 -3.27098 0.800929)
(-5.35523 -14.7737 5.76381)
(-1.63302 1.29983 0.554241)
(-3.72773 9.24551 7.61221)
(2.54892 -4.73628 -3.54391)
(-14.3902 4.7513 -0.612477)
(-16.3383 22.8478 -0.270305)
(-0.310928 0.25874 0.179726)
(0.205884 1.61343 -1.59381)
(0.458803 6.08733 2.95473)
(7.27517 8.96507 -3.70944)
(-7.43311 -0.142567 -16.2056)
(1.23379 10.4597 1.99084)
(14.9859 -1.78029 2.75558)
(-2.13127 -1.63324 6.04747)
(0.802978 2.17668 -1.74023)
(1.9272 -0.466184 0.189873)
(3.57737 -1.99831 -0.3987)
(-17.7569 12.7073 3.22914)
(-15.3707 2.80809 5.72016)
(-9.50029 15.545 2.07027)
(-0.478543 6.95295 -3.24896)
(4.30722 -6.35592 1.2604)
(-12.4624 25.9496 10.7751)
(-2.15614 -3.0692 -1.20652)
(-0.00550222 0.0201635 0.030381)
(-0.333457 -2.26263 0.564139)
(-3.81283 0.59857 -0.869836)
(2.04132 5.8446 -0.498273)
(4.1413 5.7883 -1.46928)
(9.35235 5.57722 3.95911)
(-0.114175 -0.0293847 -0.0284008)
(2.25852 -0.571596 -1.59461)
(2.82103 6.22352 3.04898)
(2.24709 -0.0295705 -3.55739)
(0.787573 0.344349 9.92418)
(-8.7862 1.47775 -1.87371)
(0.413768 0.736988 0.369598)
(2.41798 -3.55427 8.10451)
(-3.14914 -0.80483 2.14404)
(-0.489551 0.0681118 -1.78153)
(0.70654 -6.55478 23.925)
(-0.323338 -0.108852 -1.15501)
(-5.89002 5.61375 -2.58115)
(0.0143866 0.953443 0.179329)
(7.04058 7.82027 -1.69369)
(-0.878756 -1.208 1.35903)
(-13.1377 5.06615 3.38852)
(-1.1835 -1.56215 -2.15929)
(3.27768 -3.9114 -0.258627)
(-8.88704 -11.9231 11.7951)
(-2.24426 3.50102 -3.95409)
(-1.70806 5.09936 -1.83667)
(-0.547252 5.37137 -2.59176)
(-0.0709453 17.1846 4.71457)
(0.567552 -0.57224 -0.138787)
(-0.685728 -0.2974 0.15503)
(-0.746133 0.0415813 -2.27755)
(-2.77852 12.0229 7.33032)
(-1.88776 -10.1556 14.866)
(1.08807 5.40747 2.74702)
(-7.60449 -11.7258 12.2154)
(-6.35908 -4.58866 4.2891)
(-0.0138301 1.71797 -3.09481)
(12.3651 16.3926 0.868226)
(9.29392 -5.32454 6.38786)
(-9.00089 -0.119727 1.87189)
(1.01254 0.93025 -0.0428923)
(16.8804 20.84 -0.099829)
(0.319069 1.55392 1.5165)
(-4.67773 15.9536 0.649657)
(-0.718203 2.2507 3.82292)
(-0.677567 -0.347584 -0.918766)
(8.96478 -3.88756 3.26576)
(6.62955 -7.83473 2.31274)
(4.6452 4.11616 -4.47253)
(0.71425 -0.0236026 -0.167627)
(2.11075 -2.06843 -2.5494)
(-0.0252035 -0.0441694 0.0299946)
(2.40103 3.94257 -10.0112)
(0.271731 0.711562 0.731839)
(-0.854168 2.22494 -0.336494)
(-7.46607 -0.0993114 1.5527)
(2.34594 6.77214 -4.88565)
(0.804684 0.926687 0.13817)
(-1.68315 0.223616 -2.48485)
(-25.2069 10.5672 -9.87932)
(-1.22672 0.254334 -1.89188)
(3.35189 2.43731 2.18299)
(11.8082 -0.36013 3.25839)
(0.165343 0.115839 0.310127)
(8.70886 14.8191 -4.57866)
(2.7793 13.5756 -2.32058)
(10.2873 -0.16697 10.6773)
(4.63862 5.59901 1.50355)
(-0.0123719 0.268621 -0.319228)
(8.63711 4.04426 -3.0857)
(0.644425 -1.36079 0.104966)
(-8.48864 17.4804 -0.501814)
(0.49241 -0.284286 -1.53084)
(4.22509 -1.64583 4.31979)
(24.9594 -7.56951 1.42035)
(-5.96156 18.3316 1.91654)
(-0.435422 1.37085 2.34179)
(-3.67394 -3.9615 4.208)
(2.4583 3.53639 6.25951)
(-0.262919 -1.48173 3.90145)
(2.39936 -2.62526 -1.11948)
(-0.188754 -0.158005 -0.57672)
(18.0769 -6.70032 9.94313)
(-1.49139 -3.67546 3.07819)
(-0.826472 2.6371 -3.09131)
(-5.39588 -6.30656 -5.05873)
(16.8064 11.5377 4.07703)
(-2.43974 -10.2501 -3.25779)
(-4.69381 -5.43311 -6.04674)
(-3.93464 -5.00441 -1.03132)
(2.0363 1.22221 0.482948)
(2.97452 1.87801 3.39481)
(4.08166 6.16603 16.0498)
(-3.38763 -0.512023 -1.97356)
(11.6803 -22.7915 -12.0206)
(27.293 -11.2921 0.598354)
(-3.11967 0.774766 1.83791)
(4.83463 -4.61328 0.128666)
(-1.16567 0.819481 -0.836656)
(-2.49922 3.83543 -4.69175)
(4.61415 -8.57379 -6.41532)
(0.176933 -0.175403 0.0865761)
(-1.70668 0.903094 -1.19542)
(12.8855 6.44106 0.492979)
(-5.90435 5.31246 -11.2279)
(-42.0425 -32.3901 -18.2627)
(-6.64785 4.56935 0.435446)
(-0.394453 2.66865 0.300442)
(1.57814 2.92817 -5.48242)
(-13.1401 -2.88951 11.1868)
(1.64946 0.87386 -2.33324)
(0.108821 1.27046 1.42036)
(0.231254 -1.38006 1.9919)
(-7.0849 3.3534 -1.25175)
(-0.651909 -2.02132 0.421141)
(-9.12299 10.7523 2.01209)
(10.9323 6.03822 2.89652)
(-14.1432 0.372803 1.66308)
(23.496 35.8063 -1.70655)
(-9.26774 19.0714 -12.1421)
(-7.40629 10.6227 1.54668)
(-8.73332 -4.70301 6.76742)
(-0.595448 4.09064 -1.57088)
(2.17464 -0.137168 0.423726)
(3.96234 7.55246 -6.69366)
(-32.7745 33.3718 0.0780276)
(8.78568 0.808795 -2.17948)
(0.635376 4.8207 2.98546)
(2.72823 1.10569 -0.415339)
(-2.28411 -1.8563 -8.9864)
(0.0517687 0.198847 -0.0453096)
(20.1538 10.2221 3.3846)
(-1.67542 6.75135 0.787637)
(-2.09836 -7.56054 -1.30952)
(-1.33355 5.64142 4.28695)
(-0.696044 -1.94412 0.862978)
(6.78688 8.36336 -3.46048)
(5.23478 31.6672 -1.41588)
(0.36998 0.195692 -0.702982)
(-5.51735 -8.19936 2.77144)
(1.41047 0.736775 0.937559)
(0.0347779 -0.0165663 -0.645865)
(5.48799 -2.00896 1.1026)
(-3.84114 2.20334 -0.90154)
(7.32039 9.34986 -0.174803)
(1.25933 -0.0579245 -1.12494)
(2.4676 -3.40488 -6.76508)
(0.549985 0.15892 2.47779)
(-3.67348 0.576695 -0.838047)
(-2.82703 20.099 3.44396)
(-0.711499 -0.806031 -0.496144)
(-11.3134 -2.96495 1.83069)
(-2.58448 -9.99213 2.14488)
(-0.91444 8.55844 5.07924)
(-8.24513 5.99148 1.73818)
(0.0011629 -0.00101206 -0.000256892)
(-1.32732 -1.11151 0.663783)
(-0.42935 -0.974356 -3.56857)
(0.985148 -0.178499 3.59322)
(9.55355 8.22865 7.76366)
(-3.0395 9.22723 -6.3292)
(-6.42847 -2.82249 -4.70803)
(2.60345 -9.63674 -0.559671)
(1.12124 4.42552 -0.137459)
(28.148 17.7772 5.62564)
(14.0498 -3.51423 2.90029)
(7.71162 -12.5376 -10.396)
(5.54994 3.4936 0.665033)
(-0.14087 0.301542 0.569569)
(-0.0623229 -7.02933 -11.5364)
(-5.48347 -0.914355 2.2628)
(2.45788 0.459451 2.87347)
(23.9564 6.74414 -0.313448)
(4.9991 8.6233 0.596651)
(-1.4011 -1.30885 -0.0381901)
(-4.43968 -2.20457 3.08292)
(-4.29175 -3.28761 -8.40295)
(-0.430984 6.26194 -2.92606)
(0.317351 -0.0301125 0.266133)
(-0.179518 -0.429095 -0.568797)
(-16.1522 11.559 2.93732)
(29.7427 18.2227 3.09549)
(1.81931 -1.4746 -2.12024)
(-2.35699 2.1542 -0.521627)
(2.77305 0.579564 1.63076)
(-2.99629 4.70296 -0.82528)
(-3.64823 1.66622 0.208722)
(-1.23883 17.3601 3.70667)
(-2.38378 1.6408 -2.84099)
(-0.019253 0.0878173 -0.0363713)
(1.26998 0.192781 0.475057)
(-0.45942 0.0424133 0.0750868)
(0.319896 1.48619 1.11673)
(12.2734 -18.4771 4.13108)
(5.82536 3.79033 2.88172)
(-1.06362 2.09713 3.9355)
(25.4851 -14.2412 -8.38594)
(-0.520699 -0.792582 -0.286495)
(3.24002 -4.88265 3.14599)
(-3.4201 -6.85391 4.92701)
(-8.86163 -3.33072 10.0397)
(-0.825893 -0.452256 0.203065)
(-13.2162 -9.25 4.07007)
(20.0377 -20.3155 16.0477)
(-1.57704 -13.2629 9.63201)
(3.7597 -2.41423 1.41806)
(-2.50304 -7.73049 1.24038)
(-15.7092 -8.19901 4.87476)
(-0.305076 -0.828126 6.67658)
(-0.519207 -3.33804 5.53067)
(-4.40645 -0.821463 5.14034)
(12.4058 -6.41023 -1.80444)
(-4.61667 -11.2173 -3.40267)
(0.549772 -7.30926 -1.75214)
(-0.473671 -0.700683 1.43392)
(-3.76502 -0.701886 4.39208)
(5.7113 -11.8922 -0.297352)
(-0.067383 -0.0239886 -0.278402)
(4.37564 -16.2957 -4.46966)
(-8.92721 -2.5912 -1.0583)
(18.5464 -8.58336 1.96853)
(-13.9505 -6.7478 2.32735)
(-14.1819 -13.6328 4.52889)
(-14.0925 -11.1776 1.78244)
(-5.19633 -6.45354 -3.47974)
(-3.96439 -1.3411 2.1467)
(0.190112 -5.51849 7.16)
(-16.1542 -8.98165 -2.99061)
(-4.06093 -1.03786 2.76482)
(-0.00717992 -0.00796762 -0.0135953)
(5.34798 -3.78224 1.07326)
(-25.4311 -8.555 9.95955)
(-2.04258 -3.7626 5.36556)
(2.73482 -12.6206 5.80712)
(3.74638 -4.30845 3.39464)
(5.21333 -2.64158 0.418553)
(2.33233 -16.8497 -1.42686)
(4.69109 -3.61248 -8.1989)
(-8.02408 -1.63306 5.50047)
(-1.14908 -2.17447 0.0775494)
(5.86339 -12.0601 -3.2479)
(-5.53309 -7.31578 2.77792)
(-2.27267 -4.58279 -1.9263)
(-2.53809 -14.8688 13.6393)
(-10.0954 -11.1647 3.58723)
(8.85291 -4.1051 -0.0819255)
(5.85165 -0.899735 1.75958)
(0.12269 -0.315144 0.273818)
(1.24421 -1.25729 -1.63808)
(-2.41144 -1.44789 -1.18502)
(-0.830939 -0.161602 -2.46505)
(0.0112799 -1.2984 0.77798)
(-0.80092 -1.92553 1.06427)
(0.269338 -0.895354 0.170327)
(-0.738743 -1.77605 0.981653)
(0.835007 -0.00991582 -0.887107)
(5.78599 -8.35929 -7.6219)
(-5.27415 -5.99255 7.26941)
(-3.40594 -1.9481 1.46833)
(1.346 -0.216315 0.480043)
(0.531098 -0.00250244 0.17936)
(13.5201 -23.54 10.1633)
(5.64847 -8.14489 -4.08576)
(-1.63883 -0.315935 -1.05563)
(9.58415 -0.902984 -1.39431)
(10.4951 -2.72887 32.0724)
(-12.4633 -0.806519 -4.36046)
(0.151152 -5.14676 6.00897)
(6.49485 -2.40364 -2.17929)
(0.782434 -2.51906 4.31794)
(-4.42306 -10.4794 -5.65966)
(15.0169 -1.44298 -0.501551)
(-0.190439 -2.60356 1.59768)
(2.43889 -9.42361 -5.37778)
(-1.52747 -12.7601 -5.31748)
(-6.25779 -2.1853 -7.27414)
(9.33278 -6.58297 5.59771)
(-4.37008 -1.71467 -2.55107)
(-0.280695 -7.15479 3.11365)
(2.36821 -0.520931 -0.653565)
(4.52866 -4.61741 2.74201)
(-4.84328 -2.38686 3.80253)
(-13.1826 -20.1979 14.0427)
(-0.409349 -2.49013 3.40215)
(0.465492 -0.991637 -2.68104)
(22.0256 -16.2852 -11.9584)
(-4.67506 -9.00122 11.9851)
(22.1365 -26.656 8.36301)
(1.31008 -1.20048 1.10529)
(5.1311 -19.9112 -21.2206)
(-10.823 -3.10415 7.12718)
(1.57154 -1.04823 1.7601)
(-1.51248 -2.4542 6.74458)
(2.76903 -5.46245 0.172437)
(0.0140551 -0.0399587 0.0106838)
(-6.58507 -1.57332 -5.52407)
(-10.001 -2.08341 0.909231)
(10.9474 -3.00023 7.78194)
(-1.79348 -1.45693 -1.71845)
(20.46 -18.3438 -3.98428)
(0.402261 -21.3759 6.88333)
(-15.5819 -1.79054 -3.22455)
(4.373 -0.881714 0.417261)
(2.20037 -3.80803 4.07811)
(9.49769 -5.33937 -8.73941)
(-4.27456 -5.53617 5.78156)
(3.47002 -1.95767 8.38589)
(3.58117 -3.47238 -3.01939)
(0.714432 -0.0298911 0.00296548)
(-2.17202 -6.79233 25.7412)
(-7.18977 -1.7178 -6.03134)
(-1.24755 -5.40266 -3.46284)
(-0.234278 -3.4079 7.03505)
(0.172628 -5.84461 -3.0751)
(-1.59871 -13.3552 -5.56547)
(-16.4065 -8.238 17.7405)
(1.14563 -1.3073 0.711502)
(31.0263 -17.3377 -10.2093)
(0.724291 -4.0461 3.41883)
(2.50209 -1.69538 -8.57843)
(-7.24807 -14.4427 -2.29748)
(3.84505 -5.76875 33.6443)
(-8.98893 -2.35576 1.45455)
(-13.7725 -7.08284 1.16254)
(-1.95594 -6.43487 -0.573574)
(-0.185707 -7.92921 -2.73834)
(-9.59111 -6.98014 -4.27017)
(1.03268 -0.808514 2.66359)
(0.831816 -11.6849 -2.40563)
(0.691048 -1.47214 -3.98015)
(13.4476 -6.92253 4.96138)
(-2.42826 -1.39041 -2.49348)
(5.25271 -24.2748 -14.233)
(1.97119 -1.08212 4.61251)
(-0.599917 -1.43782 -0.0100018)
(-0.81532 -0.662487 4.91749)
(5.62591 -3.18381 7.63793)
(-2.45986 -4.98835 -0.099158)
(4.38879 0.139812 -3.10719)
(-0.162157 -1.08046 -0.161035)
(-1.17549 -1.70664 12.5099)
(-0.727263 -7.66873 -25.8565)
(-0.482398 -4.71429 -0.892618)
(12.0276 -5.16905 4.1057)
(-13.1204 -4.82517 -1.19876)
(24.8854 -4.97959 7.03053)
(-1.25656 -9.69487 0.0679357)
(4.35216 -6.83295 0.647937)
(-9.13352 -11.1226 12.6898)
(-9.97088 -7.48336 -22.8574)
(0.321592 -1.20613 -0.679663)
(-9.30419 -6.52232 -4.05)
(-21.7694 -6.54496 -3.74548)
(14.7942 -2.57213 8.93445)
(2.67771 -2.58257 -5.19363)
(0.736488 -1.30576 2.11389)
(5.64002 -6.38767 -1.87171)
(-6.69103 -3.64874 -11.1445)
(3.89143 -9.88959 1.37026)
(12.1925 -14.244 -4.89353)
(11.0152 -4.91762 -6.01766)
(-0.37749 -0.558406 1.14276)
(0.961904 -1.09765 0.597399)
(-9.12587 -0.260366 -2.10878)
(-1.8779 -14.3138 2.93616)
(1.12787 -1.28704 0.700475)
(0.198444 -4.59071 0.369392)
(17.7707 -31.0213 33.5135)
(7.83366 -1.20129 3.71526)
(-23.9554 -12.4545 2.2)
(-0.69262 -5.88619 1.83681)
(-19.9884 -12.1583 -1.09133)
(0.358628 -1.19218 0.226794)
(14.7138 -5.00545 2.69673)
(5.17151 -1.1741 -3.93406)
(-5.83543 -5.72585 -25.2639)
(-0.791631 -0.75308 2.55364)
(-2.20659 -4.86828 0.408331)
(0.535521 -4.96819 18.1339)
(0.959722 -2.9142 1.53203)
(-6.46293 -7.38955 -4.07805)
(-0.95298 -0.0912237 -0.539102)
(-0.416494 -5.37601 0.585662)
(-1.14729 -0.322061 -0.69062)
(-1.54196 -0.217012 5.2994)
(0.110716 -0.24743 -0.0410002)
(25.0919 -13.8662 1.70528)
(20.9132 -2.8419 -16.8185)
(14.1263 -4.1026 4.98377)
(2.19182 -1.52945 -6.57168)
(-3.32153 -3.24486 9.43167)
(9.35787 -3.91201 -8.91464)
(1.76556 -3.31616 3.9303)
(21.0984 -0.703294 3.97098)
(10.3639 -5.2873 5.10443)
(3.41875 -8.27967 -9.21875)
(-0.0527992 -11.8982 -7.69722)
(-3.50089 -4.09174 -3.28215)
(-0.535492 -0.274701 -0.726115)
(-7.27273 -20.0636 7.82761)
(5.95036 -9.67411 -8.02169)
(15.3748 -15.3368 13.1654)
(-8.15284 16.7889 -0.481963)
(0.311804 -0.227985 -2.19623)
(-0.357872 -2.4283 0.605444)
(5.66153 -3.48499 0.766624)
(2.18694 -1.13609 -0.704009)
(-5.15989 16.2763 0.13619)
(-20.9086 21.2896 0.0497779)
(-3.94525 -3.46248 -0.0340457)
(12.6745 4.1212 6.0644)
(-5.43562 -5.18129 -2.28415)
(-2.82823 1.86149 -2.66438)
(7.7891 0.935982 -5.98245)
(-21.2292 7.24319 0.24481)
(-4.39265 -1.10917 2.05614)
(7.74282 -18.4888 2.58961)
(-13.0476 9.33725 2.37274)
(-5.74514 19.594 0.797903)
(-2.19888 4.42346 8.61982)
(2.22615 0.185851 0.484099)
(-1.66204 -0.850917 -1.31911)
(-0.0472656 -0.169993 -0.0359382)
(3.46592 -0.0310578 -2.51146)
(1.90647 6.6932 0.578284)
(15.6882 12.6148 7.73959)
(2.49008 9.05296 -2.47639)
(-0.00794449 -0.0708102 -0.008281)
(-4.54391 14.3333 0.119931)
(-2.71182 -2.30709 -0.993783)
(-18.9551 5.74876 -1.92975)
(-1.31312 1.38653 1.47853)
(2.598 -1.4207 -0.857832)
(2.65308 18.641 -2.43606)
(-0.813857 -0.895456 -3.05239)
(-3.97791 0.234809 -0.528405)
(17.1163 -1.54938 -3.1639)
(-0.285419 -1.42166 -1.47274)
(-7.98519 -5.117 4.22347)
(2.4998 -2.0487 3.08686)
(1.27846 -3.88206 2.04084)
(13.4946 -1.60312 2.48135)
(7.70297 10.2119 0.540871)
(24.9048 -8.13496 25.4398)
(-19.6453 17.4147 -2.8392)
(-0.972605 4.11449 3.12663)
(-5.28456 1.26876 -2.18613)
(2.9746 -3.54972 -0.234713)
(-5.61806 -2.5658 -6.79581)
(1.9064 -1.86817 -2.30257)
(1.78431 -2.46205 -4.89179)
(1.3014 1.90754 7.60891)
(-2.25937 -2.07406 0.966223)
(6.17091 -1.34039 0.455544)
(1.00248 5.95442 -3.99763)
(-1.5526 4.63525 -1.66951)
(-0.127887 -0.354514 0.293643)
(-11.5074 0.303327 1.35314)
(-0.578975 -0.918741 1.09587)
(0.0526892 -0.0437105 -0.0279683)
(-1.1212 -2.76313 2.31412)
(12.186 13.932 2.09924)
(1.11559 7.52563 -1.05423)
(-0.174206 0.858673 -8.90649)
(8.42245 -12.6796 2.83489)
(-1.34947 1.07414 0.458007)
(0.147678 -11.368 12.8878)
(6.07363 0.802942 3.09231)
(-0.967976 -0.810587 0.484077)
(0.384149 1.78742 1.21751)
(0.199713 0.595827 -2.28586)
(-1.17815 4.81098 2.30638)
(0.810442 -1.35008 2.18312)
(-5.3754 -2.19781 -0.277773)
(3.50376 0.292513 0.761928)
(0.974004 3.34783 0.437618)
(-0.129604 -0.108491 -0.395993)
(9.34833 -35.7652 8.64957)
(7.68222 -7.06632 -1.32681)
(5.80435 7.1526 -2.9595)
(-5.45894 2.76362 -0.771692)
(0.229819 1.0677 0.802283)
(10.7884 3.39893 8.5795)
(1.80326 -1.80243 -0.457372)
(11.8884 -2.9736 2.4541)
(-5.27598 -3.45819 6.30594)
(15.3252 3.44161 -3.37514)
(2.00159 0.41833 1.17709)
(-0.353337 -0.290596 2.04417)
(2.18632 -1.19558 -0.721898)
(-16.9652 23.7246 -0.280677)
(0.153655 -1.17043 1.65678)
(-1.42935 -2.92677 2.40828)
(-13.6604 1.70316 -4.42088)
(6.4144 23.4834 5.47602)
(-2.2825 19.8239 0.0393725)
(6.56502 8.29123 -11.1835)
(1.53186 2.20366 3.90054)
(-15.3747 21.5003 -0.254362)
(-2.30526 2.96609 3.60329)
(12.9177 8.86809 3.13368)
(2.13695 -3.0408 1.65656)
(7.05265 -0.1499 -3.20238)
(4.18448 5.05085 1.35635)
(-1.67442 14.5426 0.0288833)
(-6.56623 0.023279 12.1483)
(7.35753 15.1532 -7.99234)
(0.232565 -0.355014 0.450685)
(0.701669 -10.9697 -8.1039)
(6.3452 0.584129 -1.57407)
(-3.92316 -0.518364 0.70633)
(0.0992549 1.15878 1.2955)
(-9.27675 -1.54687 3.82814)
(-0.582618 -0.660027 -0.406273)
(-0.369646 -3.30218 -0.040052)
(-37.9033 -29.2012 -16.4647)
(1.73037 6.07496 0.524869)
(-1.19265 1.25933 1.34289)
(-0.326678 -0.741355 -2.7152)
(-19.8969 10.219 -1.17233)
(0.0343983 -0.0163855 -0.638817)
(-0.996331 -2.86405 -3.14384)
(8.02597 2.8891 4.76699)
(5.01612 -0.317678 8.15163)
(-7.658 -4.42556 6.31855)
(-11.5857 -11.7889 -20.3265)
(-4.72253 -0.623983 0.850248)
(-4.88367 2.47238 -0.69037)
(-0.248126 -1.23591 -1.28032)
(-3.69033 1.22956 -5.11207)
(0.0457897 0.330367 -0.598499)
(-10.1245 -2.22638 8.61948)
(6.15472 1.38331 1.75114)
(10.9501 -5.58636 5.39314)
(0.520022 -0.738051 -0.445682)
(0.0020494 0.585785 0.0120938)
(-0.226331 -0.959533 -0.482509)
(-15.1762 -2.7395 11.632)
(-0.0399987 -0.143857 -0.0304128)
(0.636058 -1.10089 -2.3808)
(-1.56816 0.38945 0.923856)
(-0.0554745 13.4372 3.68648)
(4.49261 0.456501 -5.19061)
(0.052028 0.375376 -0.680037)
(0.12497 -0.279284 -0.0462787)
(0.0325919 -0.224394 0.154502)
(2.38146 -3.50238 -2.54107)
(-1.3628 5.45125 1.84433)
(-1.29402 -2.64968 2.18027)
(-4.49329 -3.10182 -2.42528)
(-1.13605 4.54425 1.53746)
(-5.10453 -5.09513 0.559746)
(-6.85187 -3.15879 6.41778)
(-1.29231 -1.72122 -3.29624)
(-0.585333 1.04624 1.26024)
(-6.48092 -3.95279 -1.8743)
(-6.72773 -3.62298 5.2133)
(-10.4852 -19.3121 6.41618)
(1.54211 -3.57705 3.17622)
(-10.8623 21.1413 -10.4386)
(-0.119308 -1.99679 0.438657)
(-4.50318 -8.58567 -2.74637)
(0.514823 -1.08712 0.0838557)
(-0.481156 -6.21066 0.676589)
(7.51394 1.6888 2.13787)
(-2.92144 0.617182 3.40291)
(-1.40779 -2.08701 4.53311)
(1.67759 -13.686 -5.73728)
(15.5897 7.90712 2.6181)
(-36.0685 36.7258 0.0858698)
(3.10153 5.9117 -5.23947)
(-0.417068 -1.62593 -0.313177)
(-0.111919 -0.31025 0.256979)
(-3.45523 21.3611 -1.96259)
(0.920883 6.98689 4.32698)
(5.99316 1.01408 -4.86455)
(-7.75384 -0.284017 4.75237)
(12.9448 -3.88989 -0.737639)
(-1.91902 -8.06236 -2.56247)
(8.33412 -0.135268 8.65008)
(-0.208386 -1.1744 3.09224)
(0.891315 3.06361 0.400466)
(-1.03209 -0.0598117 -0.755431)
(0.01956 1.40425 3.21597)
(-9.20769 3.49789 -8.95232)
(0.657204 -0.93275 -0.563254)
(-10.8345 -5.30756 5.80677)
(8.31678 11.4369 -0.812672)
(1.73536 0.244735 -1.35018)
(-0.794222 -1.14659 1.47475)
(0.743292 7.19835 -2.2976)
(5.54304 -0.0618747 1.87761)
(17.9705 16.2796 -0.656275)
(-4.9534 -3.59585 3.55585)
(2.52292 1.59288 2.87941)
(2.31632 5.35669 1.12436)
(-0.75277 -0.735395 2.13754)
(9.83392 4.37738 -0.445255)
(-0.637753 5.96887 3.54239)
(-0.0495779 -5.59183 -9.17723)
(6.73253 -1.04609 -4.90468)
(-14.1395 -6.96113 14.2891)
(12.0835 -2.24896 2.80819)
(-2.79893 -4.09444 -3.89917)
(-2.46993 5.70157 1.57292)
(2.7948 0.378741 -0.990972)
(-10.028 -11.8911 5.42337)
(0.30101 0.147812 0.234189)
(1.63126 5.88556 -2.41377)
(10.4844 0.402398 1.21487)
(-1.46692 -0.703311 0.0136453)
(-12.151 5.46994 -24.9788)
(-2.30454 3.61719 -0.634748)
(-1.86104 -0.71123 1.59476)
(-1.49953 -0.573074 1.28498)
(4.69422 -1.71839 0.943123)
(-6.68435 -4.07687 -1.93313)
(-1.57786 -0.442926 -0.949799)
(1.9326 6.17264 2.9399)
(6.18077 -1.68686 2.33092)
(-0.0209047 -0.0366356 0.0248786)
(1.27945 2.7733 -1.53837)
(-15.6074 -2.88596 -2.19066)
(4.81071 23.6842 5.51555)
(0.363283 1.69033 1.15138)
(-1.67274 -1.53554 0.715348)
(0.373366 0.183343 0.290483)
(-0.4991 -0.565008 -1.50363)
(-0.948359 -0.543185 -1.41109)
(1.98753 -7.35688 -0.427265)
(-1.18349 -0.677858 -1.76094)
(8.31677 -5.4516 4.61449)
(6.26861 -32.1333 -15.3098)
(1.49402 0.659591 -0.597675)
(-10.1523 1.9234 -2.10949)
(-5.24002 -1.68708 0.386875)
(0.526381 -0.94225 1.01382)
(11.6602 -6.05479 -2.27133)
(-1.99849 -2.27627 1.89087)
(4.92508 -7.59652 5.70012)
(4.35614 6.08859 -1.5455)
(-1.94701 -7.45384 5.9779)
(-7.81269 4.67086 -4.06075)
(-2.12788 4.91198 1.35509)
(-3.24674 -1.95056 -3.91877)
(0.54988 7.29573 3.54128)
(-7.00154 1.17758 -1.49312)
(-0.309358 -0.300042 -0.267442)
(-4.43323 0.536465 -0.682898)
(5.2674 -2.05185 5.38546)
(0.421976 2.09322 -1.80148)
(-0.706223 -0.671831 2.27814)
(6.19579 2.12936 -4.12465)
(-6.36303 -2.04865 0.469788)
(-10.6591 -8.2701 -12.6398)
(-1.39285 -0.390993 -0.838435)
(-2.96624 30.8502 -1.56493)
(-1.28268 9.5441 1.11767)
(-3.30764 -0.458088 2.47617)
(2.52333 3.8061 -1.19875)
(-0.400243 2.86735 -3.26822)
(-0.351327 8.05559 1.07474)
(2.64966 -1.69741 -0.557056)
(-1.92018 -6.8673 -8.84258)
(-26.3178 36.8034 -0.435408)
(-2.61876 12.3863 -4.40305)
(3.72124 0.643228 -1.93983)
(0.2406 -4.78805 -1.0401)
(4.07772 0.424976 -3.85491)
(4.06407 -1.68616 3.70761)
(8.53905 -32.8962 -3.76008)
(2.6778 -18.9344 9.70626)
(-1.20167 1.41914 3.15755)
(-25.029 -18.3839 -0.548771)
(-3.09503 7.81211 -0.196086)
(-18.9802 5.76447 -6.96904)
(-3.1344 -5.85636 -4.99848)
(-1.3853 -0.132608 -0.783668)
(-0.428716 -2.909 0.725296)
(-5.74272 1.79376 -5.4297)
(-40.9819 3.24615 -1.91567)
(1.10256 2.38987 -1.32568)
(-12.5493 2.3572 -2.47956)
(-0.106217 -1.77769 0.390525)
(0.610393 -0.615434 -0.149264)
(0.862482 2.33798 -1.86919)
(-7.05233 12.0357 -5.59508)
(1.42307 2.03756 0.842167)
(16.6819 -1.98176 3.06742)
(-0.353872 -0.591582 -0.303987)
(-3.99438 -4.75349 8.96406)
(22.8969 14.4607 4.57615)
(-6.34763 1.7423 5.45039)
(2.49578 -3.36626 1.89314)
(-1.27347 -1.68091 -2.32344)
(-2.19091 -8.47052 1.81826)
(2.28425 -3.52326 2.64371)
(-15.4784 2.90739 -3.05832)
(19.4268 19.8702 21.7347)
(-3.76573 2.72703 -6.1565)
(0.00302377 -0.389691 -4.49793)
(-0.131736 -0.333733 -0.0734892)
(-0.706881 -1.0205 1.31257)
(6.87923 4.46228 4.96387)
(-2.02606 -5.07791 -1.71095)
(-7.06075 3.34197 -1.24749)
(-3.30706 10.7951 -3.33065)
(-1.43518 -11.073 0.0775928)
(1.48028 9.28562 -3.48859)
(2.59926 16.8712 4.23644)
(-0.940378 1.11056 2.47098)
(1.49086 5.37899 -2.20602)
(21.6357 26.7107 -0.127952)
(0.341526 -1.21387 -0.229814)
(4.91367 -32.5107 -1.60028)
(2.44058 0.330739 -0.865374)
(-0.60098 5.89872 -2.84622)
(14.2085 -3.55391 2.93304)
(-0.213794 -0.906383 -0.455782)
(6.41903 0.676984 7.13982)
(-16.8812 5.57379 -0.718502)
(0.179428 -0.177878 0.0877973)
(-36.1825 2.86599 -1.69133)
(5.59152 2.47236 1.60515)
(1.2333 7.73635 -2.90653)
(7.74882 8.60694 -1.86407)
(11.5925 10.4219 6.95701)
(0.18929 0.159237 -0.00233099)
(-2.32556 5.86991 -0.147336)
(2.34284 6.70792 -0.571874)
(9.45853 4.42888 -3.37916)
(0.382812 0.681851 0.341947)
(-2.89183 19.8123 -15.951)
(2.38318 -4.38698 -0.158955)
(-1.35849 -4.66806 4.3119)
(0.782219 1.89017 5.84168)
(13.4323 -2.49999 3.12164)
(-2.29681 12.4727 -5.16448)
(-0.909121 -1.17788 5.09801)
(1.73774 0.920629 -2.45811)
(-22.5067 4.52275 4.61989)
(9.00304 4.00753 -0.407635)
(-0.0869088 -0.167907 0.137573)
(9.26225 -2.90706 -6.59187)
(22.0992 -13.3534 1.14759)
(2.23167 -13.8964 4.65025)
(-1.9213 5.73599 -2.06597)
(2.27714 28.8782 -0.218485)
(-2.84121 -0.393492 2.127)
(9.39251 5.07375 6.2872)
(3.7633 -1.98701 0.89427)
(-2.16702 15.4811 21.197)
(24.869 3.61582 5.95148)
(9.00674 -15.11 0.589136)
(0.0834462 0.759513 1.2182)
(0.302176 1.47165 1.43621)
(-6.64454 -15.1608 0.766428)
(1.94961 -4.85121 0.27625)
(-0.108864 0.106224 -0.213578)
(-4.88978 7.63946 1.66989)
(0.00201685 0.576481 0.0119018)
(3.08992 7.57707 -5.03718)
(-1.37821 0.285743 -2.12552)
(16.4652 -4.78187 5.80894)
(6.60578 17.2958 11.921)
(-0.90153 2.8766 -3.37206)
(-0.355693 2.54819 -2.90445)
(1.74782 -0.209488 -0.616695)
(2.14336 -5.46596 -1.88917)
(-3.59574 -2.75685 -2.61582)
(-1.83978 -4.43722 -11.012)
(4.34211 6.21123 -1.85017)
(1.2466 1.78489 0.737733)
(0.602537 -0.347867 -1.87322)
(0.360917 -1.90919 0.0708639)
(-2.62878 -3.74199 -1.47099)
(-0.683254 -2.96393 -2.90858)
(2.34999 -0.976966 -1.49267)
(8.68761 18.0696 4.61656)
(3.52241 -5.19782 1.03074)
(1.03707 6.15984 -4.13555)
(-0.468444 0.581525 -0.108855)
(0.819251 -1.36475 2.20685)
(-0.806826 0.453366 -0.154971)
(-1.06481 -2.32642 -0.983758)
(9.64996 0.370373 1.11819)
(1.74258 -3.08813 2.16632)
(0.403019 1.65956 -0.0403703)
(-6.89291 -1.26171 -4.03456)
(0.816739 -1.36057 2.20009)
(7.27332 11.2878 3.3247)
(7.00453 -5.44565 -4.20351)
(0.311114 1.88944 1.06862)
(-0.428502 2.89901 0.326376)
(1.35258 -0.371754 0.283447)
(-5.48715 18.7142 0.762073)
(4.97406 0.572111 2.23697)
(-1.23854 -0.118559 -0.700642)
(-4.02167 2.10876 2.17911)
(0.186576 0.130715 0.349953)
(-0.0129536 0.0553325 0.0603545)
(0.0433547 15.9803 -6.46335)
(-6.79354 1.75373 -0.132768)
(5.23905 6.32376 1.69817)
(-8.28546 2.13886 -0.161925)
(0.390554 1.93735 -1.66733)
(-5.12374 23.8329 -8.69572)
(2.85576 -0.924534 3.26732)
(-0.77682 -0.398499 -1.05335)
(1.37993 0.609224 -0.552035)
(-10.9747 8.78028 -5.80035)
(-0.0678 -0.130989 0.107325)
(-8.21772 -12.1156 -4.23856)
(-3.1916 3.21747 -10.7239)
(-1.99679 5.61022 10.3353)
(0.016723 1.10829 0.208453)
(2.64915 -0.670457 -1.8704)
(-10.1701 0.268077 1.19589)
(7.339 -1.66619 -5.58291)
(2.28842 5.07552 2.96462)
(-3.15192 2.62172 8.05559)
(-5.55974e-05 -0.0658339 -0.03492)
(3.36297 12.2264 -3.34448)
(2.5624 -7.65676 -8.76437)
(0.131693 0.468325 -3.66502)
)


// ************************************************************************* //
