/*--------------------------------*- C++ -*----------------------------------*\
  =========                 |
  \\      /  F ield         | OpenFOAM: The Open Source CFD Toolbox
   \\    /   O peration     | Website:  https://openfoam.org
    \\  /    A nd           | Version:  7
     \\/     M anipulation  |
\*---------------------------------------------------------------------------*/
FoamFile
{
    version     2.0;
    format      ascii;
    class       vectorField;
    location    "0.7/lagrangian/reactingCloud1";
    object      U;
}
// * * * * * * * * * * * * * * * * * * * * * * * * * * * * * * * * * * * * * //


2563
(
(135.464 8.20691 5.36039e-08)
(135.11 17.4652 0.000167348)
(137.791 15.86 -0.000727059)
(139.902 11.7446 -0.000218229)
(140.757 5.62718 -0.000404601)
(142.478 7.97154 -0.000411189)
(147.018 17.2093 -0.000850783)
(150.368 19.3465 -0.000313292)
(148.45 10.586 -0.0017905)
(149.625 9.3193 -0.00010016)
(148.47 6.10102 -0.000740883)
(149.213 5.62798 -0.000665873)
(150.404 5.40271 -0.00107659)
(151.588 5.26007 -0.00156144)
(151.488 4.25956 4.65047e-06)
(149.578 1.55076 -0.000146226)
(159.783 -2.12393 0.504234)
(151.342 2.31389 -0.000342116)
(155.191 2.65073 0.000155405)
(156.485 0.894078 0.000760974)
(155.823 1.11268 3.93422e-05)
(154.876 1.40633 -0.000598253)
(153.135 1.41842 -0.000564452)
(153.909 1.20657 -0.000104552)
(154.896 0.232736 -0.000272053)
(154.751 0.059807 -0.000159832)
(154.057 0.638946 -0.000340775)
(154.059 0.451208 0.000129042)
(153.158 0.454403 -0.000105602)
(154.123 0.0440439 1.0582e-05)
(153.91 -0.297698 8.93593e-06)
(153.647 0.381777 3.57382e-05)
(153.943 0.0197701 7.36794e-05)
(153.607 0.285158 1.52273e-05)
(153.826 -0.221382 1.35461e-05)
(153.43 0.15634 4.16521e-06)
(153.657 0.111527 1.25752e-05)
(153.68 -0.0782031 -6.60905e-06)
(151.977 -0.24748 2.08153e-06)
(153.589 0.166741 -2.93666e-06)
(153.597 0.11286 -7.40371e-06)
(153.6 -0.0186944 -3.9924e-07)
(51.2052 10.5541 -1.90366)
(131.74 -45.9443 -8.33279)
(49.5819 -0.51029 -4.39819)
(118.826 -31.6418 28.7918)
(135.232 -27.8361 0.0028531)
(137.125 -25.4866 0.000821123)
(143.365 -18.3249 0.00178486)
(104.655 -27.9134 10.4772)
(129.996 -20.5867 -2.52437e-05)
(132.952 -17.8374 -5.90902e-06)
(100.308 -14.5319 1.16908)
(122.928 -18.4376 -1.86187e-05)
(118.433 -18.0705 -6.34459e-05)
(131.551 -11.2039 0.00178878)
(126.092 -12.9725 -3.23823e-05)
(122.094 -13.3823 0.00353764)
(108.004 -18.2923 7.84583)
(119.782 -12.0356 -2.10246e-05)
(113.003 -12.3921 0.000980691)
(121.175 -8.16097 0.00208047)
(106.701 -9.56949 -8.68227e-05)
(117.557 -7.83352 0.00248627)
(113.987 -7.79022 0.00252607)
(102.248 -6.87007 -1.87568)
(123.426 -1.73554 -2.44737e-07)
(109.692 -5.62866 0.00198864)
(104.389 -3.41716 -0.122242)
(109.213 -4.17764 -0.000159114)
(93.6408 -0.333698 -1.25837)
(115.832 -3.00527 0.00175066)
(111.939 -2.53547 0.00122877)
(106.792 -0.447124 -0.000301583)
(112.378 -1.45384 -6.81345e-05)
(73.477 5.73588 0.355919)
(110.076 0.996808 -0.000197113)
(78.7095 4.77264 -0.957537)
(31.8565 3.60362 -2.09387)
(100.73 8.05404 -10.1089)
(118.593 -0.228672 0.000369909)
(117.377 0.393623 0.000450341)
(110.602 3.14968 -4.07419e-05)
(114.409 2.03286 0.00157204)
(114.226 2.66739 0.000773936)
(113.055 3.60766 0.00152527)
(116.45 3.3719 -8.08182e-06)
(111.786 5.53154 0.000563336)
(117.932 3.934 -1.49106e-06)
(98.918 11.7657 3.29028)
(112.951 6.78479 0.00019207)
(119.353 3.49587 -2.00031)
(110.836 7.94684 0.000851235)
(113.382 8.5849 0.000311602)
(105.637 11.8839 -0.756582)
(95.3372 8.7151 -4.55369)
(118.456 10.3012 0.000152607)
(124.923 4.44578 8.92136e-05)
(126.956 4.30939 0.000304216)
(126.005 7.70432 0.000533719)
(122.707 12.4118 0.0017318)
(124.111 13.0038 0.000960694)
(123.771 15.2564 -8.86788e-05)
(132.701 1.3269 7.49934e-05)
(130.862 12.0485 0.000415653)
(125.671 22.2017 0.000655014)
(314.298 -14.3494 -2.94166)
(312.213 -7.43676 -6.91032e-05)
(312.285 -15.0259 0.656992)
(302.503 -13.272 -0.00157086)
(288.694 -11.2483 -1.83307e-06)
(285.927 -32.9265 -2.9362)
(279.583 -24.2779 -0.000622621)
(270.891 -18.4465 -0.00040945)
(238.695 -26.2876 -2.74923e-05)
(222.856 -40.6075 0.000345929)
(211.755 -34.8626 0.000158843)
(210.598 -31.1592 0.000113368)
(206.21 -37.9253 0.000224852)
(172.717 -46.8293 -1.02171)
(179.478 -52.5328 -8.93373)
(150.677 -45.9188 0.800534)
(184.025 -37.8932 0.000186849)
(179.671 -24.9249 1.96896e-06)
(176.543 -12.0402 0.00145509)
(132.43 -34.0248 5.48889)
(154.708 -31.5056 -17.3053)
(173.388 -8.12772 7.56845e-06)
(139.258 -37.5179 -1.40366)
(149.082 -33.59 0.000694502)
(151.638 -14.3736 7.35259e-06)
(305.608 -5.52899 2.03549)
(390.91 -3.65242 0.287118)
(374.949 -0.175182 2.12747)
(384.937 -4.01023 -0.0564493)
(374.886 -1.17904 -3.78177)
(370.728 -6.85799 -0.0265328)
(337.806 -16.2678 -12.6903)
(318.624 -15.3971 -1.02484)
(400.931 4.31691 2.41656)
(438.284 6.18281 3.72285)
(424.775 3.96358 5.08867)
(438.979 0.822406 1.15654e-06)
(438.398 1.17655 2.78049e-05)
(437.659 -8.31324 0.851426)
(438.766 1.92245 1.41469)
(436.672 1.4675 4.75139e-07)
(434.359 1.85855 0.804724)
(435.908 8.20696 -3.20108)
(431.269 1.53846 4.18969e-08)
(434.96 4.75759 -1.42278)
(424.874 1.33254 -0.838662)
(428.404 1.09432 -1.00194e-05)
(425.853 0.918973 -1.88489e-06)
(427.536 -3.2465 8.10626)
(413.887 -6.24892 -9.35134)
(417.332 0.429015 -9.42702e-05)
(407.247 -0.402785 -1.04566e-05)
(442.735 -0.0833789 -1.1275e-06)
(442.989 -0.0629303 -3.16753e-06)
(389.678 17.5957 1.24353)
(445.314 -4.27102 2.17373)
(447.47 -0.296677 4.42713)
(444.398 -1.50994 -0.551366)
(442.364 -0.0213197 1.95025e-05)
(441.788 -0.0274947 -2.21875e-07)
(434.175 1.37389 -6.32427)
(429.46 -7.92802 5.76081)
(436.097 -4.40228 1.94377)
(448.807 -9.91011 -9.9835)
(440.689 0.447075 -0.339461)
(441.849 0.0727637 3.20325e-05)
(440.627 -0.0938216 1.52567)
(441.848 0.0851498 -5.48721e-07)
(407.048 -0.920387 0.367795)
(441.776 0.0637609 -5.77872e-07)
(397.731 0.554736 -0.270303)
(452.053 -0.832181 3.08785)
(446.295 0.0966632 -2.62969)
(436.281 4.45957 1.11044)
(378.101 13.598 26.1336)
(447.831 -4.31282 1.28785)
(361.829 8.32355 0.0724927)
(451.01 -14.483 -2.52897)
(445.874 0.0388684 -1.68263e-06)
(443.799 -0.276321 0.206749)
(445.715 0.0427809 -7.41172e-07)
(411.314 -0.0321801 -0.19357)
(439.721 -11.8094 -6.72586)
(440.997 -0.171431 -0.239139)
(437.786 -7.20621 1.04519)
(422.956 -8.42166 -3.35598)
(443.646 1.9095 -0.75632)
(446.579 -5.80504 -1.60648)
(421.703 -0.0441836 4.94658)
(442.705 -7.70904 6.96606)
(438.539 -4.68096 5.73062)
(445.597 4.13092 9.22288)
(444.648 0.0282842 -1.58502e-07)
(399.402 1.4106 -0.733955)
(444.908 0.0106329 1.33682e-07)
(435.233 2.82943 -3.3767)
(445.125 0.00265848 -1.80433e-06)
(423.371 -12.3824 -2.83125)
(440.553 -0.0925809 -0.00357912)
(435.538 2.96478 -0.783319)
(443.839 -0.0177404 -8.87124e-06)
(444.431 -0.00223855 -1.57231e-06)
(440.476 0.316228 5.79735)
(429.322 -4.05051 4.04418)
(443.074 -0.0661765 -1.83834e-06)
(443.266 -0.0527412 7.24462e-07)
(436.988 -13.9166 7.75223)
(449.997 0.492628 -4.0262)
(445.987 -0.131562 2.89909)
(445.267 0.876858 6.86849)
(448.469 -0.165346 -1.42825)
(441.199 3.76661 -2.68515)
(446.985 -0.675908 -1.99311)
(447.296 -1.20185 -2.03566)
(447.374 1.63911 2.47474)
(443.958 -0.670092 -2.8787)
(447.673 -0.117402 -0.847669)
(447.649 0.0235471 1.69295)
(443.724 2.31925 4.04587)
(444.645 -1.09316 -10.0673)
(374.304 12.7319 -3.05439)
(387.589 5.9485 9.3221)
(424.589 -0.0940685 -0.379659)
(447.141 0.00897998 2.31603e-08)
(447.204 0.00818715 -1.79959e-07)
(447.344 0.00699774 3.10932e-08)
(447.48 0.00547691 5.70753e-07)
(447.392 0.00685964 3.93384e-07)
(415.853 -0.420289 0.0272778)
(445.455 -0.202228 0.238052)
(356.943 14.0835 -5.00831)
(431.74 0.613569 6.29091)
(428.767 -0.129083 -0.175649)
(436.47 1.62708 -0.843527)
(444.16 -3.52645 1.34475)
(446.963 0.0133759 3.77511e-08)
(452.077 4.31871 0.285482)
(446.886 0.0172699 -1.74461e-09)
(450.033 -6.33605 -2.04919)
(346.857 8.54125 -2.98056)
(440.946 -5.43184 0.23852)
(442.726 -1.4326 -0.419111)
(451.005 0.105742 -5.88581)
(426.665 -7.59247 10.8403)
(446.741 0.0239663 -7.17832e-08)
(447.626 -0.47765 1.3603)
(407.811 1.0028 -0.676326)
(446.49 0.0332965 -4.19934e-09)
(436.124 -1.23775 -0.0116144)
(446.452 0.0349802 -4.59647e-08)
(354.383 9.61894 -13.5138)
(446.351 0.0393212 6.71554e-06)
(446.931 0.00925094 -3.10591e-07)
(447.868 -8.90349 -4.60319)
(450.181 -15.9913 -17.0995)
(429.843 -7.1488 0.903892)
(445.757 -0.0234333 0.14813)
(385.562 3.87346 2.25016)
(414.185 2.78089 1.87168)
(450.051 0.722648 3.32754)
(449.944 -1.49356 -1.52589)
(447.054 2.517 -2.46493)
(447.611 0.611289 -2.81169)
(449.4 -0.244824 4.0577)
(445.093 -1.13213 -1.03383)
(447.689 0.596996 7.61905)
(446.016 -3.0733 -3.2103)
(431.102 -1.63659 3.53863)
(449.062 4.57749 6.12409)
(447.969 -0.706999 1.39282)
(448.035 0.0958382 -0.0643245)
(448.066 0.649053 -0.222238)
(447.733 0.279186 -7.12029)
(443.742 1.35774 -1.97153)
(451.515 0.321041 2.64655)
(447.701 0.352031 0.61363)
(448.265 -1.83681 -3.13493)
(445.464 2.27366 4.14167)
(448.977 -0.183267 -3.1622)
(446.65 -1.49134 2.41905)
(441.686 0.144767 -2.19046)
(448.178 -0.299591 0.682364)
(450.453 1.17665 2.26664)
(450.84 1.22431 1.5675)
(444.334 -5.19071 3.63423)
(447.997 -3.22512 2.33457)
(448.289 -0.662607 1.34923)
(446.452 0.504401 1.45931)
(448.01 -1.12954 -1.82573)
(446.953 -1.28701 2.42702)
(450.622 0.658982 6.29812)
(444.362 4.18714 5.28697)
(324.331 2.51483 -5.70685)
(376.344 11.8398 -19.3948)
(387.668 0.687049 -5.14926)
(366.898 15.3257 -5.71962)
(434.532 -1.04802 0.210498)
(441.304 -2.9574 -5.16003)
(446.626 -31.8507 -3.62373)
(446.682 -1.12917 0.941069)
(447.397 2.35401 0.313531)
(368.365 13.7036 -14.9254)
(441.506 -1.29308 0.664839)
(430.675 5.63248 -2.64171)
(447.728 0.00424551 6.05875e-08)
(415.881 18.3326 20.6475)
(389.96 17.2077 -14.2995)
(362.335 10.8226 -1.17109)
(437.237 -2.17937 7.36293)
(440.939 -2.05128 -1.10448)
(368.316 15.1275 7.0204)
(446.902 -0.303289 0.341682)
(379.677 -5.28855 -10.9598)
(361.731 1.93607 -1.4688)
(386.51 5.31288 -0.14725)
(419.292 -3.30691 0.824031)
(447.605 0.00556109 1.95315e-07)
(411.606 -8.73293 1.33172)
(451.776 -1.61004 0.867245)
(420.625 -7.64352 -11.2952)
(445.758 -0.450137 0.845275)
(448.867 -1.89319 1.53372)
(447.389 -0.660135 4.10236)
(428.781 -7.44003 8.62662)
(448.263 0.778912 7.79632)
(442.198 -12.3604 4.10045)
(425.571 0.985449 -1.03753)
(445.779 -9.70558 1.99157)
(447.817 0.00352882 -1.95984e-09)
(451.411 1.91459 1.23983)
(457.772 -12.2189 3.8354)
(430.734 5.65466 -5.50361)
(369.047 1.61679 4.3697)
(447.045 -0.0120291 -0.23546)
(425.094 -0.551644 1.4513)
(435.578 2.02179 1.0635)
(440.877 -1.45729 1.30692)
(417.869 3.54041 4.94814)
(444.938 -2.39113 -0.517476)
(450.416 -1.63269 9.55052)
(447.779 0.00254219 8.86914e-08)
(447.398 0.00700675 2.44675e-06)
(444.658 -11.6151 1.40349)
(398.873 -1.83642 -0.247139)
(408.734 -1.4178 -3.20073)
(377.982 11.4791 -5.23025)
(406.896 -0.701921 5.75959)
(447.325 0.00797148 4.70665e-08)
(454.288 -4.74804 -2.31055)
(449.922 -0.986046 -4.60992)
(437.958 -19.4118 -9.11429)
(447.197 -5.59164 -11.5448)
(448.772 0.204159 2.04263)
(450.105 -0.0641638 -3.58901)
(451.358 0.626522 1.65615)
(452.753 0.421689 2.1863)
(447.029 -0.632702 -1.55176)
(448.469 3.98775 -5.5403)
(447.975 -0.0383825 -0.3107)
(449.088 0.95312 -2.09334)
(450.231 0.968934 -0.25703)
(448.876 -0.039029 -3.54752)
(449.049 0.0565296 1.44867)
(445.118 2.67231 2.10197)
(447.87 0.246903 0.412052)
(445.535 -0.142119 1.79144)
(448.156 0.305006 3.39528)
(447.935 0.19381 -0.372582)
(446.851 -0.207458 -3.27223)
(447.013 0.0654364 0.747024)
(446.712 -0.733339 0.812246)
(448.114 0.425242 -0.487488)
(448.31 0.360059 3.193)
(447.557 0.0611775 -0.127414)
(445.097 -0.740274 -2.91033)
(448.945 0.0333961 1.06863)
(448.307 0.196624 -1.66351)
(447.931 -0.214515 0.456429)
(446.583 0.356348 -0.974112)
(449.85 -0.318722 3.68042)
(452.828 1.75169 -1.82351)
(439.526 2.58377 -2.18062)
(448.283 -0.348929 -3.12716)
(445.794 -0.673992 4.14558)
(447.669 -0.0564002 3.2842)
(446.865 -1.33553 -2.25343)
(452.111 -1.8234 -1.79995)
(448.832 -0.638575 0.483511)
(446.202 0.783557 -3.17298)
(448.012 -0.205572 -0.287959)
(451.182 -0.943753 -2.00053)
(446.525 -0.58598 3.38248)
(441.372 -0.625533 -0.97641)
(459.686 3.37409 -3.59962)
(448.674 0.15155 -0.354893)
(446.229 -2.7156 -0.950035)
(450.542 4.40011 -3.21947)
(448.051 0.00913409 -0.0417902)
(448.111 0.00705258 0.135189)
(450.779 -0.95186 -2.65942)
(445.768 0.63693 1.79509)
(448.674 1.29487 -4.27792)
(448.163 -1.33793 -1.30362)
(449.48 -0.0494548 -2.30007)
(446.852 0.661689 2.25909)
(451.209 9.95841 7.34316)
(455.67 -1.93491 7.91759)
(446.85 -0.905399 0.25148)
(447.478 1.59247 -2.97412)
(446.388 0.726354 3.77402)
(448.212 1.78227 -1.19759)
(447.988 -0.0173368 0.744631)
(445.663 1.88723 -2.22895)
(447.287 1.31815 1.8695)
(448.005 -0.334128 0.879772)
(441.129 -0.911099 2.20927)
(447.876 0.218821 -0.383836)
(448.672 3.45324 -2.05492)
(445.505 -1.37816 3.03687)
(360.654 -7.21485 -7.9891)
(393.902 -7.52553 -0.760999)
(407.603 -1.95714 1.00727)
(422.543 -4.12738 -0.135023)
(398.019 2.96449 -3.4632)
(394.228 5.36394 -4.0751)
(424.776 -0.0486682 1.58499)
(447.445 0.208581 -1.25826)
(440.211 0.458113 -0.601157)
(448.089 0.0875897 -0.685383)
(409.96 -7.66828 -3.85138)
(448.665 -0.37697 0.169749)
(427.698 -10.5471 7.1202)
(449.785 -21.0192 -15.138)
(396.556 8.89803 -4.59678)
(442.376 -7.22932 -2.7068)
(441.786 -17.312 6.75423)
(447.013 -3.47759 3.46243)
(434.16 -7.63241 0.715937)
(432.407 -13.3583 0.507205)
(462.655 -10.8135 -7.94089)
(427.993 4.77786 -0.145126)
(366.077 4.22989 -21.541)
(446.929 0.180523 0.318642)
(398.95 -0.563637 -2.21879)
(449.011 -0.358421 -0.0247531)
(406.398 3.6973 -1.25708)
(430.338 -1.37602 -1.21319)
(448.422 -7.11051 -7.69933)
(450.684 -0.978528 -2.21174)
(357.143 12.4883 -5.04022)
(450.069 -3.23807 -0.41303)
(420.077 4.07655 -0.319996)
(403.584 -0.327745 0.531064)
(394.298 -0.500188 14.3045)
(444.219 -1.32809 1.17302)
(393.383 -0.530822 -0.00389376)
(449.036 -5.04538 7.8418)
(414.517 -2.04877 3.45688)
(384.149 8.44694 -12.031)
(445.46 2.00751 0.442696)
(451.448 1.22878 3.10843)
(441.954 -2.54049 -3.15505)
(430.93 -10.2498 -0.920163)
(443.899 -9.12628 -4.92957)
(451.87 -5.16518 2.89084)
(421.586 -3.84193 1.05112)
(353.725 14.102 3.50609)
(444.083 -10.7933 -2.94743)
(327.03 24.3568 -0.28287)
(448.779 0.11991 -1.08749)
(429.227 -0.744532 -1.14937)
(456.611 -16.1072 6.95241)
(409.62 -4.2103 6.88448)
(430.937 -10.2909 6.37897)
(453.774 -3.58841 0.308526)
(438.556 1.97166 -0.799818)
(402.419 -1.58243 4.60028)
(423.496 0.11188 -0.550144)
(420.78 3.49727 4.38043)
(447.898 -0.069908 -0.193093)
(396.841 7.14535 0.900081)
(454.296 -6.52569 6.31155)
(438.771 -0.113882 -1.43342)
(427.492 -0.772953 -0.654665)
(412.783 -5.13134 -1.58034)
(418.8 2.9116 1.68651)
(449.728 -2.57961 -3.90092)
(429.815 -0.0569006 0.109178)
(405.778 -0.232965 0.936292)
(447.018 -0.149027 -0.0337066)
(456.704 -6.26525 19.1015)
(425.645 -15.96 -0.476412)
(443.668 -4.11955 1.57897)
(452.632 -4.24538 4.14377)
(446.378 -0.485471 5.01315)
(447.593 -1.34799 -1.10419)
(450.888 0.260436 -1.52016)
(449.784 -0.160347 -3.03507)
(446.802 -0.180934 -3.21597)
(447.777 -0.373173 3.08813)
(445.234 2.24214 0.745043)
(447.498 3.8845e-05 -0.706832)
(449.302 1.73944 -0.612369)
(449.747 0.0958315 1.47202)
(449.104 -1.94709 2.73449)
(447.646 -0.158206 -0.452242)
(449.569 -0.149994 0.488101)
(443.785 -0.412328 -2.44201)
(447.825 0.105168 0.0816342)
(447.124 -3.21927 6.01112)
(449.248 0.0527486 -1.14986)
(447.774 2.32103 2.04305)
(449.188 0.202657 -1.08012)
(448.032 -0.193426 0.221958)
(447.288 -0.455686 -0.654966)
(447.413 -0.203368 -2.12272)
(450.36 0.238235 0.808061)
(447.943 -0.507726 0.449759)
(449.52 0.0736292 1.48377)
(448.959 0.361605 -0.95073)
(446.952 -1.71717 -2.98533)
(453.148 2.36243 -4.0444)
(445.308 3.31492 -5.07649)
(448.456 -0.384869 -1.90835)
(448.051 -0.634013 5.35308)
(447.82 -0.0871451 2.48724)
(449.198 -0.929257 -1.82388)
(447.763 0.439152 -1.46769)
(444.743 0.603553 1.49742)
(448.204 0.133309 -0.198472)
(446.771 0.20726 0.9816)
(448.569 0.240474 1.30002)
(451.151 0.739182 -2.01675)
(444.897 0.575163 -1.7136)
(449.131 -0.905907 -6.0027)
(449.262 -0.0282073 -0.286001)
(446.618 0.693777 2.05643)
(449.332 -0.00213559 -0.578273)
(448.261 0.412902 -1.37271)
(448.903 -0.665862 -2.35749)
(448.709 0.691828 1.48624)
(444.867 -1.0284 1.28462)
(448.75 0.412348 -2.3126)
(453.053 -1.0979 3.41249)
(447.935 0.0314877 0.160803)
(447.436 -0.545888 3.03921)
(447.797 -0.98027 -0.482359)
(446.713 -1.59069 -0.621898)
(445.863 0.111017 0.925892)
(449.42 0.889192 1.08257)
(449.929 0.0511715 -2.85161)
(447.007 0.594188 -0.931064)
(450.575 0.436668 -1.69775)
(448.687 0.466111 -1.7167)
(454.067 -0.902041 3.15152)
(443.74 -0.821994 -3.34239)
(447.413 0.19649 -1.22143)
(448.309 -0.0196866 0.681638)
(450.605 0.5497 1.71784)
(448.456 0.221071 0.873906)
(448.353 2.58705 -1.77395)
(449.117 -0.216547 2.56185)
(446.585 -0.0631394 1.23953)
(446.982 0.625339 0.903796)
(446.449 -1.16672 1.59575)
(447.218 -0.716068 0.0195433)
(447.739 0.103609 1.12135)
(447.581 0.7623 0.652509)
(447.663 -0.0731863 0.343256)
(447.401 0.269874 -0.792522)
(447.506 0.879513 2.66229)
(449.266 -1.62404 1.07154)
(447.511 -1.2837 1.36924)
(446.454 0.483942 1.95656)
(440.751 3.45496 -4.56213)
(447.906 0.0203227 0.0952236)
(448.204 -1.13878 4.88258)
(452.683 0.53155 -2.22572)
(450.915 0.400543 3.15242)
(448.515 0.00187727 -0.38485)
(447.4 0.264783 1.18451)
(449.877 0.592633 -5.14757)
(448.551 2.87777 3.30686)
(451.537 0.674513 1.47741)
(447.975 0.00268267 0.394132)
(448.109 -0.1063 0.471088)
(446.34 0.77406 -2.48797)
(448.98 -0.635511 -2.05371)
(448.843 0.540637 -1.04173)
(450.806 -0.53589 0.725082)
(448.694 0.283768 -0.244222)
(446.027 -0.849897 -1.89023)
(449.126 -1.35907 -3.50018)
(449.853 -1.62611 -2.0639)
(446.411 -0.852785 1.22712)
(247.594 24.3296 -7.0592)
(283.331 2.1257 -4.45918)
(447.762 -0.71123 0.595653)
(413.476 -1.01821 -4.21602)
(412.122 -1.16706 -0.359084)
(452.414 -4.01356 0.569664)
(448.371 -3.37126 -2.76379)
(435.712 0.209436 -4.6836)
(442.76 -0.442089 -1.36079)
(439.054 -5.39375 -1.43014)
(354.227 -0.548684 11.1442)
(441.955 -1.71307 -2.59791)
(426.613 -6.60088 2.33683)
(415.055 0.317939 0.491477)
(388.922 12.2838 -4.5096)
(428.52 -1.9504 -1.49511)
(447.903 0.569558 -3.36549)
(399.451 -2.64519 7.98959)
(400.208 7.95971 1.44039)
(347.345 -0.00220609 0.037628)
(355.073 -12.5306 -9.1002)
(385.917 0.291157 21.0927)
(448.126 0.274479 0.198502)
(421.49 -2.16532 1.20564)
(415.924 -0.535726 -0.0212362)
(383.591 9.51414 -17.3305)
(449.767 -2.05552 1.17409)
(341.715 1.24037 1.207)
(447.107 -0.421056 1.61511)
(430.551 1.82987 -0.370914)
(378.643 -1.16629 0.933723)
(411.76 2.66566 1.87832)
(440.569 1.88486 -1.8156)
(377.207 -4.93011 -3.72352)
(406.133 3.56997 6.10659)
(433.034 -19.6815 -6.45428)
(434.768 0.809042 -2.57138)
(447.826 -0.421879 -0.178211)
(430.471 -0.776384 0.373767)
(441.348 -22.7754 -6.21524)
(376.975 -0.873792 -3.09907)
(443.273 -0.309266 -0.0278824)
(446.747 7.86214 6.67894)
(330.562 15.2517 -9.55377)
(447.697 2.21511 3.34569)
(329.057 4.14021 1.76185)
(427.205 0.156207 4.70242)
(449.213 0.821095 -4.72772)
(445.716 -4.87679 8.45166)
(453.326 -11.5315 -9.19471)
(407.483 19.3998 4.40763)
(457.911 -10.0035 15.6001)
(351.138 -0.0079452 -1.55755)
(318.766 19.9968 17.9975)
(448.937 -6.09179 5.18567)
(410.969 -2.22575 -1.64701)
(350.816 0.399384 1.36214)
(445.87 -4.78432 0.454281)
(419.619 -0.0979638 -0.109069)
(423.65 -0.0934324 -0.0525744)
(440.996 2.96559 -5.00146)
(366.598 5.01732 4.99543)
(362.888 4.64185 -6.33454)
(434.886 -3.80684 -3.6411)
(448.91 -9.76815 1.12345)
(415.679 -1.6866 -0.747754)
(431.172 -2.99578 5.74981)
(431.703 1.28938 1.62039)
(442.595 -0.756777 -0.521736)
(447.462 -6.71031 0.120332)
(444.049 0.524028 2.41797)
(418.564 0.404562 -4.2048)
(446.398 -9.3086 -13.538)
(397.64 3.84216 0.928223)
(407.971 -1.37008 4.51519)
(446.855 -0.240288 -1.39465)
(438.019 0.529977 -10.0396)
(452.442 -4.65787 3.67936)
(407.722 -2.3847 -9.85843)
(427.175 0.246537 -1.60471)
(422.011 2.33499 3.54338)
(435.865 0.172039 0.780597)
(417.933 6.5042 -16.24)
(398.378 5.18205 11.7772)
(452.096 0.285394 -2.05225)
(449.721 1.86126 7.10943)
(413.919 7.98004 8.4537)
(444.029 -1.48795 -1.67201)
(408.796 -0.988531 2.19046)
(407.179 1.88193 -8.0687)
(434.075 -2.45592 -10.6997)
(448.038 -0.663042 0.464329)
(416.714 10.6767 10.1151)
(446.12 0.806444 -1.94882)
(440.346 -1.35807 1.60945)
(426.848 -0.0925566 4.54325)
(427.077 -7.92918 -1.90074)
(402.749 -5.10016 -15.932)
(423.076 0.304294 -1.77978)
(413.02 1.56491 -8.03168)
(427.497 -0.0578858 -6.173)
(439.164 0.101913 -1.32404)
(443.885 0.541793 -1.79465)
(447.635 1.33098 -2.71731)
(430.572 -2.40722 5.30492)
(434.307 -2.80545 3.38791)
(423.482 -0.135409 0.440641)
(415.252 -1.69076 -3.07194)
(440.147 -1.83886 3.36408)
(404.114 0.577963 3.57133)
(448.269 0.0867911 1.17216)
(407.969 -3.80418 -5.12782)
(448.647 1.54431 -4.72407)
(420.092 -1.26993 4.37798)
(444.095 -2.61539 5.1918)
(428.938 -1.46323 12.4221)
(430.887 -2.68995 -1.07804)
(446.213 -0.600724 -0.669695)
(445.75 -5.2397 5.17515)
(439.454 -2.6821 -17.4407)
(433.263 2.93971 -5.91694)
(434.99 -2.55973 -15.1252)
(448.302 0.744334 0.325711)
(433.091 0.0208906 -5.97008)
(395.262 1.38135 -10.6304)
(447.562 -1.47538 9.26145)
(416.172 -0.4482 -1.56989)
(417.069 2.43007 -4.96164)
(447.809 0.0147614 -4.67405)
(447.496 0.116749 -3.13383)
(427.94 -15.7185 -9.77355)
(447.563 0.0146742 0.35113)
(448.92 -0.624276 -2.04209)
(437.322 -0.0965902 1.5461)
(431.972 0.418542 0.968708)
(446.395 0.119423 1.15893)
(446.658 0.126355 -0.543036)
(409.849 3.41667 -5.76399)
(410.906 -0.826802 0.851476)
(450.52 0.00484713 -2.15362)
(447.277 -0.0744613 -7.32869)
(446.58 -0.595001 -3.58636)
(431.533 -2.12943 -4.22436)
(415.744 3.08403 -10.678)
(449.532 0.106297 -4.43361)
(438.89 2.65435 0.79528)
(447.281 -0.0874785 -0.627695)
(448.368 0.338973 2.17464)
(427.704 1.41714 25.2032)
(445.053 -2.87218 -10.8443)
(443.132 0.431271 -4.51225)
(447.351 -0.15558 2.1275)
(444.433 -1.68554 -2.81102)
(425.382 1.14737 -3.2821)
(444.58 4.01565 2.88754)
(440.609 -0.0117909 -0.0853152)
(434.984 1.38272 0.903544)
(449.928 -0.242069 -0.404021)
(441.054 6.01741 -7.32776)
(442.791 -3.46608 -5.67324)
(421.287 0.791392 -0.813798)
(426.303 -0.834525 0.454194)
(446.037 -1.04757 16.071)
(429.836 -0.160732 0.424386)
(445.087 -0.117071 -1.04858)
(436.573 -2.26198 -1.02809)
(450.68 -0.147749 -5.98235)
(446.719 0.459083 -1.00526)
(415.725 -0.193545 1.56207)
(442.553 -0.179806 -2.19282)
(424.979 -4.39042 3.99735)
(445.979 0.341576 -3.87414)
(427.589 0.0496222 0.554397)
(443.708 1.00148 5.71496)
(413.813 -1.07063 10.9221)
(448.328 0.760301 -3.48957)
(448.185 -0.156125 2.14081)
(397.979 11.7283 -0.999467)
(429.796 -0.499357 -1.91084)
(446.909 -1.74422 4.02322)
(445.45 0.752075 1.89657)
(409.898 -2.42383 -0.023833)
(445.787 -2.06874 4.55886)
(448.614 0.505281 2.40505)
(425.341 4.98992 7.58251)
(448.966 -1.43619 0.808965)
(417.674 -3.93874 -4.55013)
(411.867 -2.56301 40.0137)
(447.357 0.152062 -0.296198)
(459.97 -4.04764 -4.36306)
(452.354 0.262648 12.4194)
(431.084 -10.0228 25.4372)
(434.471 -0.232576 2.02529)
(430.646 -2.75145 -4.51013)
(446.909 -0.0344037 2.38612)
(445.559 -0.503697 2.04969)
(447.865 -1.95131 2.09885)
(436.649 -2.38083 5.34538)
(441.602 -2.81972 3.58618)
(441.055 0.0203405 -0.393182)
(434.172 -0.591686 -0.297534)
(447.465 -3.37003 1.61282)
(446.569 0.0602726 -0.857303)
(433.263 -1.39206 -3.37751)
(431.223 -4.04878 4.61337)
(439.567 13.2568 -9.55262)
(447.556 0.0729547 0.180582)
(439.271 -0.37792 -1.17489)
(444.849 7.26976 0.632038)
(447.153 0.348824 -1.83747)
(449.633 1.38805 -5.34125)
(429.063 -0.035645 -2.20882)
(430.762 -0.642164 -12.0266)
(421.55 -0.693725 3.755)
(440.113 -0.531618 1.39085)
(444.156 0.118603 0.654791)
(447.615 -0.218885 3.32306)
(448.677 -4.26793 13.969)
(423.978 -2.53471 -4.72523)
(416.827 7.14379 -17.7822)
(446.432 2.51142 2.45953)
(436.256 3.22983 -1.46295)
(450.355 -0.914157 -2.55408)
(414.303 -1.61134 5.33793)
(403.997 -5.76803 -6.53606)
(426.455 1.86221 -1.60041)
(434.971 -0.129996 2.78625)
(416.322 -0.343246 -2.67688)
(424.678 -0.714493 2.75799)
(410.271 -3.67589 -0.964001)
(435.518 -0.232831 -0.317955)
(444.948 -1.02905 0.881399)
(457.775 -1.51555 23.2294)
(414.261 3.34451 2.08055)
(420.234 0.0500386 -0.102819)
(449.637 4.98681 4.70103)
(447.187 0.32156 1.93823)
(426.538 0.863823 2.71398)
(447.497 -0.153406 -0.909636)
(447.196 -0.734878 -0.865509)
(445.839 1.84283 -2.72174)
(433.099 -0.0185124 3.73519)
(432.288 9.631 -34.7863)
(427.657 -12.0667 -7.75972)
(446.6 -0.279161 -5.77005)
(450.95 1.16382 5.79694)
(405.076 -7.38446 -9.53865)
(439.49 0.415282 0.0632961)
(420.007 -0.433279 -0.930064)
(446.642 -0.449093 -0.139045)
(430.277 -3.41095 -12.5366)
(435.904 0.985232 -1.57922)
(446.25 -0.292995 3.32351)
(446.327 0.888921 3.3984)
(410.54 4.18906 3.68083)
(445.853 0.00452531 -2.15286)
(446.22 -0.304054 0.608957)
(419.787 1.98273 4.19226)
(429.654 -1.38184 1.5924)
(447.674 -2.92149 11.4078)
(423.367 -1.30572 -1.6413)
(424.848 -1.21742 -0.394275)
(423.7 -9.51872 -18.6793)
(423.655 0.370663 8.14905)
(449.74 -0.329434 -3.38359)
(448.203 -4.31364 -1.17758)
(446.697 0.132208 0.908258)
(434.826 -1.69187 -1.74678)
(446.546 -0.132291 -2.44137)
(447.982 -0.737658 -1.26623)
(414.839 1.22454 -5.34281)
(419.664 -2.72365 4.39155)
(412.188 -21.7547 8.14268)
(447.291 -0.0877749 0.474462)
(417.544 -3.64727 27.6553)
(450.246 -0.445946 2.29466)
(434.899 -5.25472 6.04297)
(416.179 -1.50338 -2.21305)
(445.492 -0.331065 1.12314)
(442.594 0.114664 -2.41104)
(438.618 -1.39486 -5.67576)
(436.177 0.0430303 -0.831897)
(445.958 -2.78783 2.41361)
(411.658 -4.30977 28.143)
(448.037 -0.559873 1.93179)
(421.441 -5.83106 5.28746)
(429.482 -0.117311 0.190916)
(452.019 -0.559796 -4.69999)
(447.8 1.05663 1.026)
(426.883 -0.320368 -5.90071)
(429.547 -1.36943 -1.08919)
(285.242 2.19677 -20.4059)
(448.347 -1.73993 2.72717)
(297.487 14.1463 -0.0657712)
(359.93 -10.5562 -40.0632)
(322.82 6.59227 -3.89521)
(364.431 -1.75385 4.39177)
(317.472 2.17645 -7.02842)
(269.292 11.6372 -3.0909)
(287.893 13.4718 4.87079)
(276.798 13.3606 -14.9094)
(378.681 -0.0338784 2.29789)
(311.358 1.50948 0.533039)
(372.142 3.59379 -15.793)
(378.549 1.59316 3.30884)
(412.099 -11.3088 9.29824)
(345.439 -14.1656 23.6488)
(379.767 -10.9406 -11.4368)
(389.723 0.384517 -6.84832)
(415.023 -6.35769 -1.06696)
(411.392 -3.94399 -1.32081)
(327.836 0.378993 -0.173162)
(406.621 -3.93184 4.90759)
(380.504 -1.74768 2.76612)
(372.42 1.91481 4.50397)
(288.168 10.4257 7.23585)
(289.453 12.6818 -0.49417)
(404.098 -6.51789 -20.3179)
(337.218 12.416 3.43714)
(396.533 0.0877276 8.1614)
(369.546 -12.3009 -18.784)
(351.643 7.34808 -8.23293)
(359.838 1.87527 -4.39387)
(367.066 7.92233 -2.53583)
(416.22 -0.00545556 0.501093)
(365.547 7.20763 4.75506)
(346.727 4.10667 -8.93182)
(416.663 -2.65425 0.0612959)
(377.872 -1.62165 9.13968)
(380.921 16.0308 -7.00162)
(412.136 6.02936 6.36652)
(403.884 -2.37251 7.80892)
(412.923 9.23154 1.92057)
(336.978 10.6809 1.96365)
(339.756 2.67098 -1.42333)
(414.684 -1.51456 0.515493)
(408.513 2.14996 -6.27779)
(427.555 -8.70782 -0.620677)
(429.054 -1.15199 0.19983)
(412.352 32.5647 -26.7136)
(396.837 4.9753 -5.79198)
(340.527 9.00375 -6.82178)
(304.875 -4.94456 1.0175)
(344.879 1.36891 -1.7001)
(377.609 0.601881 19.754)
(350.247 5.63981 3.67673)
(419.3 1.5283 0.694821)
(418.816 -15.4813 18.1344)
(400.834 5.42891 11.3581)
(409.029 0.750667 9.19752)
(402.227 -4.92994 5.02026)
(424.687 0.289934 1.83177)
(434.033 -0.00905279 0.00562967)
(417.276 0.217561 1.342)
(371.235 4.05755 -6.02234)
(438.909 -0.559515 -0.805936)
(425.111 -0.614684 4.98663)
(381.282 10.3083 2.56289)
(446.832 -0.0578691 1.73126)
(383.132 7.79841 -17.7163)
(389.817 -9.42747 -2.77649)
(359.225 8.65045 3.13083)
(355.889 4.08052 8.78069)
(421.526 1.03671 -6.32271)
(397.355 -6.40149 27.0755)
(437.443 0.390709 -2.43381)
(445.435 -4.19744 4.92491)
(326.758 14.9592 11.9082)
(347.713 6.68244 -1.11278)
(401.896 0.312219 3.37383)
(449.625 1.22708 2.38678)
(391.784 -7.00593 -0.363664)
(311.666 3.24074 -2.38595)
(440.473 -11.8566 -5.78903)
(418.789 -0.269103 -0.917382)
(394.586 -7.58567 -4.74765)
(430.962 0.397419 1.54574)
(428.755 -2.56137 2.61011)
(446.594 -0.303249 1.60932)
(370.338 0.428674 2.83317)
(375.284 3.28188 7.40866)
(439.997 4.47633 -4.24473)
(391.658 -1.40733 -7.56861)
(345.684 -0.467506 -0.737541)
(396.246 -0.918393 0.0455858)
(446.922 2.0518 3.17034)
(429.739 -2.29317 0.834937)
(427.647 -11.7317 4.8894)
(423.536 6.80496 4.54588)
(339.054 4.37758 -1.59189)
(440.221 -6.36694 -1.27691)
(330.692 12.4865 4.08526)
(378.218 15.3343 -5.47771)
(388.984 2.23625 -10.1341)
(427.081 2.36774 0.793726)
(346.261 -0.305016 -0.129164)
(437.073 -1.93815 -0.294363)
(409.639 -2.92645 -20.5544)
(433.993 2.75068 -0.526703)
(330.173 10.5182 -6.59405)
(256.268 2.24973 -2.45468)
(446.349 -1.50101 -4.53721)
(380.581 -0.662034 -0.155149)
(423.135 -2.26352 0.510766)
(437.007 -12.2045 2.64175)
(440.551 -4.00194 -4.60262)
(447.791 -0.00457963 -0.154678)
(396.329 12.2497 -11.4531)
(353.999 2.27609 -4.73455)
(341.199 16.0676 -11.672)
(426.446 -0.18229 -1.81737)
(396.988 -0.470285 -0.291726)
(379.5 -2.44788 -1.68423)
(427.154 9.38039 0.0194201)
(261.779 17.9586 12.4171)
(219.86 28.7466 0.0672105)
(389.9 -1.02412 -0.164115)
(446.716 -4.60737 -0.386841)
(286.771 2.1652 2.99299)
(421.623 -0.76628 0.211134)
(351.112 11.8494 3.1108)
(420.459 -5.85658 7.84452)
(277.99 -2.61305 -2.39498)
(398.6 5.64764 -3.7773)
(383.517 6.06925 -22.4453)
(397.957 -7.14261 -4.76742)
(404.547 2.29335 -3.00804)
(402.133 -1.76334 -13.9629)
(424.135 1.31753 -5.96367)
(394.609 -1.01838 1.16421)
(371.239 1.4993 6.86679)
(384.407 0.164905 6.83487)
(386.214 7.68041 8.86119)
(366.465 0.341295 17.619)
(388.636 8.64042 7.62969)
(333.133 13.0218 -3.47979)
(385.055 4.54015 4.72005)
(403.96 1.70951 -8.53807)
(390.457 -5.04684 -1.61234)
(371.808 -8.1991 -13.5783)
(382.438 -3.03268 -4.92643)
(390.209 5.19973 8.1264)
(406.166 1.35532 3.28354)
(343.352 6.65043 -31.239)
(375.088 5.14729 -20.9144)
(361.381 -2.84955 9.33772)
(363.178 11.8974 -27.0407)
(368.776 6.82953 16.3197)
(370.868 0.0951637 1.73585)
(371.346 3.49449 -2.31244)
(400.051 1.57742 2.52382)
(400.147 0.370383 1.50832)
(396.403 7.65724 8.09683)
(372.214 3.08448 -12.1312)
(390.671 0.0286427 -0.317336)
(398.294 -11.3412 6.37717)
(379.322 7.48443 20.0733)
(380.569 -0.162673 0.815619)
(380.202 -0.155964 -25.5585)
(386.508 2.04289 -4.77948)
(375.449 -0.0637533 0.2509)
(379.635 1.02549 0.832496)
(330.069 2.33059 28.1)
(379.229 -0.442028 4.06668)
(377.511 -0.543959 -1.64164)
(417.827 3.71473 22.9014)
(378.359 4.01822 5.17875)
(370.446 -0.930992 -4.77945)
(410.726 2.04443 -7.40983)
(406.756 -8.38063 -13.0892)
(380.384 4.77685 -18.6186)
(344.263 5.41119 -13.118)
(392.436 9.34055 43.2137)
(365.067 -0.362294 2.8362)
(396.722 -2.33243 3.43748)
(405.754 2.25298 -23.268)
(407.096 -0.262268 -16.1162)
(381.624 -2.17602 17.39)
(353.725 5.52263 23.7477)
(364.527 5.95052 3.46347)
(407.81 -1.98438 -2.2192)
(406.182 7.63606 -7.5091)
(385.652 0.00541517 -0.917552)
(392.535 -1.04539 10.7832)
(396.199 -1.02029 1.00741)
(371.88 -2.02961 8.47631)
(401.215 -5.1601 -10.3493)
(398.404 -0.530159 0.877933)
(397.843 0.172819 0.584078)
(415.397 11.4121 33.7651)
(375.617 -0.0767392 2.07662)
(400.706 2.23294 2.38158)
(401.676 -33.8849 35.7059)
(391.287 12.7978 21.6689)
(370.407 -9.70592 15.1408)
(370.214 0.370848 1.23369)
(377.034 -0.260144 1.63433)
(379.965 6.43522 5.96061)
(388.903 9.51726 -14.6027)
(356.988 -0.547203 -12.1881)
(395.429 -0.0234622 -0.328484)
(395.07 0.864619 8.96606)
(400.345 6.6349 21.3304)
(369.322 0.240133 2.39297)
(399.782 0.504618 -3.10966)
(403.123 -8.05741 -14.0138)
(405.345 8.19188 -1.17475)
(394.476 -0.0925291 -0.506533)
(392.66 -7.71185 -9.40191)
(430.303 2.49406 33.5291)
(389.34 -3.87683 19.305)
(337.9 -4.85354 -17.5198)
(354.593 -13.8003 -13.1414)
(390.799 6.14079 32.263)
(374.541 6.90675 3.12808)
(352.709 -0.822034 -9.95317)
(361.576 -0.229701 -1.47862)
(382.954 -8.76973 -15.5782)
(381.255 8.1708 -15.138)
(390.012 -10.0347 5.98015)
(386.033 -7.92956 -4.47582)
(376.967 -0.591715 -2.10614)
(376.116 5.8297 9.54327)
(364.657 0.482548 -3.23179)
(347.142 -0.13416 -12.8917)
(367.691 -1.50903 -3.39031)
(403.286 -2.28669 2.31873)
(381.675 -10.7477 19.3484)
(384.458 3.66062 18.6716)
(386.006 -5.20094 -14.5836)
(396.081 -3.23553 5.64636)
(400.807 5.25398 -6.64361)
(373.015 16.2837 7.11903)
(315.045 28.2172 -1.37558)
(380.929 1.26348 -0.926394)
(367.298 -10.2361 10.5787)
(378.9 -1.08283 -2.32979)
(385.48 2.5782 -16.2979)
(360.285 -0.190553 6.50951)
(408 -1.14142 -0.671738)
(367.938 -0.112253 -1.08504)
(417.935 6.38668 -33.4889)
(413.143 9.06592 -5.02504)
(390.154 0.091194 1.06057)
(373.446 1.75643 6.17281)
(379.659 -1.57981 16.4718)
(405.706 0.0241007 -8.7567)
(368.5 -0.0792957 10.1896)
(407.374 -2.41553 9.14645)
(390.556 -6.24374 9.38679)
(380.35 -0.0479503 6.05084)
(368.557 -0.95859 -6.43011)
(378.642 -1.63676 4.04244)
(427.011 22.1506 1.045)
(377.499 1.14919 -5.79466)
(394.938 -2.53879 -51.5398)
(364.479 11.0064 17.179)
(393.228 -3.02059 -5.13275)
(415.712 2.60852 -7.6043)
(405.714 0.221416 -7.24384)
(385.514 1.41133 11.6345)
(372.805 1.40468 -6.08031)
(361.396 -0.0874742 -4.5457)
(380.256 0.127341 -4.55561)
(382.944 0.0753237 -1.38014)
(405.732 3.55412 -15.9263)
(384.724 -3.07215 4.57065)
(394.476 -0.495119 -0.931614)
(359.972 1.86919 -10.6328)
(371.514 2.2647 11.8051)
(362.36 -6.5563 -6.16714)
(381.082 2.1688 -2.28762)
(369.649 0.0767593 -0.23616)
(373.553 2.86932 11.6664)
(398.264 3.47709 -12.0389)
(390.035 2.82476 11.9502)
(376.277 7.37367 8.17428)
(408.025 0.0166248 -27.3583)
(378.004 1.51553 -1.46818)
(396.444 -1.03308 2.01251)
(386.781 4.94175 -2.43411)
(401.918 -2.29343 1.21944)
(393.917 4.39709 20.1988)
(364.604 -0.861285 -5.30577)
(401.652 1.60339 -3.19901)
(367.554 9.07622 -2.37204)
(397.041 -4.41821 24.4487)
(407.155 -3.85076 -1.98487)
(407.48 0.0874443 -2.80058)
(371.903 1.05411 -2.75377)
(387.333 -10.0917 -11.9985)
(369.545 -0.0259141 -0.153144)
(383.112 -1.48673 49.2383)
(382.193 -0.952655 -10.1371)
(384.507 -5.97795 5.27001)
(377.8 -0.125144 1.25539)
(380.029 -0.955525 -0.375621)
(395.177 5.26321 -13.5684)
(403.881 -4.56591 30.224)
(398.104 0.165329 -3.46155)
(403.156 0.381571 -0.795904)
(374.442 3.65395 -5.27272)
(379.941 -0.941106 2.07442)
(370.397 1.62074 -13.5506)
(368.492 1.67305 -9.70171)
(379.803 1.35776 -13.1796)
(395.558 -0.284648 4.41039)
(375.361 -3.55988 11.7363)
(381.449 3.98077 20.9362)
(404.248 0.0219345 0.0385088)
(401.318 1.61268 11.5635)
(383.784 -5.08843 -24.8098)
(363.213 -0.484417 2.48985)
(393.133 0.044174 0.426798)
(395.93 0.400826 2.22761)
(371.009 0.487582 -0.745202)
(366.233 -0.709481 -9.38813)
(366.256 -4.38185 -10.2379)
(388.385 4.64079 8.82278)
(360.513 -3.74504 -6.84411)
(394.265 10.7475 43.8955)
(318.298 -6.67735 -12.3927)
(363.368 -2.74762 -1.85841)
(354.098 0.128821 -5.44807)
(405.182 -5.96341 5.82339)
(363.788 -0.621222 -0.628233)
(381.169 10.3147 8.76052)
(374.393 -0.701362 7.03575)
(406.336 1.29784 4.46827)
(390.549 0.97904 10.7449)
(373.891 -1.03082 7.65156)
(365.742 -9.49843 17.5613)
(361.025 -0.466267 1.23128)
(373.819 1.85682 13.442)
(388.491 0.0424811 0.4869)
(393.103 -11.1854 12.6701)
(389.701 1.55967 -5.8847)
(368.633 0.802254 0.621608)
(398.4 4.62389 11.9406)
(355.055 -6.05395 9.13151)
(355.578 21.8609 8.74169)
(383.062 -1.65734 -30.5819)
(365.526 1.20034 9.42253)
(392.44 8.74221 -3.15264)
(351.384 -1.83022 -26.5928)
(348.124 -11.9773 11.7095)
(360.164 -0.308149 -11.1702)
(390.829 -0.297006 -1.14479)
(371.652 2.79922 -11.7822)
(376.678 -0.94669 3.44876)
(394.364 6.16119 -0.474035)
(368.348 18.7612 -15.6626)
(357.679 -10.1154 15.0941)
(386.705 -0.135485 -0.507315)
(359.354 1.47277 14.0318)
(378.989 1.96772 10.2694)
(349.264 -16.5851 -25.6731)
(380.449 -0.636852 -1.4953)
(350.868 3.65531 20.0826)
(391.359 -1.9712 10.3931)
(384.844 -8.70589 13.0448)
(367.402 -7.28928 -32.1622)
(400.973 -1.12251 -2.42755)
(378.459 0.0724842 1.49767)
(408.765 0.237749 -0.743629)
(382.089 -26.9664 -25.0156)
(385.075 -1.11019 -8.58829)
(380.397 8.29894 -7.24145)
(370.267 -10.0826 9.43057)
(386.183 -9.61247 14.9392)
(396.569 -3.91787 -3.71437)
(369.254 12.6904 -20.4819)
(393.741 -3.02078 -2.47284)
(371.077 2.72974 -5.20391)
(358.69 -45.7526 -20.4888)
(328.415 -20.7615 15.466)
(300.384 1.87092 0.658443)
(279.205 3.71359 5.39843)
(304.434 -0.545914 0.816865)
(399.134 1.44673 2.39549)
(320.058 -4.22166 31.8554)
(326.784 20.2342 -6.28993)
(310.756 16.7971 -12.0487)
(334.884 -28.8624 0.775899)
(361.833 14.8883 10.1956)
(346.984 -1.77924 0.0511095)
(387.848 -6.40359 -20.0065)
(348.073 11.6728 -4.31854)
(357.89 0.0709239 0.626632)
(348.692 -4.04987 -2.9854)
(361.222 -0.829227 -7.66286)
(357.971 9.5573 13.7995)
(333.144 -2.996 -5.26116)
(351.067 -0.235394 -0.509907)
(357.896 5.07857 -1.825)
(373.018 -19.8471 2.41254)
(344.099 -0.603367 -0.998732)
(352.145 0.926144 3.365)
(351.757 -0.368198 4.33515)
(384.87 7.61144 -2.46399)
(346.94 -2.41107 -9.144)
(349.304 9.85341 3.58293)
(359.928 -0.123998 0.342106)
(366 -1.00742 -0.151755)
(363.031 3.42192 -7.04151)
(323.631 -0.0137289 -5.05746)
(359.415 -2.0053 0.985078)
(348.887 1.73834 1.39198)
(326.461 1.28061 7.00832)
(375.853 -4.86176 -1.81251)
(347.052 -16.1599 13.2944)
(391.892 -3.92705 -22.4619)
(308.639 12.1753 -5.60358)
(298.66 13.9212 16.1489)
(333.005 -1.15066 -0.783998)
(322.388 9.32789 -10.7474)
(375.971 -2.89165 -11.7025)
(359.458 3.42887 0.491182)
(428.635 -20.1799 19.827)
(395.023 -1.37464 4.16418)
(374.985 -12.9641 -18.2598)
(363.582 4.99232 13.1745)
(335.942 0.412038 -6.60949)
(347.863 0.442734 1.45958)
(337.14 -14.3392 1.24441)
(359.555 6.49766 3.82565)
(318.089 1.99397 -5.78506)
(313.002 -3.51653 -6.93639)
(401.202 -6.72972 -5.64456)
(371.858 0.667853 -0.81723)
(312.088 10.5582 -19.1956)
(374.062 0.0453643 0.410077)
(261.14 40.0549 -17.9899)
(326.517 1.06877 18.7961)
(350.114 -6.35039 -22.2087)
(271.045 6.83838 7.42337)
(254.962 3.01149 11.6509)
(298.442 1.69864 3.32637)
(351.808 0.85554 11.2269)
(391.195 -2.00234 0.932814)
(376.892 0.480502 1.42344)
(382.051 -0.0161283 -0.723672)
(365.793 3.50196 8.14611)
(360.145 16.9313 -9.14113)
(371.935 1.05909 -1.11558)
(356.178 18.2614 -12.1477)
(379.86 3.35333 6.21702)
(356.601 3.3971 4.41975)
(318.92 -13.109 12.9367)
(384.831 -2.79843 0.576532)
(383.515 0.638756 3.12329)
(375.625 13.3336 -9.04479)
(370.773 10.25 10.469)
(387.722 0.0118633 2.87237)
(332.21 26.1905 -2.42754)
(382.532 4.83067 -1.75755)
(298.877 16.0303 10.4283)
(408.633 2.08314 14.5895)
(317.111 -0.141929 -0.08319)
(367.535 3.69955 -0.185279)
(352.526 5.84439 -0.463921)
(337.107 -8.55424 -3.94341)
(379.192 -1.11887 0.431142)
(385.159 -0.76212 -1.81309)
(307.611 8.2299 -8.81926)
(360.908 -1.8898 5.12019)
(380.348 -0.61565 1.76975)
(370.225 -1.48897 -0.579983)
(394.046 5.97263 -2.49102)
(384.016 -0.3076 5.09133)
(360.151 12.0952 9.7549)
(302.438 18.8566 -9.11615)
(376.309 -12.8804 15.6042)
(374.478 0.0143959 0.864534)
(415.792 -19.3513 10.2281)
(387.585 1.22039 2.22614)
(396.714 3.88877 -2.36122)
(369.265 10.0939 0.97187)
(369.662 -14.2922 12.2167)
(377.8 9.62066 9.88091)
(402.89 -6.67914 1.94163)
(372.88 3.40717 -12.7504)
(360.328 6.94018 -2.79604)
(389.45 0.787998 0.983129)
(401.426 -11.5939 -4.77768)
(394.566 -0.837475 0.039453)
(362.253 -6.45914 -27.9337)
(405.412 1.455 0.204384)
(400.254 0.830581 0.920236)
(378.603 -1.04678 3.67018)
(323.88 8.7843 -3.00014)
(382.621 -6.79958 -2.86606)
(381.693 0.420381 -0.495929)
(388.859 0.568994 0.827056)
(312.797 8.65761 1.70394)
(394.057 -1.8746 -23.8797)
(382.824 6.69014 -35.8525)
(400.67 -7.17268 -2.17436)
(303.465 8.92534 1.64001)
(399.93 -29.5698 2.57744)
(342.017 5.3218 -14.008)
(341.896 9.69413 -20.6656)
(379.653 -19.9779 25.854)
(338.292 -9.73743 -26.0007)
(340.808 5.78799 -4.48569)
(344.499 -1.28309 17.3888)
(342.932 4.23807 2.78204)
(353.518 5.00525 7.82246)
(385.12 -12.1165 28.6415)
(338.459 -1.44187 -19.7591)
(357.452 0.902181 -13.6069)
(346.968 -15.1267 -5.93794)
(341.973 22.6514 -25.383)
(358.339 -1.58112 3.1036)
(339.865 -3.73895 13.7445)
(321.025 -5.75886 13.6069)
(340.996 -0.610443 1.36835)
(341.588 -2.08511 -5.32109)
(343.93 8.4897 -4.39963)
(352.91 -5.87603 -11.3899)
(358.611 4.08371 0.464857)
(351.894 -7.84593 6.42948)
(344.645 -12.28 4.31221)
(356.358 -0.0595055 3.42128)
(351.778 -13.0409 -23.8453)
(322.57 17.9304 5.28563)
(360.586 -0.303373 -11.4351)
(344.009 0.894951 -24.4077)
(333.655 -21.0304 -27.7352)
(342.689 1.58553 -3.77245)
(341.636 0.817841 1.71191)
(344.993 0.548776 -4.48407)
(355.817 -3.68588 -16.4488)
(341.643 -4.6158 17.7072)
(330.275 2.29601 -6.17331)
(351.748 -1.22836 22.7385)
(340.134 6.84569 7.91548)
(341.614 0.21287 -1.75307)
(356.469 6.32784 1.13764)
(322.558 11.7228 17.1356)
(335.381 0.858844 -2.2706)
(361.302 -2.93645 -18.3522)
(344.736 -0.607771 0.298801)
(330.868 -0.76928 -25.5475)
(367.259 8.12348 -15.3636)
(325.36 -3.72956 14.7524)
(344.91 -0.107653 -11.4803)
(339.367 13.488 -12.9124)
(364.147 -0.71061 3.19794)
(353.507 0.391016 -0.913788)
(365.372 -10.9719 -18.5764)
(340.006 1.93444 16.6054)
(359.626 -1.30564 0.911823)
(321.78 6.27068 43.7195)
(347.12 -28.8965 47.1529)
(347.568 0.339197 -1.58189)
(340.376 -5.74404 7.45144)
(355.927 -0.00668316 -0.96003)
(347.274 1.23252 9.24615)
(348.072 17.8391 -6.45476)
(335.445 -0.224388 -3.42279)
(336.667 3.62889 9.52564)
(353.113 0.636311 4.43098)
(336.717 6.6321 23.237)
(347.87 -0.409201 -3.09646)
(384.805 0.52231 24.88)
(330.347 9.38968 33.8301)
(355.075 -14.5477 10.8218)
(343.104 -1.52052 -8.67147)
(349.972 -0.0961775 -0.526505)
(357.704 -2.18863 -10.8522)
(361.998 1.62878 -4.92539)
(351.903 0.395647 -1.44245)
(346.611 -20.814 23.7561)
(343.812 -0.731775 -1.28493)
(372.226 -7.64591 -3.06422)
(322.746 6.62402 -15.9795)
(333.055 -0.981573 -3.99574)
(349.66 -0.0399055 0.686484)
(350.347 1.76128 0.328668)
(362.646 0.256496 17.8057)
(371.426 -13.0089 31.2804)
(338.992 -3.9648 1.01551)
(357.204 1.68196 5.23115)
(344.745 15.601 -8.07893)
(355.696 -6.68116 32.1414)
(364.373 -2.64373 10.9075)
(352.874 -0.74709 3.34359)
(335.595 -0.242761 -0.698768)
(324.276 1.41307 9.49458)
(358.296 4.87756 4.53449)
(345.161 11.528 -7.86031)
(339.238 5.19374 -8.78293)
(337.781 4.40019 13.1512)
(342.588 -1.84245 3.0671)
(350.174 -0.431539 -2.36295)
(345.201 -0.236001 -3.43187)
(335.981 23.6773 22.2273)
(354.086 -6.11158 17.9997)
(361.868 -3.31122 5.54473)
(358.583 -0.0635559 -0.566638)
(335.996 -11.2126 7.54674)
(355.207 0.0267119 -5.12663)
(332.931 0.86385 -4.03175)
(335.121 -0.328513 -0.318701)
(342.906 -2.92161 -5.51663)
(344.858 -0.015116 0.0493472)
(351.454 -9.94554 -5.06781)
(342.774 -1.0478 8.73224)
(345.947 -0.376614 -1.90439)
(356.206 -1.04568 -13.2342)
(322.736 0.536186 -4.39399)
(353.367 2.88852 -1.1031)
(322.548 2.35302 -1.55288)
(344.789 -5.10539 -22.6053)
(339.143 -7.34546 7.8571)
(348.652 2.31387 9.11618)
(337.384 4.50478 12.1277)
(334.142 1.91109 -25.2821)
(346.828 0.215028 -1.46193)
(376.889 0.660965 12.0912)
(369.369 -9.75905 18.7405)
(345.277 -0.0510763 0.78506)
(350.855 -15.0167 -30.0111)
(332.567 0.646129 -4.12723)
(331.637 0.726814 -11.4162)
(317.904 -2.98935 -13.7691)
(356.245 -0.478225 1.35478)
(358.267 2.27353 -0.755)
(353.064 -3.69289 -5.68807)
(340.377 -1.07666 11.2241)
(357.982 0.778923 6.53529)
(357.333 2.69492 7.50969)
(347.571 -3.1794 0.778505)
(350.404 -0.299964 1.19829)
(332.899 -0.623829 -11.5048)
(334.835 0.685088 1.3402)
(355.123 3.83322 -13.1701)
(338.817 0.345672 -1.70429)
(342.906 -12.7535 28.4432)
(331.666 9.6264 9.52634)
(329.629 3.32346 8.51498)
(359.106 -0.590863 2.98091)
(344.599 -7.40916 -7.96553)
(335.076 -0.685111 -1.87309)
(368.727 -0.0440648 14.2314)
(345.667 9.14727 5.27006)
(368.054 18.4952 -20.5159)
(359.074 -2.58532 -12.0074)
(342.419 3.22747 -2.243)
(357.642 27.9524 -28.1305)
(356.746 3.09287 7.17097)
(364.343 -4.89134 8.71298)
(354.846 -5.39456 -13.7491)
(340.354 4.33821 2.42084)
(347.405 -0.15557 -3.35572)
(339.927 2.6932 -2.22863)
(356.83 -19.2024 -0.366089)
(368.099 -8.3315 17.2311)
(353.159 0.692584 0.638532)
(370.013 7.52815 23.6302)
(358.547 3.54977 -15.3415)
(348.077 2.9438 9.32283)
(335.944 -3.13423 2.41049)
(358.524 -5.65806 5.3503)
(357.125 29.7509 -43.751)
(362.065 0.154505 -2.43576)
(299.862 -13.8327 -10.7439)
(364.118 -1.64108 24.3817)
(349.875 -4.5106 -3.58048)
(338.336 -0.0326065 0.0639621)
(334.217 2.16584 6.72442)
(349.469 1.69849 -4.47337)
(350.192 1.36704 -1.10667)
(336.904 4.34002 -4.82821)
(338.514 -6.20437 -7.18543)
(320.797 -10.0249 15.5457)
(324.404 -13.4115 15.3013)
(355.91 -0.375698 3.26191)
(245.488 20.8923 -7.62417)
(269.002 34.257 -11.3377)
(251.878 20.7485 3.53946)
(288.218 -4.24088 -3.801)
(332.521 -11.2102 -5.43898)
(270.418 -0.598515 -0.469022)
(245.548 25.676 24.4527)
(268.543 8.93606 0.29877)
(312.415 9.41779 -1.32154)
(290.769 3.28145 3.86101)
(281.297 8.71164 0.590472)
(295.255 17.6002 -14.4755)
(274.356 1.03544 -9.4021)
(312.316 18.7833 -4.30126)
(330.991 -1.2833 -0.0358569)
(240.092 32.4208 17.9756)
(339.612 0.852179 12.4011)
(321.958 9.77878 -4.65956)
(327.916 0.886659 0.362539)
(322.178 0.937628 -2.70626)
(317.877 -14.6145 22.2247)
(335.316 0.51143 2.44148)
(339.556 0.657954 6.3014)
(336.712 0.00728627 0.0404393)
(346.538 -2.19985 -6.43946)
(326.779 -0.538308 0.0824395)
(340.108 1.9052 -1.47875)
(361.002 1.04468 -2.11827)
(332.87 -0.268963 -0.0391833)
(252.796 36.0462 -11.8449)
(330.039 -3.16624 4.80623)
(333.994 4.99356 2.42803)
(316.379 14.0852 7.7908)
(271.988 7.0031 17.0704)
(341.931 -4.03861 2.71383)
(330.382 -0.309984 3.08115)
(252.81 19.4795 6.69072)
(327.055 4.84008 12.1176)
(321.718 -3.17523 2.54125)
(283.087 1.11952 1.13396)
(310.186 13.3565 -8.93252)
(273.487 5.62701 -1.75905)
(341.266 0.0708706 -2.0784)
(323.511 8.33046 -0.156712)
(318.884 -0.424258 2.51365)
(334.806 -2.05589 9.86015)
(311.363 6.96799 -2.37655)
(332.142 4.13194 7.22085)
(318.39 -4.87062 -5.10807)
(323.513 13.4343 -18.9082)
(338.92 -5.59724 11.3862)
(345.066 0.503733 -3.70019)
(302.892 38.5299 27.5533)
(331.294 -11.3828 5.28735)
(333.708 -9.17898 7.13251)
(341.348 -0.389492 -0.0532526)
(293.269 12.8974 -15.97)
(320.792 0.642802 20.913)
(339.688 1.39754 1.5806)
(325.107 0.315493 10.2686)
(296.185 16.5978 21.471)
(355.572 9.94074 -15.3282)
(331.48 -1.88456 4.402)
(332.564 0.887031 8.80222)
(345.103 -0.414359 0.499)
(351.379 2.44069 -14.4891)
(344.305 -5.5868 -6.61741)
(329.407 3.97043 10.4743)
(272.229 23.7429 -1.12528)
(220.553 34.9335 38.4944)
(369.993 0.917678 10.6889)
(304.693 4.76488 7.1887)
(337.541 6.25011 -18.493)
(347.489 0.0489303 -0.160874)
(338.868 3.7698 -8.41584)
(348.376 -2.22197 9.19536)
(344.42 -1.37314 -2.27605)
(349.388 0.653981 -0.670908)
(345.294 2.81504 1.93879)
(278.596 13.4243 12.6517)
(352.715 1.47239 4.48011)
(280.366 14.5287 16.7331)
(340.122 0.540236 -0.970555)
(325.038 21.3747 -2.80516)
(332.243 -0.79459 2.38053)
(307.271 11.7483 25.9731)
(335.231 1.30419 -2.5313)
(340.594 -0.969196 -0.512375)
(323.497 21.8631 48.8717)
(319.003 7.47862 0.650547)
(325.173 -2.97774 -0.357251)
(349.003 -0.0104599 0.00140726)
(350.178 4.38447 -0.46887)
(311.829 13.285 4.14086)
(265.536 3.09911 0.494121)
(318.359 4.94259 -6.71314)
(346.592 -0.309588 -0.115614)
(338.366 8.03404 -3.32374)
(332.047 7.12174 -17.0999)
(346.747 -0.563585 0.336692)
(285.176 15.1434 32.2162)
(361.84 0.712014 -2.16071)
(345.036 8.77264 -7.98669)
(351.633 0.280218 -0.445735)
(321.243 -0.0659951 -2.05)
(362.12 -3.95888 -2.22191)
(378.408 0.130694 1.14867)
(224.135 26.0386 -25.6073)
(339.983 1.24648 0.114227)
(307.957 -1.12477 1.65504)
(350.051 2.39338 -1.68323)
(338.847 2.91229 -0.874111)
(329.246 8.82504 7.76427)
(347.298 -2.08115 -3.2842)
(335.593 3.0349 0.60931)
(310.039 12.0006 -1.39842)
(334.439 -3.76254 -3.33304)
(346.941 -4.53661 -1.28855)
(353.683 -0.804841 0.741115)
(277.346 6.3897 9.68191)
(308.845 13.8279 -3.56271)
(304.422 24.5694 11.6316)
(349.93 -4.68563 3.9521)
(329.608 16.1133 18.6451)
(357.763 1.67742 1.41411)
(356.401 0.425042 0.0736385)
(336.263 -1.2044 -4.4129)
(324.54 4.00287 -20.3445)
(352.009 -0.870851 29.4462)
(336.261 4.30623 -5.98798)
(327.649 -3.58545 -13.1988)
(319.634 -5.24797 -4.13335)
(314.142 -0.959191 -14.1052)
(326.606 0.885679 -5.06402)
(321.456 -6.92299 2.80591)
(341.645 -7.48861 -13.4963)
(326.303 4.1213 2.12557)
(327.916 -3.0401 4.09108)
(332.016 -0.739257 -9.0346)
(336.007 0.0470483 -5.88556)
(314.494 8.5395 8.03771)
(294.997 4.29014 27.0312)
(336.16 -1.39013 13.8121)
(335.415 -2.40656 -8.18387)
(310.092 3.43899 17.5161)
(369.36 -9.54196 27.8219)
(302.962 7.42691 -9.15889)
(303.69 3.20168 7.53186)
(348.273 1.59814 10.1857)
(307.881 2.67475 11.7902)
(299.712 6.91309 10.6207)
(312.815 3.21118 -7.81663)
(321.051 1.5344 -7.33346)
(330.683 -0.303278 1.58054)
(346.678 14.8496 37.3292)
(312.713 3.11716 6.12837)
(337.522 -0.540181 13.5436)
(334.721 0.285077 -1.81562)
(321.513 -2.16849 -10.4398)
(328.658 0.157224 0.642863)
(330.249 2.81417 1.08006)
(325.786 -1.24108 21.2046)
(318.423 -10.8682 -18.9003)
(334.991 -7.00092 -12.8855)
(339.161 20.7786 -15.4732)
(333.858 -5.86011 11.8654)
(312.06 -11.4015 13.3849)
(326.226 -1.59033 2.36154)
(337.798 0.248422 6.36623)
(332.31 -0.397958 -2.72863)
(317.95 -0.227334 2.84093)
(302.217 6.93208 16.8378)
(314.936 -0.0275343 0.401333)
(330.965 3.60477 7.21921)
(306.677 7.23928 -12.036)
(330.628 -1.33445 -30.3247)
(320.522 15.5846 -6.85769)
(313.118 -4.68158 5.90516)
(333.231 -0.195885 1.61065)
(349.692 1.53804 -22.5155)
(331.693 2.67443 5.42688)
(314.551 13.8631 -7.33758)
(265.347 3.34603 14.2885)
(334.619 3.05785 15.5383)
(324.134 -0.270358 -1.24739)
(296.075 -6.01178 -16.8256)
(310.955 -1.41177 8.76974)
(318.805 11.5857 12.6816)
(330.612 -0.399528 3.52604)
(324.628 -2.64828 -6.70518)
(324.553 -3.55247 6.71033)
(316.92 -0.537963 0.961426)
(324.702 -0.327671 0.389107)
(340.677 1.4214 0.435764)
(301.95 9.06658 5.14439)
(316.155 1.80931 -9.73614)
(333.423 13.535 -8.75815)
(358.436 -23.8328 16.2297)
(315.851 1.60452 -7.51356)
(327.027 -1.11463 -3.74533)
(326.551 0.297592 15.0441)
(326.253 -1.29195 8.22907)
(338.317 -0.0797354 -2.98897)
(316.038 0.476901 -1.1606)
(329.963 -1.15899 16.8605)
(327.34 1.03821 6.67495)
(339.88 -1.4828 -19.7706)
(329.051 -1.53505 6.24303)
(334.039 -2.58453 -2.68643)
(344.274 -15.8997 24.8794)
(318.555 -16.2542 -3.33622)
(321.223 1.82613 0.513579)
(334.152 -24.4685 16.9912)
(320.407 -6.60171 -13.9175)
(315.809 1.66223 7.89902)
(325.067 4.89794 -13.1996)
(335.634 4.92927 4.82134)
(323.405 0.66643 -3.08304)
(321.547 0.571322 -1.95283)
(316.109 0.5127 -8.94988)
(334.861 3.47367 1.97601)
(327.615 -0.950095 0.565715)
(333.642 -1.13793 7.23415)
(328.715 -1.83575 5.47747)
(312.345 23.0323 -23.1912)
(318.433 22.8176 22.9192)
(314.565 1.85293 2.45837)
(320.82 0.543771 7.76719)
(339.139 6.57195 7.72869)
(329.278 -1.65607 5.90086)
(326.336 0.570873 -5.71578)
(317.164 7.40252 10.0041)
(325.923 0.469823 22.7911)
(329.685 14.2225 11.5383)
(314.076 15.9848 -26.4521)
(324.779 1.3798 -7.62526)
(324.768 0.0377129 -0.817321)
(315.347 3.77193 8.29012)
(321.518 -2.18608 1.95749)
(326.991 7.61714 -6.16793)
(316.008 2.39949 -0.821593)
(345.014 -1.01218 2.08192)
(322.852 -2.89579 -7.49747)
(312.063 3.63886 19.062)
(327.102 -1.75667 7.70567)
(316.193 3.274 -5.12488)
(320.177 0.894295 -4.59733)
(334.986 0.0903195 2.13255)
(346.219 2.91128 -20.5779)
(319.595 1.53494 17.3481)
(330.934 3.58871 -6.78164)
(327.928 -4.36955 -6.96647)
(320.348 -1.40022 5.75406)
(323.406 2.55409 -6.15198)
(317.582 2.86804 3.91619)
(319.184 -0.0938803 2.49175)
(313.953 0.931137 -6.54057)
(356.316 -18.5572 12.1893)
(316.702 -1.86521 22.798)
(336.068 3.46594 30.8127)
(334.354 1.99109 -7.05952)
(331.788 0.201268 1.14761)
(333.842 -0.508039 -7.04912)
(323.918 -4.37204 17.5204)
(316.682 8.24558 10.4566)
(224.42 42.5742 23.2794)
(312.681 -5.60418 14.887)
(248.414 22.8327 -18.375)
(253.006 23.2713 -0.176087)
(307.226 1.90927 -9.0053)
(312.965 11.6635 -11.0652)
(260.202 6.31337 -1.07975)
(250.498 22.3648 12.2294)
(302.437 9.41183 -9.02164)
(256.181 21.2698 -2.23419)
(333.186 1.73583 7.09859)
(286.308 10.4431 -2.0188)
(258.592 32.4798 -16.3848)
(293.778 1.33938 -0.143543)
(296.495 0.572783 -1.05286)
(315.005 38.3533 -0.917434)
(297.986 13.4898 22.3046)
(319.669 1.98762 -0.952957)
(322.237 -3.81196 -29.4072)
(311.152 6.25251 -3.23696)
(307.629 -6.08265 -4.62504)
(313.876 -0.262236 0.135251)
(297.328 7.89457 -6.19182)
(272.969 9.24364 -3.67335)
(317.246 8.30162 5.38356)
(319.507 -19.4189 -7.49331)
(303.3 7.60549 7.48195)
(286.701 13.5383 18.6534)
(305.114 -4.42142 5.4662)
(332.515 -0.283405 10.9743)
(273.294 3.03489 9.15709)
(301.857 -2.24517 1.52996)
(300.516 9.02307 -11.6132)
(277.904 0.292786 -0.422111)
(305.119 8.33653 -9.683)
(276.816 16.304 0.135566)
(298.256 6.24813 -1.34225)
(319.849 7.77907 -9.9536)
(269.512 -18.4263 5.97388)
(304.191 -0.573776 0.28515)
(321.566 -21.2532 21.3416)
(311.067 -2.84929 -11.6877)
(330.456 3.02604 11.716)
(294.442 -1.12738 0.602349)
(246.047 40.7676 34.6091)
(317.286 -0.00334792 -1.32823)
(314.48 21.5259 -18.8935)
(266.967 -0.0493897 -1.44109)
(288.05 12.7253 -8.50487)
(313.196 3.39666 32.3614)
(312.629 1.95493 -7.69264)
(317.457 0.723862 -9.29284)
(354.494 18.4696 -15.3587)
(295.075 8.24013 -8.71147)
(320.792 -2.81182 17.5212)
(241.299 30.9786 -9.06256)
(318.257 -6.10278 -1.15552)
(242.607 16.4363 -7.42942)
(318.249 -0.447081 -1.71143)
(277.095 2.88847 -11.7225)
(317.116 -0.11048 -0.183303)
(323.859 -2.93545 23.1836)
(341.46 -4.58427 22.2803)
(209.474 19.978 -1.27992)
(302.71 3.68165 3.52557)
(262.98 9.45738 -2.40523)
(243.471 38.5711 -16.8001)
(278.992 13.1924 8.88241)
(298.253 5.27094 2.50324)
(320.081 -1.42544 -3.82439)
(320.15 1.95433 -0.949598)
(259.506 33.5658 2.89599)
(318.194 -2.1073 2.59775)
(324.044 10.0164 -8.72428)
(299.356 -0.879121 1.54649)
(310.542 -6.96113 4.23594)
(307.825 17.9041 -30.8955)
(317.495 3.73079 -0.116461)
(313.862 -2.40765 -1.68664)
(286.255 12.3683 2.04748)
(250.249 11.9895 17.0546)
(317.81 -1.03329 -1.57776)
(307.485 6.03207 -0.230019)
(320.063 0.967895 -1.42567)
(343.475 -0.945476 -7.79089)
(320.198 0.486064 7.26855)
(313.547 1.59289 -0.135361)
(292.686 7.4946 2.22158)
(273.827 5.76595 -0.636321)
(340.833 -4.75686 -4.5147)
(306.21 11.5265 -3.49874)
(315.613 1.12464 9.82418)
(343.134 0.113731 1.16325)
(337.484 25.6123 -16.3911)
(284.202 2.2235 1.37349)
(317.073 2.33577 1.38296)
(324.762 18.7365 -2.79269)
(318.824 -8.55946 6.62504)
(302.803 3.09576 1.24153)
(317.831 -4.6566 -4.26848)
(277.541 -0.353451 -0.363548)
(323.305 7.21363 -5.42003)
(316.054 -2.67931 13.8759)
(307.523 4.53822 6.30642)
(308.446 0.448891 8.90907)
(309.973 1.11807 -11.8205)
(322.336 1.0839 1.89018)
(312.709 -0.258287 -0.58617)
(324.29 5.90764 1.91479)
(260.097 30.5861 4.31676)
(324.585 -0.388379 -0.551924)
(316.678 30.2083 11.2072)
(305.948 15.8356 12.096)
(297.328 12.1212 16.3764)
(325.8 -9.39745 -3.92773)
(337.148 5.11054 1.35253)
(347.131 4.38959 13.1951)
(332.758 -0.350885 -0.873638)
(311.175 -1.18734 -0.320973)
(326.892 -1.83159 -0.517496)
(323.681 7.17925 -18.8897)
(318.59 1.51366 2.46607)
(263.377 14.9945 -8.93475)
(342.919 -3.889 -47.271)
(297.381 15.4854 11.7999)
(312.706 3.84611 -18.508)
(312.972 23.5068 -16.0069)
(323.427 0.762699 -1.05081)
(324.164 2.39286 32.9475)
(301.579 6.59798 -9.73362)
(321.784 -6.03351 0.360172)
(244.12 28.2061 26.0447)
(321.97 -4.66554 2.71791)
(317.064 12.2852 -3.69803)
(308.277 10.2502 -26.259)
(334.092 0.832177 3.23687)
(323.754 4.77583 -0.448147)
(331.85 -2.52666 -12.7334)
(275.781 -1.92293 1.25467)
(275.941 21.3904 -8.73006)
(287.294 -0.555721 1.00601)
(334.389 1.02633 5.53792)
(365.564 -11.1653 -1.82725)
(329.106 0.0882935 -0.0220171)
(297.208 4.67725 -2.66935)
(290.325 -4.76624 3.49462)
(303.108 14.0964 10.8424)
(328.624 2.59145 -3.83512)
(346.973 -0.398606 -4.62588)
(325.116 -1.24774 8.16182)
(325.497 5.8639 6.85916)
(313.308 -1.57655 -1.4637)
(289.504 12.2408 21.6223)
(318.563 2.17347 -1.35791)
(333.129 1.87445 1.96665)
(325.249 1.36799 0.176505)
(321.013 4.5917 -0.826673)
(314.664 -9.37984 -28.4954)
(353.607 10.2153 9.93367)
(332.173 0.162485 1.03926)
(331.292 2.70428 -3.94393)
(332.75 -6.37849 3.14495)
(339.194 5.77648 7.98375)
(306.846 -5.19719 -4.15286)
(282.667 12.7031 -36.3764)
(335.4 1.79175 6.37949)
(327.254 -3.22313 12.8343)
(326.409 1.48012 1.24878)
(305.52 16.517 2.75621)
(319.955 -8.10326 12.1616)
(326.435 1.81149 -0.452723)
(333.162 1.23288 9.12836)
(245.975 18.2626 -1.07428)
(322.491 -1.74516 5.34317)
(332.986 -4.27162 1.24815)
(332.343 -0.353202 -0.424798)
(333.347 -0.00924575 -9.82705e-05)
(306.339 1.13553 -4.09878)
(245.301 34.0055 7.52649)
(275.912 22.3685 -16.6686)
(344.53 9.63363 -12.0181)
(321.187 -1.52445 -1.51505)
(333.96 0.133772 0.26244)
(312.304 39.2916 33.3452)
(281.637 -0.927029 4.62155)
(329.322 -9.22552 -7.54144)
(335.437 -0.0473945 0.00454672)
(328.7 -1.96893 -3.43642)
(290.512 3.22495 7.34284)
(302.039 1.87518 -14.1615)
(299.915 -2.43999 -5.20575)
(332.773 -15.1466 21.0834)
(299.452 -6.08884 -2.2893)
(290.07 10.0498 10.0121)
(299.149 1.04235 -4.06446)
(292.225 3.93059 -5.3443)
(294.075 5.58566 5.90632)
(299.7 -2.46979 -1.02332)
(283.962 -1.09418 9.99065)
(309.072 1.54313 3.68583)
(299.459 0.0545376 8.28515)
(306.552 0.733091 -7.86935)
(304.174 -22.5883 19.3815)
(293.251 -2.99153 4.59951)
(299.203 -3.6854 4.72778)
(291.897 -7.1988 -5.7506)
(325.197 6.36868 5.95616)
(301.601 1.32398 -1.82206)
(315.316 6.46289 10.242)
(298.045 0.0490484 -0.0719689)
(334.252 12.8483 -13.0783)
(286.141 -8.22192 -6.66713)
(290.868 -0.886042 -1.56621)
(301.406 1.67607 2.49973)
(296.639 0.726944 3.79892)
(298.905 -10.0049 4.21958)
(292.878 11.2441 3.4247)
(312.47 0.0424154 1.24093)
(271.844 1.56307 18.846)
(320.138 -7.21111 23.1108)
(310.204 -0.0520176 4.69076)
(291.93 13.9935 2.07257)
(307.567 6.10243 1.223)
(287.798 -2.03941 12.0761)
(286.87 7.79376 -6.44386)
(314.196 11.0429 -6.1029)
(315.835 -4.42431 14.0725)
(295.351 0.865093 0.563314)
(315.582 1.54096 -6.45598)
(316.786 -0.965221 4.88946)
(313.181 -6.30693 -11.5532)
(317.448 -0.213061 1.50143)
(305.901 -1.11674 -27.499)
(305.266 -1.01378 1.80806)
(297.362 -6.75029 9.5143)
(295.443 -7.76133 -7.12988)
(305.216 -2.95457 -4.18816)
(306.658 -1.02228 -1.18845)
(303.261 -3.99604 -14.168)
(295.021 -4.59549 -3.15225)
(254.493 0.464022 -12.1908)
(315.118 -0.884453 5.13896)
(290.509 12.8667 31.5883)
(310.937 1.21902 9.62053)
(308.133 -0.439924 0.458433)
(313.585 -1.23822 -15.4992)
(297.955 0.928425 7.72312)
(291.923 -2.00597 -5.5277)
(315.522 -1.64353 7.41849)
(296.138 2.89586 3.75571)
(296.629 -1.63793 0.400207)
(300.606 0.0934578 1.1293)
(303.14 -0.498392 -8.48876)
(294.697 -0.985123 -3.25715)
(302.226 1.89301 11.7747)
(293.682 -1.8687 -11.3158)
(306.821 0.466313 0.849241)
(320.291 -0.831178 4.40683)
(295.897 0.90705 1.12294)
(294.536 -0.660978 -5.74999)
(333.713 -9.79516 22.2655)
(330.67 -10.7817 -14.9507)
(309.8 2.34755 -0.786171)
(308.395 -0.456469 1.18641)
(308.468 -3.03422 -13.2418)
(292.92 -0.167522 -16.7829)
(300.615 0.245249 -6.7608)
(299.486 2.69718 1.06971)
(298.448 0.00551308 -2.93732)
(295.216 -2.25279 6.70157)
(304.738 -1.50739 2.15705)
(298.861 -0.76718 0.812298)
(308.118 0.204098 -1.24114)
(305.756 0.0985766 -2.56906)
(312.072 -1.45882 -5.2032)
(300.253 -0.460458 -0.297225)
(311.669 0.856622 14.9384)
(302.801 -1.55762 -3.23628)
(305.19 10.9666 -10.0142)
(313.139 -5.33406 -26.9965)
(305.91 0.316274 -0.729362)
(303.354 0.013575 -0.0539788)
(303.183 6.54074 7.06519)
(314.3 18.5331 -18.3673)
(309.734 -1.3619 -6.55148)
(312.213 0.159245 2.67667)
(304.085 -1.33641 5.01822)
(291.682 -0.594897 5.89975)
(304.534 -0.163503 5.1627)
(299.028 -17.9074 22.7587)
(299.486 1.81185 2.08385)
(308.342 -0.800709 4.89156)
(305.697 -5.25775 -6.04864)
(303.742 1.78978 10.2099)
(294.461 0.205979 -1.32848)
(318.887 -13.4089 2.94461)
(304.639 -0.501267 -35.0206)
(279.646 -7.58324 -5.06712)
(291.729 -2.93684 -7.14044)
(295.1 8.41429 -10.395)
(293.643 0.276189 -4.42709)
(309.759 -0.110291 -1.36872)
(300.047 2.863 -4.62642)
(309.208 -3.75698 -5.95892)
(304.031 0.624642 -2.30759)
(305.638 -3.19108 -11.5694)
(307.143 -0.04536 5.73094)
(284.133 -0.821715 -10.185)
(309.791 -3.06926 12.8056)
(300.904 2.53913 7.57955)
(296.254 0.83259 -3.74405)
(295.686 -2.09211 -7.57169)
(315.168 0.837137 0.496556)
(303.929 6.71232 13.3765)
(326.128 -2.2871 -9.26183)
(314.388 -0.516402 -0.638759)
(294.347 1.04246 -1.86757)
(302.373 4.1263 -8.37544)
(233.219 9.99059 6.38713)
(212.057 27.3961 2.30615)
(222.115 26.0892 17.6337)
(295.292 -0.29886 -3.88505)
(282.935 -2.61446 5.68975)
(299.876 -2.68853 -10.8238)
(305.282 -0.835438 5.75553)
(249.34 22.1758 1.51666)
(271.763 -0.8108 -2.43228)
(293.999 -3.56827 5.69991)
(297.279 1.56499 0.669878)
(301.668 7.16315 -1.56628)
(311.129 0.0158207 0.467308)
(245.589 27.7583 2.1415)
(259.587 20.3565 14.0383)
(248.939 24.5943 -17.4156)
(326.184 3.56442 -10.0522)
(289.338 -0.0629187 3.07508)
(274.527 -2.89506 0.904987)
(283.338 0.432123 14.6696)
(266.055 2.55866 7.62318)
(257.927 26.5142 -13.3691)
(283.307 4.10541 -36.8362)
(293.856 0.00428845 0.255019)
(284.892 0.280937 -5.03762)
(283.002 0.362535 -0.208682)
(265.221 7.8112 8.47249)
(278.204 -1.83617 -2.80865)
(274.594 -0.884655 -0.775039)
(290.573 -3.10943 4.31022)
(285.554 10.4304 -8.99538)
(288.653 -2.02617 -2.72313)
(247.16 25.8627 -11.2604)
(293.951 -0.043524 -0.438133)
(289.035 7.30666 1.41361)
(293.747 -1.47816 -4.04958)
(268.896 14.8981 -3.28286)
(267.701 6.16164 0.0543287)
(278.421 4.40203 5.99611)
(298.555 4.38114 6.0246)
(281.47 -6.18303 -3.74871)
(277.686 -1.93485 -3.48694)
(258.25 8.78665 -1.30868)
(267.121 -1.68581 0.425743)
(275.66 0.198333 -2.30902)
(294.999 2.73749 -2.40006)
(281.64 -11.838 -4.58538)
(292.55 4.91103 3.39389)
(254.695 20.1948 19.6135)
(295.654 -1.00773 1.69934)
(297.211 2.36133 -6.46067)
(300.756 1.11675 9.52043)
(301.407 -3.22898 -9.05279)
(254.251 14.7557 -19.7722)
(291.903 6.69649 -9.14537)
(266.069 0.037839 0.0122787)
(300.563 1.75444 13.521)
(312.875 -1.85709 -0.649302)
(295.579 1.73967 1.10353)
(300.936 1.06925 1.21906)
(314.814 0.293376 -5.5849)
(273.842 0.750757 -1.03083)
(292.891 3.58195 -3.13332)
(285.803 -0.0768487 4.33273)
(289.919 -3.52969 -1.64742)
(272.236 -0.0488942 -3.87169)
(293.197 -1.05914 -1.71915)
(269.621 -1.14657 -4.52529)
(262.774 14.7075 0.41593)
(297.311 1.01717 -2.74667)
(263.535 23.3687 -20.5405)
(266.015 19.278 -2.86997)
(275.459 2.41541 1.40177)
(264.086 -1.48664 9.15661)
(276.496 7.19735 -13.1699)
(241.995 28.0536 -13.6959)
(248.002 40.7689 2.78499)
(292.061 6.92939 -1.49597)
(281.312 6.09231 2.25978)
(312.493 -6.00158 -12.9978)
(257.871 29.5425 6.87974)
(294.188 1.03227 -1.51338)
(268.061 5.39368 1.42878)
(296.728 1.71618 -0.822373)
(258.746 12.5845 2.07981)
(254.303 8.49163 -5.86418)
(305.614 0.298781 1.10923)
(266.364 10.779 2.65611)
(290.721 -2.21494 9.59735)
(244.369 11.8936 10.1573)
(311.227 24.153 -3.44146)
(261.83 2.84665 0.903719)
(282.434 -2.30768 1.01183)
(296.814 0.0437534 0.460383)
(309.064 -2.87468 15.9291)
(322.571 6.49808 -8.54067)
(285.476 1.26558 0.140853)
(298.772 -2.79415 -4.07615)
(297.584 4.04058 -22.004)
(285.373 3.40073 0.686847)
(294.279 -7.90182 6.46741)
(245.257 25.0801 1.93551)
(293.441 0.0857672 -2.90551)
(261.006 9.25615 -2.2939)
(298.215 4.07756 12.0164)
(298.751 0.890629 -7.04558)
(296.644 1.27522 -1.56976)
(270.326 3.37542 10.324)
(299.125 0.438544 -0.108457)
(261.537 8.74909 5.64391)
(303.199 11.8295 -2.60248)
(297.687 -7.21679 -7.51014)
(298.014 -0.801544 1.34684)
(284.964 11.5905 0.32601)
(287.915 18.8248 -16.4976)
(284.717 3.49225 4.18164)
(290.299 5.59252 -0.630232)
(272.57 43.5359 -1.04242)
(294.453 2.80671 6.31806)
(299.48 0.495453 -4.81041)
(287.689 6.87154 -2.44333)
(296.13 -0.10745 -0.214407)
(297.319 -0.360125 -4.99745)
(273.506 7.49952 0.594138)
(239.06 24.8094 -16.8739)
(292.676 1.02045 -0.642392)
(240.819 23.0806 9.58008)
(296.207 -2.63228 1.77998)
(241.877 28.8879 -1.36614)
(259.453 15.3577 -26.4088)
(300.53 -3.19923 6.14065)
(270.831 25.7556 -19.3079)
(290.396 0.119316 -3.07698)
(294.855 0.0723752 -2.32815)
(298.109 -2.6594 -1.87811)
(263.745 7.4934 -8.71742)
(281.462 7.37553 -0.828914)
(280.724 12.5606 -29.3084)
(309.434 2.01686 9.45368)
(295.118 2.21206 6.89498)
(299.612 6.19811 8.53928)
(257.697 25.8144 -13.0185)
(304.514 4.20858 6.72149)
(272.779 16.866 11.3861)
(273.278 1.11176 8.15776)
(289.603 6.54831 5.29204)
(266.843 -0.610582 4.89816)
(296.318 3.3054 -2.35367)
(272.85 17.0164 10.4438)
(261.056 26.8586 38.4764)
(306.615 -0.376857 10.7805)
(296.201 2.36706 -1.13123)
(276.571 5.61106 -2.3969)
(271.193 0.630616 6.91845)
(276.888 4.3654 -20.7491)
(255.806 21.6771 -1.57284)
(267.346 20.5081 13.5972)
(297.427 6.41486 2.06135)
(305.559 7.49903 -0.856282)
(273.094 0.626904 20.9279)
(294.65 2.36125 3.87672)
(263.28 0.135118 2.02831)
(273.418 0.737831 -2.3809)
(298.303 -2.47443 0.655727)
(296.935 1.916 8.74925)
(297.139 -0.980854 -9.75124)
(307.976 9.45116 -5.10268)
(289.479 0.590495 -0.136956)
(287.487 1.59954 -0.173839)
(295.866 -7.26138 27.5453)
(280.713 -2.78783 -4.44453)
(248.101 30.6932 -4.40447)
(247.818 20.1335 -4.6009)
(303.734 2.45004 -12.4898)
(285.859 3.37639 -16.0865)
(247.256 30.5449 -21.6278)
(295.232 6.38531 -10.7597)
(241.803 23.8285 1.99852)
(302.751 3.19625 0.36928)
(306.028 15.6986 10.6877)
(241.442 16.4732 -16.0504)
(325.318 -7.88217 -17.0332)
(286.371 -6.38946 -1.05745)
(294.315 -0.859897 0.0473622)
(301.833 -14.9098 -7.07717)
(307.211 -8.74833 -45.7932)
(254.415 4.12748 -1.81393)
(289.021 15.5261 28.9116)
(230.576 19.967 -34.4619)
(257.812 -1.55639 -0.764529)
(273.85 24.7633 -8.656)
(314.629 0.126596 7.23766)
(263.971 24.9755 21.2381)
(289.157 8.04262 -11.6819)
(285.881 -10.6266 -10.3496)
(309.081 0.164261 9.2082)
(301.026 0.0608597 0.638811)
(302.817 -0.906278 -1.11418)
(284.243 23.1945 10.664)
(295.017 9.51134 2.53165)
(304.335 0.369756 10.5838)
(271.323 7.08677 4.53958)
(288.875 1.06848 4.83487)
(301.53 -0.68738 -0.820016)
(296.976 -1.37992 -0.86583)
(295.73 -3.40551 3.55687)
(305.971 -0.0915242 -0.172174)
(291.983 -5.31453 -0.539006)
(302.402 -3.07657 -4.36072)
(288.611 2.83134 11.0452)
(236.305 30.2878 -14.9496)
(301.018 3.93141 -3.35165)
(234.568 12.9702 10.7436)
(254.249 22.9982 3.25496)
(271.641 15.4988 1.02945)
(299.417 -0.188832 -16.4861)
(294.998 19.9119 -3.64869)
(285.482 -3.93488 4.78455)
(289.692 9.3935 5.40076)
(302.032 -4.25942 -2.0121)
(294.634 0.239314 -2.00747)
(295.535 -5.55387 -8.77028)
(286.905 13.0657 -12.7573)
(289.743 8.70669 3.234)
(278.171 -0.55754 2.0937)
(275.773 7.04538 4.25917)
(279.118 3.1841 -3.07799)
(254.208 4.65174 1.86126)
(284.098 11.9794 6.88417)
(303.337 1.5705 0.593395)
(311.866 2.26704 -17.0231)
(306.048 5.39927 12.4098)
(272.195 23.3642 3.51984)
(244.792 21.8868 15.5082)
(320.967 -39.2576 -21.3675)
(296.941 5.52486 -2.38312)
(303.97 -0.0666366 -0.471987)
(278.268 16.8664 5.33825)
(263.208 26.0064 17.2908)
(315.661 -3.44543 8.93856)
(320.371 12.9633 -2.69224)
(302.167 1.38059 6.01604)
(247.078 19.7435 -1.16106)
(293.98 -2.59078 0.638594)
(290.975 -0.277928 -1.37142)
(271.88 6.48455 -2.89813)
(301.241 -4.36251 -1.43707)
(245.319 26.1456 -4.79533)
(247.892 31.2317 2.13409)
(293.378 -4.61112 -0.468142)
(299.845 -0.0105601 0.024488)
(300.723 -0.502987 -0.334358)
(278.702 -5.60911 -16.4735)
(287.875 4.90038 0.988985)
(265.414 21.3936 14.5842)
(305.189 -1.72953 -0.975446)
(300.348 0.777274 -3.47115)
(289.045 11.3257 -2.45849)
(314.259 6.66944 12.5328)
(304.673 8.66411 -3.30557)
(301.275 3.67469 2.11099)
(269.686 3.73799 14.3777)
(306.046 0.587787 -1.1709)
(266.933 -4.96066 8.02768)
(298.645 4.18278 12.2922)
(310.198 3.03014 18.4005)
(278.35 0.8021 -3.40417)
(302.476 3.36375 -30.7096)
(304.215 -0.732498 0.0396146)
(306.215 4.8586 6.70999)
(317.873 8.08979 10.0726)
(253.182 13.8148 -5.353)
(283.488 0.882945 10.3767)
(304.39 1.04735 -1.11562)
(288.639 -2.62659 15.6773)
(286.833 0.268107 -3.55026)
(310.206 -3.66306 20.4775)
(283.537 -3.49027 -1.65217)
(302.667 -7.65101 8.24715)
(331.825 19.3386 8.9094)
(313.1 11.9679 0.337777)
(303.514 -2.71772 19.9487)
(308.776 5.87256 3.98145)
(298.512 6.90669 -5.45591)
(268.599 -0.882058 -3.73257)
(270.903 0.326591 -0.169583)
(241.455 15.2837 -12.5776)
(306.524 -4.93608 3.94733)
(288.201 2.84473 10.3814)
(307.603 0.24395 -0.0328768)
(311.39 -4.08807 -3.5556)
(253.267 17.6442 -2.09081)
(297.678 -2.12726 9.27234)
(305.036 -0.0164367 -0.026405)
(308.671 -1.84285 2.98397)
(282.575 0.146441 -20.4959)
(258.306 -8.25501 -10.044)
(319.396 12.212 -2.68992)
(307.961 -0.0174967 -0.0148149)
(244.754 23.0279 12.7602)
(284.079 3.20234 9.24684)
(299.803 2.48672 0.0388977)
(298.502 5.04224 2.62272)
(305.159 9.96023 3.52318)
(290.833 1.19563 -2.44754)
(259.028 6.68229 -7.71276)
(312.072 -4.65725 -6.94703)
(308.159 -0.0133722 -0.011572)
(309.203 -0.0813944 -1.64022)
(302.569 -7.83726 -6.26737)
(302.576 0.272238 -1.28823)
(273.28 13.9035 4.6146)
(295.502 -2.36124 9.40374)
(283.551 6.97049 -5.53117)
(311.428 1.55378 1.77104)
(299.229 6.49388 -2.64928)
(311.107 10.7915 17.0061)
(272.965 14.3677 -8.16323)
(284.609 -4.92661 4.11334)
(309.354 -1.45512 -0.667806)
(263.062 11.7352 -2.43809)
(228.325 23.8504 16.078)
(322.617 3.22492 2.53167)
(287.551 12.4646 -22.8256)
(242.266 34.3596 -1.78403)
(301.93 4.6787 -5.0523)
(307.622 2.22563 -2.66837)
(260.797 32.7303 7.62859)
(308.068 1.98118 0.769607)
(300.417 9.4623 1.74614)
(258.537 28.8339 2.48681)
(313.611 1.36704 -10.8162)
(300.828 -4.43985 -3.6352)
(302.239 -1.11775 -0.92014)
(306.081 0.643332 -2.8765)
(314.63 -8.16767 -7.95047)
(312.887 1.74787 6.18552)
(338.664 6.0183 -7.93612)
(317.713 0.905714 7.57026)
(326.842 3.99199 11.4047)
(303.591 -3.63653 -1.04188)
(309.17 -0.0104696 -0.545329)
(301.051 6.93646 -3.57394)
(278.904 0.00771634 3.28929)
(302.533 3.40082 1.78212)
(314.531 1.29229 -2.23031)
(313.073 6.39938 -14.7945)
(298.066 14.3486 10.6262)
(265.349 27.9889 23.7995)
(246.418 16.9336 -5.22242)
(310.411 7.78928 3.16667)
(334.171 2.84457 19.9513)
(312.835 1.51281 11.7383)
(312.295 5.59182 5.61576)
(312.592 2.15612 -0.853363)
(312.22 2.38626 12.7165)
(227.861 33.5844 -0.397139)
(296.854 1.60956 -5.82305)
(294.246 8.26404 -12.727)
(312.385 3.10083 -2.72404)
(303.129 9.12701 -13.5165)
(312.531 -1.18986 0.647333)
(304.373 -0.0047158 -0.329923)
(275.192 37.3729 -5.32557)
(281.001 -1.10278 -14.0239)
(302.762 -6.13363 -13.2897)
(311.674 -5.71852 6.12504)
(288.694 2.04253 -3.26795)
(249.85 14.33 -13.7669)
(290.927 4.56737 -19.467)
(324.685 -0.453346 7.95417)
(318.13 -8.99164 1.16615)
(310.955 -0.372336 -7.93345)
(311.247 5.77202 -2.05994)
(302.439 5.62087 -5.22132)
(262.021 24.5613 11.4678)
(312.384 13.6448 1.8713)
(304.249 7.51163 24.2897)
(307.8 -3.85574 14.4015)
(310.395 -0.641236 3.98001)
(308.656 1.06347 4.32402)
(308.089 -5.34944 -0.280678)
(282.141 34.1963 -0.729576)
(314.319 2.64259 -19.3266)
(256.744 22.3512 -22.9485)
(297.797 18.5829 1.22713)
(282.128 6.23722 -7.57746)
(302.458 10.8121 -1.95654)
(285.005 -2.09244 -2.86085)
(289.598 1.67735 -1.79863)
(311.991 -5.88661 4.97115)
(302.786 -5.93678 9.36432)
(310.006 -0.0984649 -0.0112379)
(306.456 8.91195 -8.71864)
(307.74 13.609 -18.2002)
(283.739 1.10173 -4.58644)
(313.807 9.29362 5.89134)
(267.611 20.4138 -0.0978025)
(322.765 -3.26385 -9.44163)
(260.985 24.7795 20.1848)
)


// ************************************************************************* //
