/*--------------------------------*- C++ -*----------------------------------*\
  =========                 |
  \\      /  F ield         | OpenFOAM: The Open Source CFD Toolbox
   \\    /   O peration     | Website:  https://openfoam.org
    \\  /    A nd           | Version:  7
     \\/     M anipulation  |
\*---------------------------------------------------------------------------*/
FoamFile
{
    version     2.0;
    format      ascii;
    class       vectorField;
    location    "0.7/lagrangian/reactingCloud1";
    object      UTurb;
}
// * * * * * * * * * * * * * * * * * * * * * * * * * * * * * * * * * * * * * //


2563
(
(0 0 0)
(0 0 0)
(0 0 0)
(0 0 0)
(0 0 0)
(0 0 0)
(0 0 0)
(0 0 0)
(0 0 0)
(0 0 0)
(0 0 0)
(0 0 0)
(0 0 0)
(0 0 0)
(0 0 0)
(0 0 0)
(3.49661 -3.95848 0.504397)
(0 0 0)
(0 0 0)
(0 0 0)
(0 0 0)
(0 0 0)
(0 0 0)
(0 0 0)
(0 0 0)
(0 0 0)
(0 0 0)
(0 0 0)
(0 0 0)
(0 0 0)
(0 0 0)
(0 0 0)
(0 0 0)
(0 0 0)
(0 0 0)
(0 0 0)
(0 0 0)
(0 0 0)
(0 0 0)
(0 0 0)
(0 0 0)
(0 0 0)
(0.876317 7.22028 -1.90584)
(-5.50678 -15.3504 -8.33499)
(-10.1894 9.9127 -4.39459)
(19.448 -8.91208 28.7957)
(0 0 0)
(0 0 0)
(0 0 0)
(1.67979 -8.31122 10.475)
(0 0 0)
(0 0 0)
(2.4758 1.65948 1.17008)
(0 0 0)
(0 0 0)
(0 0 0)
(0 0 0)
(0 0 0)
(5.69969 -7.58595 7.84545)
(0 0 0)
(0 0 0)
(0 0 0)
(0 0 0)
(0 0 0)
(0 0 0)
(-1.2034 -1.45941 -1.87563)
(0 0 0)
(0 0 0)
(0.802589 0.325271 -0.122184)
(0 0 0)
(-9.17832 -0.477738 -1.25794)
(0 0 0)
(0 0 0)
(0 0 0)
(0 0 0)
(-0.0247392 0.84859 0.356196)
(0 0 0)
(-2.37749 -0.200299 -0.957469)
(-1.93462 1.26484 -2.09764)
(-1.06047 3.40431 -10.1086)
(0 0 0)
(0 0 0)
(0 0 0)
(0 0 0)
(0 0 0)
(0 0 0)
(0 0 0)
(0 0 0)
(0 0 0)
(7.03192 6.12316 3.2902)
(0 0 0)
(10.1466 -3.49534 -2.00087)
(0 0 0)
(0 0 0)
(-2.29894 2.48513 -0.756612)
(5.89347 -1.21186 -4.55479)
(0 0 0)
(0 0 0)
(0 0 0)
(0 0 0)
(0 0 0)
(0 0 0)
(0 0 0)
(0 0 0)
(0 0 0)
(0 0 0)
(-2.89748 2.79991 -2.94036)
(0 0 0)
(0.0344873 0.633762 0.657449)
(0 0 0)
(0 0 0)
(-3.57024 -0.36614 -2.93632)
(0 0 0)
(0 0 0)
(0 0 0)
(0 0 0)
(0 0 0)
(0 0 0)
(0 0 0)
(-1.50269 0.664486 -1.02119)
(7.54859 -4.34854 -8.93529)
(-3.01059 -2.52784 0.80086)
(0 0 0)
(0 0 0)
(0 0 0)
(2.70485 3.32679 5.48747)
(2.65297 5.53953 -17.3056)
(0 0 0)
(-3.02804 -0.87924 -1.40279)
(0 0 0)
(0 0 0)
(0.466623 -0.530511 2.03735)
(-0.0962621 0.186591 0.287126)
(-2.16001 5.70149 2.12817)
(2.80837 1.26786 -0.0564462)
(0.971982 5.74422 -3.78182)
(0.361627 -0.0677676 -0.0265211)
(-2.36794 -3.155 -12.6907)
(-1.9333 3.46002 -1.0247)
(5.28757 3.07942 2.4165)
(0.876591 4.79892 3.72284)
(2.52285 2.54015 5.08864)
(0 0 0)
(0 0 0)
(-0.323112 -9.61624 0.851265)
(2.31253 0.0803009 1.41449)
(0 0 0)
(1.72379 -0.505387 0.804452)
(3.59183 6.06301 -3.20108)
(0 0 0)
(5.33588 2.59565 -1.42277)
(-3.58807 -1.05444 -0.83866)
(0 0 0)
(0 0 0)
(3.3581 -4.82227 8.10639)
(-8.89992 -8.13006 -9.3513)
(0 0 0)
(0 0 0)
(0 0 0)
(0 0 0)
(-1.74255 18.2013 1.24353)
(3.18882 -4.18243 2.17372)
(6.17394 -0.17579 4.42713)
(3.83063 -1.42885 -0.551376)
(0 0 0)
(0 0 0)
(-7.38684 1.39524 -6.32431)
(-0.943202 -7.9323 5.76074)
(-0.175224 -4.46638 1.9437)
(8.12223 -10.076 -9.98351)
(-0.354102 0.289486 -0.339525)
(0 0 0)
(0.959562 -0.422846 1.52564)
(0 0 0)
(1.36826 -1.25829 0.367757)
(0 0 0)
(0.532341 -0.00274081 -0.270652)
(6.73523 -3.11709 0.714884)
(-0.151933 -2.07065 -1.62389)
(-8.70485 -4.52568 0.79943)
(11.2164 13.9722 26.1337)
(2.36298 -4.38271 1.28785)
(-2.74652 8.66361 0.0724913)
(5.23163 -14.5303 -2.52897)
(0 0 0)
(-0.395402 -0.347287 0.206744)
(0 0 0)
(-0.135543 0.265318 -0.193571)
(-5.68854 -11.863 -6.72586)
(-3.68267 -0.254918 -0.23914)
(-4.62271 -7.24921 1.04522)
(-14.3459 -8.41162 -3.35604)
(-1.32909 1.85129 -0.756314)
(1.57269 -5.85698 -1.60648)
(1.56686 0.172464 4.94658)
(-1.77897 -7.74986 6.96606)
(-5.73547 -4.71914 5.73063)
(1.5791 4.08909 9.22288)
(0 0 0)
(1.31311 1.85506 -0.733939)
(0 0 0)
(-0.129563 2.90443 -3.3767)
(0 0 0)
(-0.720573 -12.1506 -2.83137)
(-0.00345609 -0.0308045 -0.00360248)
(-5.02811 3.04042 -0.78331)
(0 0 0)
(0 0 0)
(-2.32396 0.393661 5.79736)
(-13.1234 -3.95013 4.04419)
(0 0 0)
(0 0 0)
(-5.64569 -13.818 7.75223)
(2.33039 -2.554 -3.1512)
(-1.70437 -2.36551 1.68119)
(-2.01982 -1.87658 -6.6651)
(1.13481 -0.688338 -1.26231)
(-5.68642 -4.06457 -2.20832)
(0.381319 -0.675908 -1.99311)
(0.0976664 -2.16885 -0.940455)
(-0.10678 -2.72177 1.18447)
(-3.69513 -0.72023 2.86657)
(0.317475 -0.248561 0.818867)
(0.704438 -0.386715 1.64836)
(-3.94351 -3.58167 2.98658)
(-2.28051 -5.24538 8.66212)
(13.4419 12.5164 -3.05439)
(-9.64656 6.47867 9.3221)
(-0.54295 0.194346 -0.379694)
(0 0 0)
(0 0 0)
(0 0 0)
(0 0 0)
(0 0 0)
(0.00588076 -0.0389666 0.0272731)
(-0.107596 -0.202139 0.238046)
(-3.22172 13.7862 -5.0083)
(7.72685 0.897009 6.29085)
(-1.32233 0.0780548 -0.175652)
(-0.178125 1.74833 -0.843594)
(-2.67848 -3.54145 1.34475)
(0 0 0)
(5.54015 4.29824 0.285481)
(0 0 0)
(3.69975 -6.35974 -2.0492)
(-14.231 8.47698 -2.98057)
(-5.78292 -5.45286 0.238518)
(-3.60959 -1.46273 -0.419111)
(9.09272 0.11823 -5.88582)
(-1.37655 -7.40541 10.8403)
(0 0 0)
(1.33048 -0.518271 1.3603)
(1.99164 1.4031 -0.676348)
(0 0 0)
(-1.35476 -1.18898 -0.011691)
(0 0 0)
(-6.79741 9.45735 -13.5138)
(0 0 0)
(0 0 0)
(1.36246 -8.93486 -4.60319)
(4.13463 -16.0444 -17.0995)
(4.97757 -6.96727 0.903824)
(0.0879506 -0.0910202 0.14813)
(-7.461 4.32429 2.25016)
(-0.452008 3.0615 1.87167)
(2.02581 -2.52041 2.2896)
(1.96793 -2.12496 -0.208855)
(-0.798745 -2.86456 -2.05073)
(-0.342501 -1.59793 -2.39289)
(1.37023 -3.26575 2.42069)
(-2.91277 -1.29446 -0.821534)
(-0.206083 -2.17308 -7.32694)
(-1.82455 -4.05212 -1.82526)
(-16.7014 -2.05564 -3.31281)
(1.21845 -7.55625 1.1666)
(0.131795 -1.30869 0.852718)
(-0.0029014 -0.106919 -0.0434837)
(0.0498082 -0.668196 -0.155477)
(0.00106893 -1.32969 7.00061)
(-4.09226 -1.70581 -1.67946)
(3.49933 -0.959018 2.48749)
(-0.101182 -0.700821 0.0965278)
(0.25334 -3.55878 -0.732664)
(-2.55734 -3.11426 3.55308)
(1.243 -0.512803 -3.12572)
(-1.28511 -2.66451 0.98808)
(-6.33732 -1.90531 -1.09035)
(0.220898 -0.391642 0.634029)
(2.66689 -2.54926 0.153002)
(2.80486 -1.43094 1.38145)
(-3.61201 -5.64598 2.87645)
(-0.0148343 -3.34288 -2.16258)
(0.516085 -0.969333 1.14885)
(-1.56319 -1.12798 1.05435)
(0.105423 -2.09797 -0.455736)
(-1.08148 -1.28701 2.42702)
(2.62632 -6.27128 0.878381)
(-3.47487 -6.40021 2.12638)
(-6.03585 1.88532 -5.70685)
(13.5184 11.9121 -19.3949)
(-3.71718 1.2385 -5.14926)
(-3.37015 15.6761 -5.71962)
(-0.124365 -0.843864 0.2104)
(-5.96925 -2.95604 -5.16003)
(8.22942 -31.7034 -3.62374)
(-0.994631 -1.13288 0.941069)
(-0.102492 2.35004 0.313531)
(-3.49486 14.0975 -14.9254)
(0.876449 -1.18214 0.664816)
(-3.15453 5.84373 -2.64173)
(0 0 0)
(18.455 18.8763 20.6475)
(-2.59242 17.761 -14.2995)
(-4.58471 11.089 -1.17099)
(0.217438 -2.01724 7.36292)
(-6.35542 -2.05469 -1.10448)
(7.1927 15.0399 7.0204)
(-0.220932 -0.303708 0.34168)
(-14.102 -4.73676 -10.9598)
(-31.4219 2.48891 -1.4688)
(-2.32392 5.86576 -0.147232)
(-3.99769 -2.96675 0.824029)
(0 0 0)
(-2.68732 -8.29962 1.3317)
(4.73182 -1.60971 0.867244)
(-9.5252 -7.39035 -11.2953)
(-1.80581 -0.45598 0.845274)
(1.72598 -1.89593 1.53372)
(0.577944 -0.657939 4.10235)
(-4.55768 -7.2323 8.62662)
(3.27242 0.810806 7.79631)
(1.96782 -12.2534 4.10044)
(0.47874 1.29775 -1.03754)
(-1.27376 -9.70885 1.99156)
(0 0 0)
(4.31894 1.90967 1.23983)
(10.1521 -12.2249 3.8354)
(-3.81098 5.84152 -5.50362)
(-11.7419 2.14513 4.3697)
(-0.321692 -0.0186427 -0.23546)
(-1.93862 -0.268487 1.45129)
(0.165136 2.19101 1.06349)
(-1.93765 -1.39819 1.30691)
(7.39205 3.99311 4.94812)
(-2.18851 -2.3996 -0.517476)
(3.27476 -1.64123 9.55052)
(0 0 0)
(0 0 0)
(-2.60501 -11.6234 1.40349)
(0.367279 -1.3054 -0.247144)
(-5.46838 -1.00095 -3.20075)
(-2.21601 12.0093 -5.23025)
(-1.67586 -0.235857 5.75959)
(0 0 0)
(7.8317 -4.75046 -2.31055)
(2.82042 -0.995261 -4.60992)
(-9.52358 -19.4178 -9.11429)
(0.0626641 -5.6013 -11.5448)
(1.83642 0.193678 2.04263)
(2.0623 -2.26018 -2.78868)
(3.29866 -1.70445 -0.479794)
(4.68936 -2.17025 0.497733)
(-1.03726 -0.686473 -1.52873)
(0.401759 -6.68328 -1.38954)
(-0.092915 -0.137445 0.281277)
(1.01838 -1.52469 -1.72216)
(2.16141 -1.00225 -0.0200018)
(0.817862 -2.01611 -2.9192)
(0.990207 -1.13877 0.897239)
(-2.92695 -3.23695 1.04004)
(-0.174872 -0.420418 0.232372)
(-2.51314 -0.511475 1.72274)
(0.0848977 -0.642676 3.34783)
(-0.122897 -0.219546 0.358022)
(-1.21765 -2.88495 -1.55808)
(-1.04697 -0.598836 0.451356)
(-1.35699 -0.839245 0.702281)
(0.0469659 -0.630065 -0.146605)
(0.258932 -2.51702 1.99738)
(-0.496264 -0.108829 -0.0901846)
(-2.96515 -0.891574 2.86759)
(0.881627 0.0333961 1.06863)
(0.262181 -0.844097 1.44687)
(-0.139509 -0.487533 0.129059)
(-1.47469 -0.578617 -0.86086)
(1.78858 -0.890542 -3.58525)
(4.76005 -1.94126 -1.62022)
(-8.53696 -3.21847 -1.03561)
(0.219395 -3.08193 -0.634493)
(-2.27333 -2.7684 3.15849)
(-0.383702 -0.849245 3.173)
(-1.18456 -2.45603 0.91077)
(4.04548 -2.08252 1.49255)
(0.784318 -0.685618 0.414113)
(-1.86484 -1.01693 -3.10606)
(-0.05252 -0.349943 -0.0521567)
(3.13523 -1.39969 -1.7128)
(-1.54172 -2.37726 2.47653)
(-6.6874 -0.724169 -0.905675)
(11.6327 -4.8044 -1.12224)
(0.604098 -0.330348 -0.199467)
(-1.84193 -2.7156 -0.950035)
(2.47146 -4.82252 -2.54347)
(-0.0171267 -0.0330886 0.0271109)
(0.0397834 -0.102188 0.0887882)
(2.71514 -1.13505 -2.58654)
(-2.29239 -1.46899 1.21247)
(0.616472 -4.45365 -0.377142)
(0.0917287 -1.82545 -0.396537)
(1.41461 -0.0895891 2.29886)
(-1.20792 -0.753736 -2.23007)
(3.14345 -12.0263 2.90849)
(7.60006 -2.4825 7.76333)
(-1.22002 -0.905399 0.25148)
(-0.578595 -2.06928 -2.66448)
(-1.68225 -3.83838 0.194043)
(0.144085 -1.89413 -1.01142)
(-0.0829395 -0.0303298 -0.744216)
(-2.40616 -2.01947 -2.10988)
(-0.782047 -1.37067 1.83134)
(-0.0592879 -0.334128 0.879772)
(-6.93946 -2.17305 -0.99439)
(-0.19099 -0.249064 -0.364938)
(0.608434 -3.50624 -1.96313)
(-2.56556 -3.0078 1.44051)
(9.39123 -7.27233 -7.98902)
(-3.91081 -6.95942 -0.760999)
(-1.87899 -1.45762 1.00727)
(2.02446 -3.72664 -0.135029)
(15.725 3.53139 -3.46319)
(4.15166 5.94312 -4.07508)
(-1.36073 0.287466 1.58498)
(-0.52281 0.208404 -1.25826)
(-2.89333 0.548153 -0.601185)
(0.0246275 0.0875799 -0.685383)
(-10.4881 -7.26944 -3.85139)
(0.714345 -0.377171 0.169749)
(0.0639324 -10.2314 7.1202)
(1.86191 -21.0193 -15.138)
(3.69516 9.4625 -4.59678)
(-5.59812 -7.2298 -2.7068)
(-6.27544 -17.3123 6.75423)
(-1.00573 -3.47822 3.46243)
(-5.41005 -7.48617 0.715932)
(7.75414 -13.0086 0.507203)
(14.626 -10.8141 -7.94089)
(-2.45526 5.05605 -0.145145)
(-10.4787 4.71713 -21.5411)
(0.0218265 0.198661 0.318638)
(1.40154 -0.0184435 -2.21879)
(1.04948 -0.358932 -0.0247536)
(2.95019 4.22013 -1.25707)
(-0.384483 -1.10523 -1.2132)
(0.586593 -7.11153 -7.69933)
(3.10772 -0.975393 -2.21174)
(0.0338086 12.4617 -5.04021)
(1.99884 -3.23807 -0.41303)
(3.27495 4.50356 -0.32001)
(2.44212 0.203881 0.531063)
(-7.73169 0.0274109 14.3045)
(-0.36956 -1.26989 1.173)
(-0.00249914 0.0175566 -0.00388106)
(0.996675 -5.04643 7.8418)
(3.78924 -1.57213 3.45689)
(7.06255 8.91957 -12.031)
(-1.29629 2.02524 0.442691)
(3.90874 1.23146 3.10843)
(-0.685128 -2.45028 -3.15507)
(-16.8535 -10.2514 -0.920164)
(-3.85249 -9.12758 -4.92957)
(4.33749 -5.16312 2.89083)
(6.4903 -3.40283 1.05112)
(6.59793 13.7232 3.50612)
(-3.98292 -10.7934 -2.94743)
(-17.0977 23.9098 -0.282868)
(1.15035 0.119888 -1.08749)
(1.66372 -0.439475 -1.14939)
(9.2487 -16.103 6.95241)
(-5.76004 -3.77547 6.88449)
(7.1915 -9.94125 6.37897)
(5.94131 -3.59003 0.308526)
(0.339382 2.1289 -0.799823)
(-0.820363 -1.06288 4.60029)
(-2.57979 0.433893 -0.550155)
(6.07066 3.9378 4.38042)
(0.547263 -0.0655933 -0.193095)
(-1.03298 7.6861 0.90009)
(6.44772 -6.52811 6.31155)
(2.02465 0.0644987 -1.43342)
(-0.358824 -0.473628 -0.654672)
(-1.87141 -4.69031 -1.58035)
(0.668007 3.31985 1.6865)
(2.58964 -2.57414 -3.90093)
(0.122189 0.217638 0.109145)
(8.08023 0.310125 0.936294)
(0.137881 -0.13902 -0.0337171)
(18.6998 -6.10813 19.1015)
(-21.7288 -15.9599 -0.476412)
(-3.95972 -4.12331 1.57897)
(4.59159 -4.65527 3.6773)
(-1.60175 -2.17079 4.54478)
(-0.411156 -1.42173 -1.00747)
(2.8732 -1.48461 -0.41791)
(1.74615 -1.91369 -2.36117)
(-1.24309 -0.571513 3.16994)
(-0.218121 -0.693926 3.03221)
(-2.81939 -2.32223 -0.435384)
(-0.535015 -0.241714 -0.664218)
(1.25926 -1.82332 -0.275927)
(1.69168 -0.363739 1.42959)
(1.13151 -2.6968 1.99897)
(-0.415349 -0.248775 -0.409467)
(1.51194 -0.232473 0.454639)
(-4.22621 -2.34974 -0.782391)
(-0.221791 -0.121452 0.0545325)
(-0.931973 -4.75145 4.89091)
(1.20214 -0.529246 -1.02218)
(-0.224552 -2.76375 1.38668)
(1.14773 -0.505293 -0.975916)
(0.00219401 -0.252547 0.151323)
(-0.711855 -0.652216 -0.459613)
(-0.644826 -0.387601 2.09691)
(2.35707 -0.63167 -0.557415)
(-0.0422863 -0.578112 0.35476)
(1.47007 -0.287514 1.45751)
(0.967053 -0.432706 -0.920549)
(-1.07418 -2.0682 2.7538)
(5.10606 -3.7753 -2.77224)
(-2.69183 -5.48843 -2.57615)
(0.42519 -1.94477 -0.0882342)
(0.000808621 -1.00588 5.29581)
(-0.202638 -0.346656 2.46451)
(1.18162 -1.85516 -0.865128)
(-0.297831 -1.28979 -0.826692)
(-3.31942 -0.903912 1.33771)
(0.146132 -0.154039 -0.182851)
(-1.24406 -0.769399 0.643833)
(0.565464 -0.610876 1.17248)
(3.16562 -0.730096 -2.02006)
(-3.09002 -1.28804 -1.26814)
(1.15778 -3.44563 -4.99807)
(1.22226 -0.183315 -0.221333)
(-1.42783 -1.16154 -1.83332)
(1.2751 -0.308249 -0.489271)
(0.224362 -0.722336 1.23816)
(0.923709 -1.7554 -1.70872)
(0.6465 -1.11885 1.19821)
(-3.15752 -1.62383 0.266525)
(0.724401 -1.62856 -1.69291)
(5.01336 -1.5056 -3.25326)
(-0.0852112 -0.163621 0.00880176)
(-0.60006 -1.64464 2.61341)
(-0.229517 -1.03786 -0.341238)
(-1.34069 -1.68523 -0.277584)
(-2.19133 -0.892548 0.27011)
(1.40406 -1.36281 0.324631)
(1.91621 -2.77866 -0.642936)
(-1.02527 -0.813739 -0.746839)
(2.52344 -1.20837 -1.26999)
(0.721158 -1.60968 -0.757131)
(6.05508 -1.83176 2.71853)
(-4.29445 -2.20401 -2.64379)
(-0.609938 -1.23689 -0.0245869)
(0.312468 -0.0315798 -0.68119)
(2.55648 -1.14132 -1.39662)
(0.487207 -0.708435 0.557408)
(0.306404 -3.11629 0.358438)
(1.06522 -1.07969 2.33329)
(-1.46074 -0.779661 0.965692)
(-1.07651 -0.781476 0.772782)
(-1.57639 -1.77932 0.861223)
(-0.816172 -0.7163 -0.00704321)
(-0.317674 -0.470945 1.02292)
(-0.385137 -1.00162 0.0601628)
(-0.374059 -0.142954 0.320539)
(-0.660021 -0.771766 -0.3245)
(-0.480983 -2.0744 1.88633)
(1.23375 -1.937 0.183677)
(-0.524795 -1.57681 1.01802)
(-1.54336 -1.76464 -0.973847)
(-7.30661 -4.0369 -4.05626)
(-0.0994315 -0.0364001 0.0903083)
(0.245982 -4.01082 3.00828)
(4.63593 -0.497938 -2.23348)
(2.87729 -1.7195 2.67235)
(0.51312 -0.129862 -0.362283)
(-0.600842 -0.878947 -0.837029)
(1.8576 -4.05134 -3.23038)
(0.494919 -4.383 0.0788903)
(3.55414 -1.0322 1.2539)
(-0.0230014 -0.384962 0.0845688)
(0.0460866 -0.275032 0.396965)
(-1.66818 -2.45944 -0.860417)
(0.92634 -1.72128 -1.28795)
(0.791917 -0.649013 0.977893)
(2.78014 -0.695385 0.5739)
(0.657278 -0.367154 -0.073254)
(-1.9895 -1.89641 -0.836022)
(1.0671 -1.59992 -3.39685)
(1.83345 -1.62611 -2.0639)
(-1.58359 -0.852785 1.22712)
(-8.07703 24.127 -7.05922)
(-1.32808 1.60913 -4.45918)
(-0.288596 -0.71123 0.595653)
(0.59856 -0.437655 -4.21604)
(-0.514954 -0.583373 -0.359089)
(6.19834 -3.97449 0.569664)
(2.05014 -3.33313 -2.7638)
(-0.0916086 0.451546 -4.68361)
(1.86793 -0.290237 -1.3608)
(9.2659 -5.05991 -1.43016)
(-1.97512 -0.278629 11.1442)
(-0.0140347 -1.58296 -2.59793)
(5.93653 -6.14422 2.33681)
(0.497794 0.848513 0.491455)
(-15.1446 12.9148 -4.5096)
(-1.15275 -1.62163 -1.49512)
(1.3272 0.606259 -3.36549)
(-9.38462 -2.06368 7.9896)
(0.88522 8.62076 1.4404)
(-0.00809488 0.0345781 0.0377164)
(0.787933 -12.3183 -9.1002)
(-4.20766 0.976909 21.0927)
(0.063991 -0.338502 0.0125643)
(0.969806 -1.71866 1.20564)
(-3.3817e-05 -0.0400433 -0.02124)
(15.9462 10.0111 -17.3304)
(2.39593 -2.03933 1.17409)
(-2.22758 1.16803 1.20699)
(-0.947884 -0.421056 1.61511)
(-1.34673 2.11381 -0.370934)
(-1.06379 -0.526306 0.933722)
(1.44989 3.21573 1.87832)
(1.07477 2.04858 -1.81563)
(-1.74405 -4.29816 -3.72349)
(0.936577 4.16334 6.10659)
(-9.69241 -19.576 -6.45428)
(-2.64476 1.00471 -2.57141)
(-0.192894 -0.421438 -0.178211)
(1.60444 -0.455657 0.373765)
(-6.35101 -22.7681 -6.21524)
(0.00208337 -0.268497 -3.09907)
(-0.56288 -0.224999 -0.0279052)
(-1.1 7.86608 6.67894)
(-14.6955 15.1714 -9.55378)
(-0.268215 2.21645 3.34569)
(1.15819 3.69921 1.76185)
(5.36931 0.562494 4.70241)
(1.17202 0.821112 -4.72772)
(5.32515 -4.73348 8.45162)
(5.28733 -11.5314 -9.19471)
(-3.64781 19.9144 4.40764)
(10.0876 -9.9996 15.6001)
(2.1494 -0.0192606 -1.55749)
(-5.17672 19.4899 17.9975)
(3.94977 -6.03107 5.18565)
(-2.26401 -1.73581 -1.64702)
(3.02893 0.348384 1.36219)
(0.286304 -4.73533 0.454281)
(-0.567897 0.319108 -0.109079)
(-0.226297 0.280924 -0.052586)
(-1.23087 3.0753 -5.00147)
(6.14712 5.29463 4.99543)
(-17.2522 5.23964 -6.33455)
(2.18474 -3.54981 -3.64112)
(0.960361 -9.76738 1.12345)
(2.32284 -1.20668 -0.747755)
(-5.68964 -2.80111 5.74982)
(0.765598 1.56889 1.62035)
(-0.0461342 -0.656475 -0.521737)
(0.754879 -6.6852 0.120328)
(0.413557 0.606178 2.41796)
(5.18035 0.876552 -4.2048)
(-1.62788 -9.30891 -13.538)
(1.91227 4.42228 0.928229)
(-2.40059 -0.875665 4.51519)
(-0.516448 -1.35884 -0.395404)
(1.66898 -6.59288 -7.59006)
(4.59416 -4.65787 3.67936)
(-5.95677 -8.26747 5.87575)
(0.876776 -0.983072 -1.29207)
(0.987129 -3.03274 -2.9682)
(1.07334 -0.689229 0.404837)
(2.27731 -9.82646 -14.4735)
(-16.827 -11.7772 5.18205)
(4.36375 -2.01956 0.463173)
(2.86076 -2.43249 6.93479)
(1.90244 -11.3979 2.28768)
(-1.58628 -1.97007 -1.06226)
(-0.973712 -1.95132 1.40273)
(-20.044 -4.9713 -6.62811)
(5.15363 -10.6002 -2.85475)
(1.57784 -0.799487 0.126677)
(4.95746 -11.8154 8.758)
(0.933803 -1.39807 -1.57914)
(2.86455 -2.02589 0.574871)
(3.58054 -1.03513 4.42473)
(0.596399 -7.92918 -1.90074)
(-6.86772 -15.2525 -6.87043)
(0.322779 -1.1678 -1.37713)
(-13.1015 -6.35687 -5.15238)
(-3.4847 -0.702823 -6.13314)
(-2.52294 -1.12121 -0.711583)
(-0.857034 -1.72819 -0.726417)
(0.644912 -2.99562 -0.426143)
(-1.51088 -3.61909 4.56498)
(-1.85801 -3.35113 2.84928)
(1.36493 -0.209868 0.410433)
(-3.1284 -2.8663 -2.01986)
(-7.42604 -2.49811 2.90825)
(-6.78906 -3.41671 1.18934)
(0.802792 -0.923236 0.727419)
(-12.6524 -5.94346 -2.33273)
(4.06744 -3.4461 -3.58136)
(4.33383 -1.93916 -4.12542)
(10.4596 -4.23337 3.98418)
(0.794377 -2.75368 12.2011)
(6.77733 -2.87085 -0.395259)
(0.303579 -0.688081 -0.579573)
(7.5251 -7.12529 1.86196)
(2.39198 -15.6863 -8.0815)
(0.126223 -4.29794 5.01795)
(16.6774 -5.39871 14.3588)
(0.609557 -0.787071 0.201594)
(-3.02231 0.0208906 -5.97008)
(-15.5016 -2.70144 -10.3738)
(6.62515 -8.75835 3.35301)
(-0.224564 -0.609843 -1.51444)
(2.54838 -3.83129 -3.9805)
(0.166692 -1.11643 -4.53879)
(4.84607 -0.751574 -3.04461)
(-8.76963 -16.5105 8.3664)
(0.0208029 -0.0525941 -0.347478)
(1.23267 -1.93529 -0.902498)
(10.105 -0.569634 1.44058)
(4.48801 -0.673111 -0.812707)
(-1.25685 -0.619403 0.986775)
(0.0404786 -0.543036 -0.126355)
(-1.30264 -5.64124 -3.61575)
(-0.169751 -1.17575 0.161942)
(3.17399 -0.732027 -2.0254)
(1.39778 -4.15988 -6.03412)
(2.01432 -2.00226 -3.03429)
(-4.94101 -3.76575 -2.86335)
(3.42743 -7.70536 -8.00982)
(1.61883 -0.893773 4.34389)
(-5.31692 -2.73434 0.448799)
(-0.0871726 -0.236733 -0.587886)
(0.88687 -0.500344 2.14327)
(-2.05949 -6.44042 24.4075)
(15.6889 -4.71164 -10.1808)
(8.25892 -3.5494 2.81924)
(-0.450221 -1.68514 1.30796)
(-0.0725592 -3.09809 -1.06992)
(0.0324092 -3.14419 -1.48416)
(-1.30896 -4.18157 2.64155)
(-0.00216495 -0.0797806 -0.0324464)
(-3.88146 -1.58095 0.47844)
(2.71738 -0.256021 -0.395327)
(0.358608 -8.56584 -4.06592)
(6.16548 -3.46608 -5.67324)
(-0.238473 -1.07836 -0.354553)
(0.731323 -0.834525 0.454194)
(1.8141 -2.72171 15.8735)
(3.62084 -0.182723 -0.415392)
(3.62759 -1.03344 -0.21269)
(-1.39238 -2.44351 -0.450331)
(3.87754 -0.772265 -5.93413)
(-1.02584 -0.814194 -0.747256)
(-1.91414 -0.409059 1.51993)
(7.33741 -2.17118 -0.356025)
(-0.637669 -5.80089 1.2666)
(-1.92755 -3.84088 -0.610991)
(0.206496 -0.161672 0.532617)
(9.2324 -1.60515 5.57559)
(-1.42237 -10.9742 0.0769004)
(0.4337 -2.59956 2.44897)
(0.60984 -0.8446 -1.97335)
(-19.2738 -11.7237 -1.05231)
(-11.3899 -1.23339 -1.54253)
(0.428328 -4.35632 0.501068)
(-1.99459 -1.0923 1.72322)
(-2.76179 -2.42383 -0.023833)
(-0.643405 -4.90417 1.00599)
(2.13958 -0.600159 2.38314)
(-11.2409 -8.89964 1.78612)
(1.16783 -1.63465 0.212054)
(-2.29879 -4.53367 -3.95768)
(-14.9606 -36.5332 16.5223)
(-0.352527 -0.180484 -0.279789)
(14.0323 -5.79544 -1.35373)
(4.83392 -8.43831 9.11622)
(19.9722 -19.5025 19.1614)
(-0.768787 -1.57419 1.29531)
(-6.24476 -5.19276 -0.973136)
(-0.952715 -0.448226 2.34389)
(-0.51217 -1.65883 1.30507)
(0.695171 -2.09297 1.95762)
(8.25201 -4.20988 4.06428)
(-3.85767 -3.50371 2.92157)
(-1.69095 -0.0482438 -0.39074)
(-0.139565 -0.591686 -0.297534)
(3.0569 -3.7184 0.362934)
(-0.980749 -0.677032 -0.529366)
(-1.80842 -2.64547 -2.51931)
(-1.25077 -4.78837 3.84022)
(1.06205 -14.3972 -7.72757)
(-0.293231 -0.082314 -0.176512)
(1.8305 -1.17264 -0.384838)
(0.82385 -7.296 0.131322)
(-0.0966959 -0.460409 1.81274)
(1.97844 -4.3149 -3.44053)
(2.98676 -0.788956 -2.06342)
(-0.442262 -2.30969 -11.8202)
(11.7745 -2.94509 2.43058)
(2.8587 -1.01393 1.09043)
(0.210103 -0.350002 0.565965)
(-0.310056 -0.450156 3.29969)
(15.3431 -14.4262 2.28763)
(-5.14737 -4.90652 -2.16302)
(-9.44866 -9.61438 -16.5772)
(0.742118 -3.51382 0.0980276)
(-0.804308 -3.37913 -1.07399)
(2.6076 -1.09009 -2.48409)
(-5.90884 -3.18199 4.57874)
(-12.0056 -5.88122 6.4344)
(0.662241 -2.4513 -0.142364)
(-0.694305 -0.564262 -2.73161)
(-8.76218 -2.29633 1.41786)
(-0.156744 -2.23042 -1.77264)
(-0.425362 -3.79991 -0.046089)
(0.644838 -0.334985 -0.207583)
(0.836155 -1.18982 0.648186)
(21.7064 -7.09024 22.1728)
(-0.996095 -3.85111 0.826667)
(0.0524042 -0.064025 -0.0947445)
(3.40323 -5.19654 4.4681)
(-0.600873 -0.785953 -1.80067)
(-5.35517 -1.35221 2.50667)
(-0.320589 -0.426991 -0.81771)
(-0.265998 -0.764636 -0.839334)
(0.220559 -2.89945 -1.54823)
(-2.5226 -2.87322 2.38675)
(6.35682 -32.5855 -15.5253)
(1.6218 -13.2308 -5.54648)
(-1.30132 -1.27688 -5.63392)
(3.11771 -5.42829 2.34364)
(-9.93824 -8.34107 -8.71451)
(0.832618 -0.419367 0.024429)
(0.71681 -0.990976 -0.265923)
(-1.14076 -0.466415 -0.0589486)
(3.6924 -5.5361 -11.7539)
(1.96 -1.54388 -1.03975)
(0.25325 -0.752687 3.25039)
(-1.59753 -3.50113 0.285291)
(-8.95951 -5.06645 2.32977)
(-1.64618 -0.516434 -2.09001)
(-1.47477 -0.325121 0.597974)
(5.26851 -4.59978 0.590207)
(0.973966 -1.72603 1.21081)
(3.41873 -11.2225 3.56766)
(-1.9844 -1.52143 -1.44361)
(3.73277 -1.27664 -0.0880431)
(0.8608 -10.1648 -18.3357)
(1.42977 0.228386 -8.15428)
(1.80904 -0.329434 -3.38359)
(2.73803 -4.43555 -0.565773)
(0.0327139 0.116337 -0.910427)
(-3.10028 -2.14884 -1.13847)
(-0.741313 -0.174878 2.43869)
(0.118267 -1.36085 -0.543653)
(-3.20274 -2.32441 -4.9641)
(-8.54586 -2.72365 4.39155)
(-6.18384 -23.1564 1.83083)
(-0.63378 -0.0877749 0.474462)
(-2.76387 -15.805 -22.9853)
(3.17362 -0.445946 2.29466)
(3.364 -7.94855 0.974712)
(1.44724 -1.93064 -1.85212)
(-0.194071 -0.331065 1.12314)
(-2.64024 -0.180022 2.40704)
(-5.86673 -2.90527 -5.07142)
(-1.75301 -0.404347 -0.728292)
(-0.820468 -3.66089 0.44204)
(-10.1451 -24.8304 13.9304)
(0.52309 -0.559873 1.93179)
(-11.9724 -5.83106 5.28746)
(0.113354 -0.117311 0.190916)
(4.29078 -0.559796 -4.69999)
(3.57328 -1.22326 0.820225)
(-7.12996 -0.7312 -5.86399)
(-4.65991 -1.36943 -1.08919)
(-2.79173 1.78569 -20.4059)
(2.18849 -2.87041 1.49183)
(11.1227 13.7316 -0.0657782)
(-7.47534 -9.96001 -40.0632)
(0.554278 6.51031 -3.89521)
(2.76224 -1.21723 4.39178)
(-2.83845 2.04103 -7.02841)
(3.10802 11.2995 -3.09093)
(-4.94366 13.0491 4.87079)
(-9.78828 12.9221 -14.9094)
(4.8025 0.608819 2.29791)
(-1.57049 1.25006 0.533019)
(-9.93139 4.26707 -15.7931)
(-10.4132 2.24732 3.30889)
(-1.71209 -11.3088 9.29824)
(9.79661 -14.068 23.6488)
(4.2413 -10.2718 -11.4368)
(8.91647 1.07145 -6.84833)
(8.21812 -5.91916 -1.06696)
(0.461426 -3.7525 -1.32081)
(-0.0860481 0.328953 -0.173149)
(-2.42244 -3.54984 4.90761)
(-0.18641 -1.05055 2.76613)
(1.76888 2.54462 4.50404)
(-5.56348 9.97936 7.23584)
(13.5319 12.2586 -0.494177)
(0.714523 -5.90204 -20.318)
(-0.0517224 12.5284 3.43714)
(-10.6024 0.653464 8.16143)
(-22.0794 -11.5816 -18.7841)
(-8.11288 7.83969 -8.23293)
(1.26479 2.34678 -4.39387)
(-4.78436 8.56255 -2.53582)
(0.401409 0.373798 0.501103)
(-1.80238 7.79908 4.75507)
(6.59664 4.24662 -8.93181)
(2.30321 -2.19776 0.0612964)
(-0.856606 -0.925659 9.1397)
(6.36213 16.6954 -7.00162)
(9.30565 6.69291 6.36655)
(-10.1882 -1.83911 7.80896)
(-0.116798 9.75322 1.92062)
(-43.413 11.3883 1.96365)
(-2.25286 2.83617 -1.42331)
(2.56578 -0.939239 0.515494)
(9.03901 2.86137 -6.27781)
(-1.7237 -8.70782 -0.620677)
(8.19725 -0.747528 0.199843)
(10.4432 33.2684 -26.7137)
(-2.75376 5.69641 -5.792)
(6.6029 9.00968 -6.82175)
(17.8802 -5.42258 1.0175)
(-1.89856 1.61377 -1.70009)
(-6.34386 1.32874 19.754)
(0.782498 5.93694 3.67674)
(4.1373 2.09845 0.694812)
(-9.08006 -15.181 18.1345)
(7.35977 6.17289 11.3581)
(2.44695 1.43945 9.19755)
(7.30425 -4.18465 5.02033)
(0.528507 0.743073 1.8318)
(-0.00473046 -0.00829017 0.0056297)
(-0.252127 0.790112 1.34204)
(25.1527 4.27277 -6.02235)
(2.69141 -0.50759 -0.805933)
(4.80447 -0.0779798 4.98662)
(2.23539 11.0054 2.56291)
(-1.09608 -0.148397 -1.72586)
(-3.31545 8.5358 -17.7164)
(-4.55258 -8.67985 -2.7765)
(12.9059 8.86002 3.13083)
(-2.23991 4.50602 8.78069)
(13.7714 1.72334 -6.32273)
(17.3045 -5.69881 27.0755)
(3.79456 0.694976 -2.43381)
(0.176458 -4.19744 4.92491)
(6.95775 14.6645 11.9082)
(-3.69507 6.97595 -1.11277)
(-2.91954 1.01935 3.37386)
(1.79404 -2.50197 0.970871)
(1.69168 -6.26179 -0.363665)
(-8.672 2.94045 -2.38595)
(1.36174 -11.6676 -5.78905)
(3.69805 0.340437 -0.917383)
(-0.513522 -6.84371 -4.74767)
(-9.13695 0.577847 1.54575)
(8.51464 -2.01824 2.61007)
(-0.40764 -0.331289 -1.60378)
(-0.132122 1.0259 2.83323)
(-7.57872 3.9947 7.40868)
(-2.32187 4.61085 -4.24474)
(-14.0436 -0.718184 -7.56866)
(-2.4716 -0.263364 -0.737513)
(-0.314606 -0.184049 0.0456073)
(0.259418 2.06741 3.17035)
(1.68045 -1.88445 0.834935)
(-16.6192 -11.6362 4.88941)
(9.21453 7.40939 4.54589)
(-14.8384 4.69453 -1.59189)
(0.303562 -6.17611 -1.27692)
(-6.66878 12.4575 4.08526)
(16.452 15.8001 -5.47763)
(-2.98869 2.98385 -10.134)
(-3.76505 2.73594 0.793718)
(-0.149377 -0.144879 -0.129138)
(-0.306187 -1.6874 -0.294368)
(10.7468 -2.18693 -20.5544)
(0.630829 3.08132 -0.526713)
(-7.27774 10.4836 -6.59405)
(-1.30758 2.00668 -2.4547)
(6.24791 -1.30487 -4.53724)
(-0.0790703 0.0771533 -0.155127)
(-4.03341 -1.8409 0.510741)
(7.84847 -11.8155 2.64169)
(0.24444 -3.82089 -4.60263)
(0.00832892 -0.00396744 -0.154678)
(9.59555 13.0189 -11.4531)
(7.11192 2.44421 -4.73453)
(2.86886 16.0401 -11.672)
(-5.90469 0.142343 -1.81745)
(0.481588 0.290162 -0.29173)
(-0.395642 -1.71628 -1.68422)
(-1.12509 9.77156 0.0194074)
(14.0949 17.9237 12.4171)
(-28.2309 28.7453 0.0672104)
(0.309195 -0.256506 -0.164126)
(0.632374 -4.56853 -0.38687)
(2.62243 1.65571 2.99297)
(-0.340025 -0.296773 0.211133)
(-2.9096 12.1483 3.11078)
(3.16947 -5.32039 7.84448)
(-17.063 -3.15513 -2.39498)
(-2.47948 -6.52382 -1.89834)
(-2.77588 -12.619 -19.5292)
(15.9978 -8.26624 -2.3269)
(-0.892526 -3.08624 -2.18698)
(-1.36 -12.3327 -6.7806)
(14.8797 -2.82409 -5.41532)
(0.695224 -1.29983 0.838405)
(7.27065 -6.81029 1.73803)
(14.2182 0.164906 6.83487)
(24.6966 -11.4297 2.62132)
(-1.23571 -3.93126 17.1782)
(17.7415 -11.5154 0.513802)
(-28.2043 -13.0171 -3.49729)
(-11.6032 -6.32935 -1.68258)
(-2.05461 -7.1046 -5.03447)
(2.98956 -5.26176 0.619739)
(-6.24708 -15.1787 -4.60434)
(1.34571 -4.13441 -4.04642)
(8.8918 -9.60131 -0.943682)
(4.76999 -3.06296 1.79911)
(-33.5194 -20.5222 -24.4733)
(2.8038 -12.0983 -17.8197)
(-19.0808 -9.2293 3.18324)
(-11.3012 -12.1343 -26.9353)
(3.48259 -16.0714 7.39491)
(0.759381 -0.562026 1.6451)
(5.79869 -4.16334 -0.474783)
(-4.66144 -1.5769 2.52415)
(-0.684361 -1.15788 1.03514)
(-6.54488 -9.08372 6.45586)
(-1.48995 -6.9513 -10.4096)
(0.0535232 -0.08162 -0.307995)
(2.12925 -12.7568 2.56042)
(-5.39171 -21.068 3.88503)
(0.156702 -0.630333 0.542565)
(7.7678 -2.8267 -25.4022)
(11.2071 -5.19674 -0.103711)
(0.661773 -0.106353 0.236017)
(-0.480849 -1.15603 0.63896)
(-40.613 -4.53665 27.8291)
(-1.80247 -3.04963 2.72636)
(1.04965 -1.72588 -0.110621)
(28.0798 -5.92125 22.4323)
(3.32112 -6.55155 0.206817)
(7.49555 -1.34401 4.68012)
(6.15976 -2.95092 -7.0977)
(3.58296 -8.83233 -12.7887)
(1.22263 -10.9177 15.82)
(-24.2153 -13.4636 -4.48294)
(-5.75424 -31.6976 30.821)
(0.538727 -2.16702 1.86528)
(5.65067 -3.99631 1.134)
(-2.9406 -17.2268 15.8024)
(-0.325306 -1.10537 16.0804)
(8.12189 -16.9389 4.49684)
(-20.4506 -10.2687 22.1135)
(-3.14765 -6.34716 -2.66793)
(5.95939 -2.20547 -1.99962)
(0.78334 -10.4146 -2.49653)
(0.109855 -0.508599 -0.763713)
(-6.11548 -1.23342 -10.7634)
(1.15114 -1.05483 0.971193)
(0.909761 -5.99585 6.3259)
(-6.4741 -7.35594 8.9233)
(-0.633652 -0.964512 -0.348643)
(-0.178243 -0.318417 0.519254)
(7.88673 -13.5391 -32.9698)
(0.195857 -0.714696 1.95127)
(1.32129 -2.45806 2.14847)
(-5.32881 -38.5245 30.6426)
(29.5835 -22.8879 10.4627)
(-34.8356 -11.7187 13.6426)
(-0.900707 -0.549903 1.16495)
(11.1729 -1.61278 0.37103)
(-16.4606 -8.28406 2.88363)
(1.98611 -14.6027 -9.51726)
(-24.1767 -11.357 -4.45746)
(-0.818543 -0.0291915 0.328024)
(6.35267 -4.01805 8.06183)
(8.64422 -12.0752 18.7936)
(-7.61051 -2.39297 0.240133)
(-0.096831 -2.74953 -1.53775)
(13.2292 -11.2083 -11.6482)
(19.3542 -8.19835 -1.12875)
(-1.80793 -0.396474 -0.32855)
(7.53779 -10.8692 -5.45238)
(43.2826 -32.2779 9.41065)
(20.1196 -19.0507 4.97827)
(-22.3483 -15.9743 -8.67896)
(-8.19891 -18.6672 -3.83149)
(5.23381 -32.4576 5.01109)
(2.35146 -7.36843 1.78726)
(-8.22836 -2.87345 -9.56475)
(0.809852 -1.2232 -0.861904)
(-1.97535 -16.5016 -6.87664)
(8.79851 -12.7116 -11.5903)
(-8.2596 -10.9207 4.14678)
(0.376191 -8.35397 -3.62244)
(-3.39457 -0.664858 -2.0842)
(0.213646 -7.27471 8.4934)
(1.96885 -1.98955 -2.5921)
(-18.6435 -3.24897 -12.4764)
(-5.18118 -2.96349 2.23364)
(3.26385 -3.16796 0.754632)
(15.6357 -20.6702 7.91327)
(-5.93461 -11.4263 15.2141)
(-5.75005 -13.6234 -7.35765)
(-3.16513 -4.97157 4.19923)
(25.3994 -6.82293 -5.01892)
(11.6608 -17.3582 3.81188)
(-47.3859 -28.2064 -1.58145)
(0.0409524 -1.38651 -0.729501)
(0.950679 -14.2866 3.5469)
(14.8227 -1.39654 -2.15641)
(-1.03824 -3.71483 -16.077)
(-0.0612302 -2.19278 6.13202)
(-0.196599 -1.30995 -0.19524)
(5.70004 -0.335391 -1.03799)
(11.5937 -6.62354 -33.4429)
(5.98352 -9.39416 -4.38084)
(-2.64583 -0.0943574 1.06029)
(-6.92344 -3.41201 5.4357)
(-3.71326 -4.96997 15.7834)
(7.41898 -1.94635 8.53769)
(-17.4197 -7.2612 -7.14906)
(-0.181458 -7.1172 6.232)
(11.8028 -8.19529 -7.74168)
(-1.18239 -0.153545 -6.04908)
(-18.2721 -1.18241 -6.39274)
(-18.4247 -2.11721 -3.81284)
(24.6289 -22.1385 1.2761)
(-0.181578 -5.15593 -2.8836)
(8.64649 -9.68704 -50.6849)
(-3.18004 -15.0067 13.8223)
(4.15363 -3.37127 -4.90955)
(6.74374 -2.62613 -7.59823)
(0.189436 -6.41366 -3.3745)
(15.3834 -4.21593 10.9352)
(4.85666 -4.70913 -4.0948)
(-3.18082 -2.74266 -3.62613)
(-15.1841 -1.13329 -4.41423)
(2.16375 -1.18323 -0.714445)
(9.04162 -8.9875 -13.6199)
(-1.71369 -3.81917 3.96774)
(-0.147105 -0.732726 -0.759051)
(-17.7723 -3.16173 10.3225)
(4.8437 -2.73266 11.7056)
(-9.40116 -7.16503 -5.44804)
(1.21519 -2.62948 -1.73861)
(0.228564 -0.116558 -0.219267)
(-2.53564 -9.49071 7.36639)
(3.86426 -8.68743 -9.03069)
(-15.6889 -11.5894 4.05841)
(-0.243705 -10.4056 -3.59355)
(18.3865 -19.6684 -19.0166)
(-3.32874 -1.79121 -1.11533)
(-0.625776 -2.18685 0.578901)
(-7.09852 -5.48072 -0.554484)
(-0.371433 -2.52031 0.628386)
(-5.47076 -17.4768 11.0403)
(0.949943 -3.10001 -4.39123)
(-1.35301 -3.39103 -1.14257)
(-7.36389 -9.25633 -1.52467)
(20.6506 -4.41821 24.4487)
(0.0403821 -3.91769 -1.84927)
(6.17826 -1.49357 -2.37068)
(1.8958 -1.85778 -2.28977)
(1.0964 -10.0917 -11.9985)
(-0.270715 -0.0259141 -0.153144)
(5.54881 -8.32491 48.5522)
(-3.09803 -7.95379 -6.35654)
(7.98699 -7.75234 1.84667)
(-1.45885 -0.125144 1.25539)
(-0.671263 -0.955525 -0.375621)
(-2.75326 -6.10413 -13.2114)
(12.8521 -4.56591 30.224)
(-2.31292 -2.70327 -2.1684)
(-0.663503 -0.751658 -0.462676)
(-0.644971 -6.30306 -1.19344)
(2.38629 -2.27703 0.0635075)
(3.90498 -2.64595 -13.3882)
(-0.675074 -1.91485 9.65689)
(-5.09674 -11.9204 -5.78357)
(17.0133 -0.361576 -4.40475)
(3.52488 -11.1038 5.20765)
(-11.5351 -14.0471 16.0265)
(1.05407 -0.0441011 0.00437523)
(18.5782 -3.23003 11.2197)
(-0.859315 -22.4831 11.6588)
(-0.440726 -0.571017 2.47143)
(-0.0734283 -0.0603899 0.424807)
(1.90355 -0.616261 2.17787)
(-0.473809 -0.792086 -0.407016)
(-1.30453 -7.45148 -5.75464)
(3.1639 -4.38185 -10.2379)
(14.1298 -6.30811 -7.7192)
(-3.73771 -3.86392 6.7777)
(2.42276 -42.5316 15.277)
(-44.2862 -7.52555 -11.8967)
(-5.35312 -3.15343 -1.02907)
(-31.4277 -3.40327 -4.25627)
(15.1952 -7.04384 4.45627)
(0.719581 -0.843444 -0.263051)
(-2.81032 -13.4122 1.80337)
(-8.17604 -0.701362 7.03575)
(2.51482 -3.65673 2.87718)
(-0.206958 -8.11736 7.10777)
(-1.26863 -1.03082 7.65156)
(-2.56595 -19.5582 4.01194)
(0.528266 -1.31448 0.0748524)
(11.8139 -3.31385 13.1588)
(0.143634 -0.368941 0.320561)
(1.65088 -16.7904 1.93124)
(2.09018 -3.92587 4.65293)
(1.75282 -0.925483 0.416521)
(5.30528 -5.37734 11.6208)
(-12.8418 -9.34589 -5.71745)
(-14.8599 -23.3029 3.35992)
(-6.48033 -9.00653 -29.2725)
(-25.8787 -8.36652 -4.49734)
(-8.28532 -9.08446 -1.95908)
(-8.86049 -2.29405 26.5568)
(-19.5531 -12.3787 11.2843)
(-3.41748 -4.47013 -10.2414)
(-1.96504 -0.297006 -1.14479)
(-17.9608 -4.66077 -11.1773)
(-0.914995 -1.00673 -3.43171)
(0.266258 -6.15949 0.495623)
(3.04006 19.136 -15.6626)
(-8.1603 -12.5828 13.1082)
(-0.536223 -0.196302 0.487022)
(-4.42234 1.47277 14.0318)
(-2.92366 -8.78452 5.67143)
(-39.0234 -21.5604 -21.6638)
(1.8152 -0.636852 -1.4953)
(-13.8394 3.65531 20.0826)
(-11.8253 -1.9712 10.3931)
(-2.69037 -11.6031 10.5511)
(-7.42878 -7.28928 -32.1622)
(0.648549 -1.12251 -2.42755)
(6.53592 -1.41967 0.482489)
(6.28403 0.237749 -0.743629)
(17.2057 -26.9664 -25.0156)
(9.25284 -8.51102 -1.59807)
(-8.43393 -9.64314 -5.32174)
(3.34889 -10.0826 9.43057)
(16.0848 -9.61247 14.9392)
(2.08119 -4.50334 -2.97761)
(-7.58906 12.331 20.7003)
(-4.21434 -3.58537 -1.5444)
(-5.7559 -4.17842 4.13194)
(-3.8677 -45.7526 -20.4888)
(1.26463 -20.6202 15.466)
(-5.21568 1.78366 0.658442)
(2.59313 3.44533 5.39842)
(-4.53721 -0.599497 0.816883)
(-5.8508 1.40471 -2.42037)
(-27.9789 -3.95961 31.8554)
(5.49763 20.3181 -6.28993)
(-2.9773 16.7973 -12.0487)
(-27.3447 -28.8624 0.775899)
(1.08343 14.966 10.1956)
(2.29447 -1.52284 0.0511151)
(-1.64684 -6.40359 -20.0065)
(19.6664 11.8259 -4.31854)
(-0.938302 0.177384 0.626633)
(-5.53098 -3.81816 -2.98539)
(3.60434 -0.658724 -7.66286)
(18.3076 9.79212 13.7995)
(-8.09008 -2.73528 -5.26116)
(-0.0599659 0.0263794 -0.509896)
(1.58252 5.28449 -1.825)
(35.4989 -19.6172 2.41256)
(-0.309799 -0.327637 -0.99873)
(-0.570701 1.20749 3.36502)
(-3.1493 -0.0949752 4.33516)
(0.797121 7.71966 -2.46399)
(3.04976 -2.12812 -9.144)
(-3.0951 10.1422 3.58294)
(-1.44079 0.0705269 0.342112)
(0.586315 -0.957739 -0.151754)
(-1.43637 3.48036 -7.04152)
(8.82169 -0.0263475 -5.05747)
(-5.78767 -1.88764 0.985084)
(0.439202 2.04358 1.39199)
(-1.63191 1.4277 7.00832)
(12.5922 -4.69697 -1.8125)
(-17.5541 -15.9434 13.2944)
(27.9306 -3.79549 -22.4619)
(10.2118 11.977 -5.60358)
(-16.3333 13.8968 16.1489)
(-12.0729 -0.8357 -0.783973)
(-1.15988 9.41538 -10.7474)
(-9.21741 -2.89165 -11.7025)
(1.09323 3.75763 0.491186)
(20.6659 -20.1799 19.827)
(1.27829 -3.88152 2.04056)
(8.56226 -12.7437 -18.2598)
(-3.64207 5.22279 13.1745)
(5.72067 0.581287 -6.60948)
(-2.12023 0.786547 1.45959)
(-20.1271 -13.9899 1.24444)
(-1.12841 6.81914 3.82566)
(-17.8756 2.2287 -5.78503)
(-2.05626 -3.54982 -6.93639)
(-3.51333 -8.76225 -0.610911)
(-0.852316 0.696787 -0.81723)
(-11.4165 10.6289 -19.1956)
(-1.37913 0.0509084 0.410078)
(-8.88967 39.7538 -17.9899)
(-7.53469 1.27632 18.7961)
(-7.30362 -5.93681 -22.2087)
(-17.5123 6.52753 7.42337)
(-8.42579 2.75076 11.6509)
(0.0202314 1.45245 3.32635)
(-5.50898 1.28368 11.2269)
(-2.18125 -2.00234 0.932814)
(0.514823 0.758107 1.42344)
(0.71472 -0.0158423 -0.723671)
(-6.96242 3.87639 8.14613)
(10.257 17.3138 -9.14113)
(0.451349 1.44865 -1.11558)
(18.5714 18.5116 -12.1478)
(10.4674 3.76793 6.21705)
(0.166133 3.83012 4.41975)
(-41.9795 -12.6358 12.9367)
(4.25773 -2.62087 0.576535)
(0.144611 0.679641 3.1233)
(2.32464 13.7381 -9.04478)
(-12.9076 10.3852 10.469)
(4.69603 0.163066 2.87238)
(-4.27379 26.4217 -2.42754)
(5.22613 5.17564 -1.75754)
(-14.5968 15.9285 10.4283)
(6.8705 1.8282 -14.6236)
(1.13436 -0.212574 -0.0831918)
(9.21693 4.16105 -0.185253)
(0.596482 6.26005 -0.463918)
(-1.41101 -8.30218 -3.94341)
(-0.824586 -0.724245 0.431151)
(-2.74342 -0.624556 -1.81308)
(-41.9677 8.62466 -8.81926)
(-1.80449 -1.38281 5.12021)
(0.404784 -0.156567 1.76977)
(0.676715 -0.960442 -0.579976)
(5.04701 6.22227 -2.49101)
(-8.30691 -0.304276 5.09135)
(2.29692 12.5746 9.75491)
(-6.56787 18.6724 -9.11616)
(-15.6175 -12.8501 15.6043)
(-0.289848 0.561832 0.864546)
(14.8766 -19.3513 10.2281)
(7.82423 1.75854 2.22615)
(8.85535 4.3077 -2.36121)
(11.5263 10.58 0.971927)
(-10.1447 -13.7365 12.2168)
(0.626231 10.1905 9.88097)
(5.56577 -6.57756 1.94164)
(3.2558 3.98024 -12.7504)
(-6.1632 7.50205 -2.79602)
(0.444623 1.25301 0.983131)
(6.54224 -11.3087 -4.77769)
(0.242222 -0.511485 0.0394537)
(-19.9135 -5.87991 -27.9337)
(6.56724 1.65427 0.204393)
(0.0482722 0.887084 0.92024)
(-2.27722 -0.445627 3.67025)
(-2.3397 8.8064 -3.00014)
(4.1467 -6.16816 -2.86606)
(-1.76486 1.04365 -0.495913)
(-1.73084 1.13986 0.827075)
(0.905345 8.46162 1.70393)
(5.76876 -1.27224 -23.8797)
(5.87505 7.32541 -35.8525)
(-1.62837 -6.84125 -2.17436)
(1.01637 8.61646 1.64001)
(-0.978318 -29.1161 2.57746)
(-1.44804 -13.131 -7.21954)
(-2.72514 -12.3883 -19.1722)
(25.2884 -25.6391 20.2529)
(-8.82966 -11.9665 25.0531)
(-2.67228 -7.0311 -2.04596)
(-6.72902 -3.09369 17.1594)
(2.86062 -5.03481 0.593009)
(8.55923 -9.24219 -0.908386)
(40.2677 -15.9847 26.6765)
(2.579 -11.1282 -16.3909)
(-0.128895 -1.00032 -13.6001)
(7.8019 -16.2454 -0.406197)
(2.00228 -33.308 -6.92518)
(6.78951 -3.44022 0.545098)
(-8.95168 -6.06886 12.8864)
(-18.396 -14.591 2.32675)
(-0.444699 -0.657826 1.34621)
(-1.12168 -2.08511 -5.32109)
(6.52955 -9.45435 -1.43074)
(-5.19285 -10.4065 7.48083)
(5.68766 -4.08361 -0.465692)
(-7.1892 -8.92858 -4.81428)
(2.1299 -12.7606 2.56119)
(6.66995 -3.37964 0.535498)
(7.22 -25.9452 -8.09395)
(-13.9948 -18.6861 0.51386)
(5.06469 -7.58274 -8.5648)
(-9.62728 -15.3374 19.0078)
(-4.75723 -24.2537 24.9655)
(-1.80312 -3.05073 2.72734)
(-0.118279 -1.61704 0.992304)
(6.95408 -1.24691 4.34203)
(3.88598 -9.5793 -13.8703)
(1.16394 -10.3936 15.0606)
(-12.5134 -5.56104 -3.52934)
(16.6908 -8.56436 -21.0997)
(-12.374 -7.41866 7.38117)
(3.55446 -0.369471 1.72687)
(3.25752 -6.42609 0.202857)
(-20.4967 -19.7031 6.54548)
(-2.1045 -1.2605 -2.0747)
(26.4566 -9.87378 15.7459)
(-1.12826 -0.617829 0.277408)
(-7.45566 -6.92694 -24.6026)
(8.05396 -16.7972 4.45922)
(-13.0997 -14.4871 4.65475)
(-6.48068 -1.30708 -11.4061)
(-7.6658 -17.0249 -7.66882)
(8.7193 -1.61455 -2.85044)
(9.77035 -0.938838 -0.326321)
(15.9328 -21.3934 -2.79081)
(-1.21405 -14.9424 7.49717)
(0.0118677 -1.36606 0.818525)
(-18.4144 -25.8593 35.8051)
(-5.98675 -43.2811 34.426)
(-1.85482 -0.44316 -1.55597)
(-3.97412 -7.16776 6.09435)
(-3.19865 -0.238737 -0.929896)
(-2.41925 -5.79495 7.30952)
(-2.45321 -18.0314 -5.89643)
(-1.15378 -0.224388 -3.42279)
(-12.0528 -7.2261 7.18958)
(-3.99375 -3.65915 -2.57858)
(-9.804 -10.62 21.7062)
(8.31325 -1.53936 -2.71769)
(35.075 -18.4345 -16.7169)
(-18.8634 -21.85 27.4812)
(18.5267 -17.5423 4.58411)
(-8.84525 -5.41355 -6.94261)
(-1.87922 -0.412107 -0.341505)
(2.41792 -11.0593 -0.501761)
(2.17135 -3.31385 -3.99134)
(-2.22457 -0.428854 -1.43293)
(5.03337 -31.2146 4.81918)
(0.177035 -0.819624 -1.23075)
(19.2639 -8.16009 -1.12348)
(-21.2645 -15.1995 -8.25804)
(-1.77217 -1.39386 -3.87125)
(-0.747426 -0.377801 0.57456)
(3.05501 -1.78848 0.107188)
(3.25374 -17.6814 2.11629)
(26.8435 -32.3241 10.1413)
(3.07059 -3.9648 1.01551)
(5.22413 -2.33753 -4.97291)
(-1.94128 -16.217 -6.75804)
(4.4501 -29.1832 -15.035)
(12.1216 -8.55012 7.27044)
(0.759357 -0.863325 3.31548)
(0.0662882 -0.621503 -0.401179)
(-13.3643 -3.83301 8.80067)
(0.561926 -5.57978 3.63569)
(3.13631 -12.1184 -6.91559)
(2.22856 -10.1932 -0.462465)
(-7.76359 -8.82108 10.7006)
(-4.99544 -2.85725 2.15357)
(-0.614554 -0.67617 -2.3049)
(-0.473161 -1.28496 -3.19097)
(-17.4031 -26.6644 18.5386)
(3.98282 -16.586 9.28697)
(2.61378 -4.86257 4.25013)
(1.30988 -0.0832926 -0.564075)
(0.872888 -13.1176 3.25667)
(2.14581 -3.27487 -3.9444)
(-5.86217 -2.30012 -3.42209)
(-0.0115052 -0.42398 -0.172431)
(2.87945 -4.32902 -4.49762)
(0.0175375 -0.0498591 0.0133309)
(6.44351 -10.1163 -4.71762)
(7.4513 -1.95482 8.57488)
(-0.731301 -0.442847 -1.89009)
(8.71767 -8.62484 -10.0921)
(-18.7008 -2.14894 -3.86997)
(0.224484 -3.01153 -0.70073)
(-12.4035 -2.5839 1.12765)
(10.1822 -18.9199 -13.3828)
(-11.8634 -9.41392 5.20268)
(-5.02245 -6.50479 6.79312)
(-20.1 -4.76733 12.0269)
(-3.68998 -2.06744 25.2698)
(6.28448 -0.942546 -1.13802)
(17.8465 -4.11599 -11.3883)
(9.62899 -20.6291 4.57032)
(-0.542652 -0.278374 -0.735824)
(6.40019 -19.0473 -27.6291)
(-2.92264 -2.52004 -3.3318)
(-7.52585 -6.12228 -9.66312)
(-22.3192 -13.0867 -5.22129)
(1.10586 -1.26192 0.686805)
(8.23646 -2.34643 -0.482913)
(10.3325 -5.26986 -4.26851)
(4.9515 -6.86092 8.94802)
(2.73831 -1.50325 6.40757)
(1.24879 -4.02049 6.89156)
(-5.90173 -3.1794 0.778505)
(-0.384268 -0.947011 0.793119)
(-14.4043 -2.80759 11.1744)
(-0.939693 -1.3402 0.685088)
(5.17206 -9.82889 -9.56751)
(-8.77873 -1.34252 -1.10533)
(0.558365 -29.6711 9.55451)
(-17.3035 -12.7821 4.47608)
(-17.5391 -9.01989 1.48047)
(6.70077 -1.61988 -2.57117)
(-0.0857661 -9.31774 -5.61472)
(-3.14635 -1.69306 -1.05422)
(26.2082 -0.540705 14.2212)
(-0.233703 -9.97852 -3.44606)
(18.5637 -19.8579 -19.1999)
(23.1221 -9.42976 -7.87028)
(3.45336 -3.43083 -1.91757)
(5.98648 -39.6088 -1.94967)
(-0.877216 -7.45498 2.32636)
(28.8619 -5.7753 8.15396)
(13.697 -7.7001 -12.6034)
(-11.6741 -4.75498 1.43899)
(1.53929 -0.15557 -3.35572)
(-5.68027 -3.10379 1.60831)
(1.20966 -19.2059 0.0309052)
(10.3623 -9.80159 -16.4394)
(4.22307 -0.851483 0.402954)
(21.68 -14.6923 19.9799)
(10.5798 -15.3415 -3.54977)
(-2.54987 -9.50547 2.2863)
(-4.50504 -3.95377 -0.0388765)
(7.80446 -7.57518 1.80446)
(1.97317 -49.6488 -18.2828)
(8.39134 -2.39056 -0.491995)
(-44.2253 -16.6731 -5.36493)
(4.56379 -8.29802 22.9848)
(-3.22725 -5.66356 -1.04377)
(0.00887672 -0.0588182 0.0411674)
(-13.1341 -5.26214 4.71366)
(5.51099 -2.55042 4.04861)
(1.96084 -1.53819 -0.85293)
(-17.1323 -6.30057 -1.5653)
(3.84869 -8.59055 -4.04067)
(-23.079 -11.8447 -14.2081)
(-11.0131 -13.4115 15.3013)
(5.59867 -3.27759 0.196434)
(-4.49236 20.896 -7.62417)
(17.5008 34.2577 -11.3377)
(-2.9054 20.6562 3.53943)
(-2.20778 -4.35418 -3.80099)
(-4.79308 -11.2102 -5.43898)
(1.42047 -0.776774 -0.469022)
(-17.3394 25.5161 24.4527)
(-25.9081 8.83958 0.298766)
(1.39846 9.43381 -1.32154)
(-2.47014 3.17823 3.86101)
(4.94732 8.53398 0.59047)
(-11.6456 17.5895 -14.4755)
(10.2646 0.867082 -9.4021)
(-3.4673 18.8253 -4.30125)
(-1.31549 -1.22888 -0.0358567)
(-9.91296 32.4237 17.9756)
(5.20165 0.866583 12.4011)
(-13.2303 9.78278 -4.65956)
(-0.356825 0.96429 0.362541)
(2.52367 0.998277 -2.70626)
(-16.4756 -14.5494 22.2247)
(-0.825123 0.530035 2.44149)
(3.94892 0.692338 6.30141)
(-0.24744 0.0228435 0.0404412)
(-3.35495 -6.80351 -0.13524)
(2.06394 -0.454233 0.0824471)
(6.48768 1.97869 -1.47874)
(2.27308 1.04468 -2.11827)
(-0.0515311 -0.185334 -0.0391814)
(2.2836 36.0485 -11.8449)
(2.82762 -3.07488 4.80623)
(-1.24029 5.06477 2.42804)
(-0.260101 14.1344 7.7908)
(7.46255 6.82442 17.0704)
(3.88706 -4.00269 2.71383)
(-7.6259 -0.255273 3.08115)
(-14.1975 19.2878 6.69071)
(-8.68734 4.93156 12.1177)
(-1.50827 -3.08837 2.54125)
(-0.526678 0.941399 1.13395)
(10.7493 13.2796 -8.93251)
(-6.62217 5.4407 -1.75905)
(0.70184 0.0733757 -2.0784)
(6.56279 8.38222 -0.156712)
(-0.434488 -0.357337 2.51365)
(-0.689283 -1.95516 9.86015)
(-23.3438 7.07976 -2.37654)
(0.727642 4.24246 7.22086)
(9.38963 -4.8766 -5.10806)
(5.68603 13.4922 -18.9082)
(-0.379178 -5.51568 11.3862)
(5.0179 0.572348 -3.70019)
(25.6665 38.3338 27.5533)
(3.57884 -11.2738 5.28736)
(-2.79913 -9.06592 7.13251)
(0.143795 -0.321354 -0.0532498)
(0.00724047 12.7666 -15.97)
(-3.72816 0.742487 20.913)
(-1.40377 1.48225 1.5806)
(-17.0549 0.4001 10.2686)
(13.7162 16.4077 21.471)
(17.4106 10.0516 -15.3282)
(-13.0817 -1.85212 4.40201)
(-11.9557 0.893669 8.80223)
(0.257498 -0.393075 0.499002)
(7.24987 2.49376 -14.4891)
(0.142854 -5.51974 -6.61742)
(6.49488 4.0642 10.4743)
(15.4931 23.6105 -1.12529)
(-30.756 34.935 38.4944)
(26.9329 0.996534 10.6889)
(-13.1947 4.82465 7.1887)
(0.522181 6.39232 -18.493)
(0.393307 0.05055 -0.160874)
(-7.16945 3.84918 -8.41584)
(1.6276 -2.17004 9.19536)
(-3.10778 -1.36451 -2.27605)
(2.30811 0.690364 -0.670908)
(0.56395 2.91892 1.9388)
(17.2817 13.2477 12.6517)
(12.1983 1.61091 4.48012)
(-10.1801 14.3639 16.7331)
(-6.72686 0.609022 -0.970555)
(3.05506 21.4653 -2.80516)
(-2.99795 -0.640674 2.38053)
(-0.32023 11.7191 25.9731)
(-2.12393 1.46193 -2.53129)
(1.90515 -0.81164 -0.512374)
(37.7399 21.6732 48.8717)
(2.14471 7.5296 0.650548)
(-6.91334 -2.82662 -0.357246)
(0.0375441 0.00981286 0.00140792)
(6.26595 4.52341 -0.468868)
(12.3383 13.1833 4.14086)
(-6.03492 2.87441 0.494119)
(-5.05012 5.04606 -6.71314)
(-0.00596096 -0.184957 -0.115603)
(2.40571 8.20165 -3.32373)
(3.52872 7.25955 -17.0999)
(-0.146637 -0.406489 0.336693)
(-17.976 15.0625 32.2162)
(2.20614 -2.20511 -0.559556)
(20.1773 8.89023 -7.98669)
(0.801159 0.413019 -0.445733)
(-1.00134 0.0300034 -2.04999)
(10.9796 -3.82442 -2.22191)
(23.7291 0.132898 1.14867)
(-26.5477 26.0383 -25.6073)
(2.58042 1.44543 0.11424)
(0.153494 -1.16921 1.65504)
(-5.49341 2.46686 -1.68323)
(-6.18339 3.13037 -0.874102)
(5.03606 8.93875 7.76428)
(-6.68418 -1.92954 -3.2842)
(5.08494 3.2009 0.609314)
(-23.7339 12.1896 -1.3984)
(-6.20322 -3.53872 -3.33302)
(-11.0977 -4.49716 -1.28855)
(-0.334982 -0.629326 0.741115)
(-2.44112 6.14574 9.6819)
(-8.55596 13.8741 -3.56271)
(-35.9839 24.7978 11.6316)
(1.91881 -4.45085 3.95211)
(8.38803 16.1975 18.6451)
(2.85862 1.85999 1.41412)
(-1.72001 0.548334 0.0736389)
(2.47031 -2.7698 -3.64039)
(-2.4754 -11.2531 -17.4152)
(22.8007 -23.1169 18.2606)
(13.7401 -7.09968 -1.99852)
(-1.32167 -11.9851 -6.5895)
(-2.43782 -6.41421 -1.86645)
(-0.991369 -3.15392 13.7815)
(-4.3517 -0.811257 5.07647)
(-5.12365 -6.92299 2.80591)
(8.8676 -9.71845 -11.9909)
(2.6166 -4.60532 0.542423)
(1.18565 -3.64266 -3.56514)
(-2.13891 -7.39609 -5.24102)
(14.3395 -2.72156 -5.21873)
(-19.3135 -10.0801 5.9932)
(-28.7239 -17.5862 -20.9719)
(8.25878 -10.2752 9.33421)
(7.86212 -8.48946 -0.834403)
(-12.5693 -12.5984 12.6459)
(38.0842 -15.1179 25.23)
(-24.6743 -11.3879 -3.05957)
(-15.9953 -7.73685 2.66848)
(21.7142 -10.0494 2.30476)
(-7.59787 -5.15103 10.9375)
(-15.7777 -12.5143 1.99559)
(-5.98913 -7.43815 -4.01065)
(-4.63748 -3.06914 -6.83479)
(0.702996 -0.520295 1.52295)
(24.3054 -39.6009 6.76394)
(-2.14301 -3.94761 5.62939)
(7.28351 -6.00215 12.153)
(3.69922 -0.384518 1.79719)
(-1.2692 -5.92141 -8.8673)
(1.69183 -0.271892 0.60338)
(5.87564 -2.97717 0.471727)
(6.45548 -2.34915 -21.1106)
(-8.59385 -13.6911 16.9675)
(16.384 -7.00092 -12.8855)
(6.88224 -24.7314 -7.7153)
(7.11114 -5.86011 11.8654)
(-13.1634 -17.576 0.483332)
(-1.50358 -2.8453 0.101474)
(4.35151 -5.00437 3.94295)
(0.492942 -1.78344 -2.10312)
(-3.91903 -1.00159 2.66821)
(-17.9764 -17.2804 5.74064)
(-0.0970057 -0.0345343 -0.400792)
(0.842253 -5.55093 5.85649)
(-22.4884 -10.9114 -8.84392)
(-0.818522 -8.63102 -29.1011)
(-6.99016 -15.5244 -6.99291)
(-1.95445 -4.68158 5.90516)
(-0.716448 -0.418139 1.56772)
(16.5415 -8.48775 -20.911)
(4.13227 -4.75224 3.7443)
(-2.02831 -14.9083 -4.87517)
(-62.8645 -7.73751 -12.4695)
(0.394393 -2.98555 15.5523)
(0.377185 -1.25387 0.238529)
(-34.6085 -11.6422 13.5537)
(-10.5029 -6.29687 6.26505)
(-7.63309 -13.4589 10.6729)
(-0.221231 -3.02453 1.85601)
(0.543209 -6.3387 -3.43418)
(-7.73914 -7.36381 1.85009)
(0.325572 -1.08229 0.205889)
(-5.8167 -0.489237 0.139353)
(10.0373 -1.44885 0.333318)
(-20.6573 -9.70372 -3.80858)
(-2.99451 -1.79998 9.73787)
(1.83696 -13.5061 -8.80255)
(37.1192 -27.6815 8.07059)
(-7.71917 -4.72436 -6.05876)
(10.9332 -2.92999 -2.58556)
(0.374737 -2.83676 14.7772)
(-5.16312 -1.72085 -8.15017)
(7.95834 -1.47364 -2.60167)
(0.150226 -0.695505 -1.04437)
(-0.341086 -1.15899 16.8605)
(6.68462 -1.30737 6.62749)
(8.26272 -10.2969 16.9426)
(-3.12685 -4.91144 4.14844)
(1.25793 -2.85118 -2.40156)
(23.3955 -28.1721 8.83864)
(-7.1391 -16.2542 -3.33622)
(1.97993 -1.8208 0.532161)
(4.74731 -29.4405 4.54529)
(-1.70207 -14.2186 -5.92528)
(0.760793 -2.77619 7.57959)
(7.20104 -10.4037 -9.48596)
(2.13842 -6.70085 1.62533)
(6.31418 -2.33677 -2.11866)
(-3.15718 -0.618362 -1.93845)
(-7.38592 -2.57926 -8.58549)
(2.99826 -3.87141 0.991593)
(4.81999 -1.04695 0.355817)
(2.34712 -1.38971 7.19003)
(3.60145 -2.5802 5.16868)
(-12.2945 -26.5088 19.1208)
(-15.3229 -28.8484 14.6184)
(-4.29807 -2.45837 1.85293)
(-1.64081 -2.66244 7.31685)
(10.9571 -7.72869 6.57195)
(-0.0576249 -2.06366 5.77096)
(4.84406 -4.93899 2.93298)
(-6.96713 -7.91612 9.60285)
(0.812972 -5.44495 -22.1361)
(12.9379 -17.1037 6.5479)
(-13.722 -27.978 -13.1323)
(9.55452 -3.60728 -6.85828)
(3.27711 -0.047927 -0.816785)
(-12.6803 -3.63684 8.35027)
(-0.419697 -2.90695 0.400391)
(5.65784 -8.88283 -4.14239)
(0.184137 -2.47026 -0.574786)
(13.356 -1.25835 -1.94305)
(-2.93419 -7.83499 -1.79182)
(-1.99255 3.64266 19.062)
(6.69598 -1.75667 7.70567)
(-6.2745 -4.88401 -3.62352)
(-6.12547 -4.24442 -1.97992)
(13.9233 -0.784876 1.98492)
(17.5273 -4.30236 -20.3326)
(-5.84848 1.53494 17.3481)
(-0.616676 -3.96468 6.56893)
(10.5404 -7.12864 -4.09965)
(-0.0556799 -1.99401 5.57618)
(1.32598 -5.28131 4.05931)
(-0.149199 -4.23653 -2.36939)
(-0.356639 -2.47019 0.340233)
(-7.5742 -1.80965 -6.35383)
(24.6591 -22.1657 1.27766)
(-3.32904 -1.86521 22.798)
(5.91359 -17.5992 -25.5285)
(0.191728 -6.49128 -3.41534)
(-1.47156 -0.474876 1.06396)
(-0.160121 -0.508039 -7.04912)
(-1.73735 -14.6111 10.6111)
(0.783528 8.2495 10.4566)
(-27.441 42.5594 23.2794)
(-21.1188 -9.49051 12.7656)
(-3.33128 22.823 -18.375)
(1.83524 23.274 -0.176085)
(-15.1543 -2.69597 8.80185)
(-20.9627 -16.0766 -0.142489)
(-0.497377 6.21497 -1.07975)
(-6.83781 22.2839 12.2294)
(-17.1411 -12.5189 -3.64006)
(-8.74746 21.1575 -2.2342)
(1.14379 -3.68244 6.3121)
(3.60599 10.3516 -2.0188)
(7.32008 32.4807 -16.3848)
(-0.767926 1.29254 -0.143544)
(-1.50555 0.538905 -1.05286)
(18.2577 38.315 -0.917434)
(-5.16979 13.4749 22.3046)
(-0.449052 1.98765 -0.952957)
(19.2155 -3.82704 -29.4072)
(7.75466 6.23842 -3.23696)
(-7.98099 -6.08265 -4.62504)
(-0.598242 -0.259457 0.135251)
(-9.85789 7.89176 -6.19182)
(1.57327 9.12299 -3.67335)
(2.43968 8.30316 5.38356)
(4.52636 -19.4186 -7.49331)
(-0.0997209 7.59088 7.48195)
(-3.35053 13.4693 18.6534)
(-8.26838 -4.41319 5.46621)
(4.82079 -6.67981 8.71181)
(-21.7862 2.98543 9.15709)
(1.12566 -2.26991 1.52996)
(-5.20586 9.01593 -11.6132)
(-3.17771 0.187574 -0.422111)
(-0.371534 8.32871 -9.683)
(-5.13626 16.2018 0.135566)
(5.10409 6.19053 -1.34224)
(7.81245 7.78653 -9.9536)
(0.349113 -18.5516 5.97388)
(-0.569065 -0.584189 0.285151)
(4.98872 -21.2475 21.3416)
(-15.3701 -11.3539 3.97594)
(14.9101 3.03391 11.716)
(-0.826206 -1.17834 0.602349)
(-5.69998 40.7606 34.6091)
(0.470922 0.00538141 -1.32823)
(11.331 21.5093 -18.8935)
(-6.23639 -0.177928 -1.44109)
(2.27769 12.6331 -8.50486)
(13.5834 3.36554 32.3614)
(-4.14254 1.96589 -7.69264)
(-0.593353 0.726274 -9.29284)
(26.1818 -23.4738 -5.09851)
(1.78486 8.17977 -8.71147)
(2.46841 -2.81007 17.5212)
(-10.3692 30.974 -9.06256)
(-0.624477 -6.10278 -1.15552)
(-8.87156 16.4345 -7.42942)
(-0.361091 -0.44235 -1.71143)
(9.91433 2.75965 -11.7225)
(0.191075 -0.0974398 -0.183302)
(6.25958 -2.92416 23.1836)
(8.30316 -4.58427 22.2803)
(-41.8003 19.9784 -1.27992)
(3.36217 3.64771 3.52557)
(-15.4393 9.33591 -2.40523)
(-7.11805 38.5752 -16.8001)
(-8.1467 13.1012 8.88241)
(-0.5146 5.23376 2.50324)
(0.664004 -1.41453 -3.82439)
(2.79627 1.96996 -0.949598)
(7.76641 33.5596 2.89599)
(-1.41786 -2.09896 2.59775)
(9.0662 10.0328 -8.72428)
(1.38082 -0.921014 1.54649)
(-15.6358 -8.04106 1.31981)
(-18.4758 17.9041 -30.8955)
(0.949931 3.74936 -0.116457)
(1.58478 -2.39364 -1.68664)
(-14.6867 12.34 2.04748)
(-17.6482 11.8526 17.0546)
(-1.98794 -1.01777 -1.57776)
(-7.34117 6.05186 -0.230019)
(-1.01953 0.969553 -1.42567)
(9.51431 -0.945476 -7.79089)
(1.88709 0.506488 7.26855)
(-0.501892 1.61192 -0.135361)
(-2.38713 7.43687 2.22158)
(-6.22593 5.64328 -0.63632)
(13.2835 -4.75686 -4.5147)
(1.8682 11.513 -3.49874)
(-6.83501 1.13328 9.82418)
(24.0304 0.134586 1.16326)
(11.2118 25.3223 16.8356)
(3.10208 2.10283 1.37349)
(-5.60152 2.34548 1.38296)
(12.3746 18.7534 -2.79269)
(-2.28045 -8.53556 6.62504)
(-3.56066 3.09096 1.24153)
(-5.85983 -4.65084 -4.26848)
(-0.798302 -0.485333 -0.363551)
(8.64126 7.23731 -5.42003)
(-5.6401 -2.65351 13.8759)
(0.194272 4.5375 6.30642)
(-10.7759 0.480202 8.90907)
(-9.06492 1.14928 -11.8205)
(-0.351451 1.10649 1.89018)
(5.10945 -0.257844 -0.586169)
(5.15757 5.93883 1.91479)
(3.26118 30.4897 4.31674)
(0.305275 -0.372971 -0.551924)
(-11.2145 -31.7648 5.39847)
(-0.121902 15.829 12.096)
(12.247 12.0089 16.3764)
(7.41427 -9.36455 -3.92773)
(31.2482 5.10321 1.35253)
(29.5563 4.42116 13.1951)
(0.99394 -0.884028 -0.323819)
(-6.944 -1.15269 -0.320971)
(2.8453 -1.80601 -0.517491)
(9.92402 7.20364 -18.8897)
(1.60666 1.54667 2.46607)
(-31.9443 14.9278 -8.93475)
(21.682 -3.8535 -47.271)
(7.30765 15.3929 11.7999)
(-12.9245 3.86989 -18.508)
(-11.4577 23.541 -16.0069)
(-1.50021 0.793842 -1.05081)
(-1.43461 2.4203 32.9475)
(-3.10101 6.58283 -9.73362)
(-2.30571 -5.99644 0.360178)
(-7.49137 28.2044 26.0447)
(7.28001 -4.63584 2.71792)
(-1.10558 12.3245 -3.69803)
(-4.32937 10.2728 -26.259)
(6.35757 0.84048 3.23687)
(4.42853 4.81785 -0.448145)
(3.714 -2.51655 -12.7335)
(2.3763 -2.07727 1.25467)
(-9.71189 21.2692 -8.73006)
(-1.30869 -0.661503 1.00601)
(8.9299 1.06745 5.53792)
(37.6583 -11.1433 -1.82725)
(0.0251558 0.0966249 -0.0220171)
(-20.4407 4.71974 -2.66935)
(-16.8521 -4.76982 3.49462)
(-11.9356 14.1302 10.8424)
(0.065254 2.62167 -3.83512)
(17.8674 -0.379728 -4.62588)
(-3.31903 -1.21549 8.16182)
(-1.26646 5.9073 6.85916)
(-0.0712127 -1.54937 -1.4637)
(-7.77987 12.1792 21.6223)
(1.19598 2.21562 -1.35791)
(4.83605 1.91344 1.96665)
(-3.08513 1.40904 0.176506)
(-5.31198 4.64307 -0.826668)
(-12.4303 -9.3292 -28.4954)
(28.1093 10.2677 9.93368)
(0.88895 0.166171 1.03926)
(0.720279 2.73052 -3.94393)
(3.9688 -6.33292 3.14495)
(7.5109 5.77911 7.98375)
(-0.948875 -5.19849 -4.15286)
(-17.9498 12.6581 -36.3764)
(3.58831 1.80279 6.37949)
(-2.816 -3.18131 12.8343)
(-5.61237 1.49141 1.24878)
(12.521 16.4254 2.75622)
(27.0879 -8.19455 12.1616)
(-2.04564 1.86964 -0.452723)
(0.998871 1.26127 9.12836)
(-4.26606 18.2663 -1.07428)
(11.2661 -1.72766 5.34317)
(-0.278003 -4.2604 1.24815)
(-0.134071 -0.320464 -0.424798)
(0.000444554 -0.000386888 -9.82046e-05)
(-4.73668 1.15217 -4.09878)
(-6.22901 34.0058 7.52649)
(16.4916 22.2387 -16.6686)
(28.5992 9.67514 -12.0181)
(-0.293617 -1.4625 -1.51504)
(-0.0649087 0.138941 0.26244)
(18.9923 39.1967 33.3451)
(1.97505 -1.08424 4.62154)
(-3.06952 -9.1782 -7.54143)
(1.09538 -0.0458297 0.00454672)
(-3.34654 -1.91622 -3.43643)
(-3.24943 -6.51187 4.68114)
(-0.147306 -7.24105 -12.3139)
(-10.1859 -5.55623 -1.47705)
(20.0926 -20.3712 16.0917)
(4.44203 -6.43176 -0.973331)
(-9.98894 -10.0121 10.0498)
(0.976065 -2.99875 -2.93493)
(-4.70176 -5.83932 -3.14856)
(-4.77423 -6.62622 4.7093)
(3.69953 -2.65618 -0.302909)
(-13.1437 -9.19924 4.04773)
(2.25471 -3.96839 0.467404)
(0.174244 -5.05787 6.56236)
(-1.86488 -6.44851 -4.56955)
(-4.99059 -29.2528 5.49076)
(-1.71014 -3.15023 4.4923)
(-4.11162 -5.55554 2.25168)
(-10.9947 -9.05591 -1.69785)
(18.3646 -8.49921 1.94923)
(4.39028 -2.22454 0.352475)
(7.20499 -8.9641 8.1432)
(0.669254 -0.0719689 -0.0490484)
(28.2712 -15.7981 -9.3027)
(-22.1501 -10.2229 -2.74657)
(-2.63461 -1.23862 -1.30534)
(4.0939 -2.89532 0.821583)
(3.04762 -0.881062 3.76616)
(5.03207 -10.4948 2.7861)
(-14.6343 -11.6074 1.85097)
(-0.368516 -0.545132 1.11559)
(-27.2381 -3.04261 18.6643)
(9.42409 -8.01327 22.845)
(3.67052 -0.297442 -4.68161)
(-10.5906 -14.1409 0.388867)
(3.77743 -6.21103 -0.398099)
(-5.44231 -9.59605 7.60963)
(-17.257 -9.59476 -3.19476)
(5.92316 -12.1831 -3.28102)
(4.97239 -11.851 8.78438)
(0.00769312 -0.885535 0.530599)
(5.31886 -2.54807 -6.12875)
(3.92694 -1.13527 4.8528)
(3.03438 -7.48002 -10.8306)
(3.05232 -0.317276 1.48291)
(6.08999 -10.4546 -25.4587)
(0.390563 -1.57104 1.35228)
(-0.847169 -10.4268 5.23156)
(-3.65073 -10.4699 -1.2062)
(-2.3432 -4.725 -1.98608)
(-2.02044 -1.21312 -0.992879)
(-6.04349 -13.4219 -6.04586)
(0.4199 -4.89981 -2.65462)
(-52.2603 -6.43231 -10.3661)
(3.56157 -4.09591 3.22718)
(-14.2207 -19.9701 27.6508)
(5.0775 -3.91004 -8.87424)
(-1.05849 -0.579623 0.260253)
(11.4825 -15.4179 -2.0113)
(-9.19762 -5.5143 5.48643)
(-5.90812 -3.61594 -4.63727)
(5.35876 -3.38941 6.80052)
(1.47081 -4.60886 1.11791)
(-5.33567 -1.67769 0.168355)
(-0.792294 -0.483714 1.02473)
(5.27105 -7.60067 -3.81276)
(-3.03594 -2.78159 -1.96017)
(0.297007 -2.24834 11.712)
(-1.26729 -10.5866 -4.41173)
(0.28631 -0.951775 0.18106)
(8.98341 -4.42535 0.726174)
(0.0107573 -1.23825 0.74194)
(0.239122 -5.31012 -2.30257)
(31.3143 -23.3526 6.80847)
(25.9802 -13.6545 -12.3823)
(-1.84013 -2.47337 0.107334)
(8.58233 -1.23883 0.285001)
(1.54795 -11.3812 -7.41762)
(-20.0755 -0.460398 16.7774)
(-4.19332 -1.39762 -6.61931)
(2.17688 -2.81082 0.719944)
(0.991179 -2.24657 -1.89229)
(0.135071 -4.5992 5.36968)
(-3.90214 -1.7246 1.98767)
(0.897025 -0.821975 0.756803)
(-1.87072 -0.360639 -1.205)
(5.14655 -1.90465 -1.72688)
(16.2047 -4.35298 -3.20204)
(0.0491116 -0.460458 -0.297225)
(0.950287 -3.29413 14.5958)
(1.50329 -2.29428 -2.76333)
(-6.38957 -14.5477 -2.98596)
(4.85235 -18.8295 -20.0677)
(2.25263 -0.495507 -0.621668)
(-0.0824141 -0.0310306 -0.0462071)
(-6.8076 -9.00093 3.4178)
(3.53704 -23.1954 -11.9502)
(8.25056 -3.11498 -5.92229)
(0.594314 -0.675684 2.59487)
(0.438178 -4.35099 2.83503)
(-3.16647 -4.10103 4.28281)
(-2.51223 -3.94604 3.33301)
(-10.893 -23.4869 16.9411)
(-3.85537 -2.20516 1.66207)
(4.17993 -4.26184 2.53086)
(4.62635 -7.2634 -3.38719)
(0.669441 -10.0602 2.49763)
(-0.506434 -0.306676 -1.3089)
(9.00772 -13.4089 2.94461)
(5.86866 -6.57492 -34.4016)
(-14.4472 -8.47104 -3.37974)
(-5.07946 -4.13214 -6.52199)
(-1.28671 -10.8212 7.85873)
(-7.23381 -2.37874 -3.74393)
(0.0812826 -0.205499 -1.35769)
(0.142213 -4.81486 -2.5333)
(-1.08353 -5.98897 -3.70889)
(-0.286848 -2.04603 -1.2365)
(6.64985 -6.61004 -10.0171)
(1.14086 -4.54397 3.49258)
(-12.6446 -0.821715 -10.185)
(-2.95498 -3.95506 12.5603)
(3.51024 -4.86387 6.34347)
(-0.914471 0.83259 -3.74405)
(-13.4289 -5.59767 -5.51122)
(4.36343 -0.879785 0.416348)
(-2.33272 -11.0082 10.1394)
(14.06 -3.2427 -8.97202)
(0.0859399 -0.672463 -0.471675)
(1.15756 -1.74837 -1.23196)
(3.52057 -6.69042 -6.5125)
(-18.3072 10.013 6.38713)
(-39.734 27.4072 2.30615)
(-29.7689 26.0934 17.6337)
(-12.9823 -0.968953 -3.77414)
(-12.015 -6.179 1.01418)
(5.39967 -2.68853 -10.8238)
(0.91028 -2.93066 5.02347)
(-2.12529 22.199 1.51666)
(0.422301 -0.899628 -2.43228)
(-13.8262 -3.76502 5.57191)
(-0.470909 -1.64565 0.435635)
(8.39298 7.16296 -1.56628)
(-0.876627 -0.00865803 -0.467496)
(-6.28603 27.7634 2.14151)
(7.77905 20.3677 14.0383)
(-2.9166 24.601 -17.4156)
(22.6524 3.38844 10.1129)
(-5.20602 -0.0629189 3.07508)
(-7.3421 -2.9905 0.905009)
(-17.4708 0.432123 14.6696)
(-18.1368 2.48534 7.62318)
(5.97278 26.5024 -13.3691)
(-3.72719 4.03326 -36.8362)
(0.755129 -0.00355804 0.255019)
(-3.30572 0.207167 -5.03762)
(-0.146124 0.28603 -0.208682)
(9.45199 7.79098 8.47249)
(-4.81129 -1.88778 -2.80863)
(-6.15521 -0.941308 -0.775001)
(-0.518613 -3.15481 4.31026)
(9.34793 10.3446 -8.99538)
(-2.38866 -2.05962 -2.72307)
(-4.77094 25.8554 -11.2604)
(1.01742 -0.0646957 -0.438133)
(1.58083 7.24419 1.41361)
(0.703102 -1.49782 -4.04958)
(16.0988 14.9003 -3.28286)
(-0.215026 6.1078 0.0543305)
(0.850651 4.33973 5.99615)
(5.66779 4.36097 6.02461)
(-0.0572624 -6.22106 -3.74871)
(-16.8499 -1.93624 -3.48694)
(5.79883 8.78797 -1.30868)
(-3.2275 -1.73873 0.425744)
(-6.04492 0.156419 -2.309)
(0.887884 2.73248 -2.40006)
(2.76981 -11.8828 -4.58538)
(2.07296 4.88575 3.39389)
(2.9386 20.2021 19.6135)
(1.51729 -1.01204 1.69934)
(4.59111 2.34438 -6.46067)
(8.13012 1.09691 9.52047)
(14.1865 -3.27187 -9.05273)
(3.26771 14.7741 -19.7722)
(-14.9028 -10.8842 -3.16474)
(-0.0227693 -0.0128279 0.012276)
(8.87673 1.73385 13.521)
(19.4407 -1.86806 -0.649302)
(1.68404 1.7336 1.10353)
(2.04288 1.06925 1.21906)
(8.52083 -4.34584 -3.52007)
(-0.737173 0.701036 -1.03083)
(1.15915 3.56731 -3.13332)
(-7.3352 -0.0886518 4.33273)
(-5.09677 -3.53162 -1.64742)
(-0.756783 -0.0982756 -3.87169)
(4.48028 -1.08309 -1.71914)
(-1.89623 -1.1994 -4.52529)
(11.9885 14.7274 0.415928)
(2.56135 1.01318 -2.74667)
(12.3187 23.3843 -20.5405)
(12.717 19.2723 -2.86997)
(-5.67773 2.3774 1.40178)
(-10.2622 -1.53496 9.15661)
(2.77823 7.14731 -13.1699)
(-9.86743 28.053 -13.6959)
(-3.9026 40.7633 2.78499)
(5.68865 6.89952 -1.49597)
(-1.37431 6.05724 2.25979)
(20.0299 -6.01532 -12.9978)
(6.00057 29.5422 6.87975)
(-1.08225 1.0292 -1.51338)
(3.2361 5.34365 1.42878)
(-0.387518 1.71528 -0.822373)
(-14.9185 12.5348 2.07981)
(-24.1634 8.44869 -5.86418)
(-0.717194 -1.02287 0.522874)
(-9.7895 10.733 2.65611)
(3.97131 -2.24049 9.59735)
(-7.29566 11.9003 10.1573)
(15.3637 24.1509 -3.44146)
(2.43418 2.80291 0.903712)
(-11.1295 -2.31851 1.01184)
(0.237475 0.0436762 0.460383)
(13.4545 -2.8786 15.9291)
(34.7877 6.47217 -8.54067)
(-0.589651 1.23763 0.140854)
(3.44855 -2.799 -4.07615)
(12.1056 4.01235 -22.0039)
(-7.05418 3.38911 0.686847)
(-13.0462 -9.63727 3.3748)
(-5.68136 25.0927 1.93551)
(-3.02483 0.0855095 -2.90551)
(-1.56165 9.20472 -2.29391)
(26.9161 4.02622 12.0164)
(2.65892 0.890505 -7.04558)
(0.378748 1.27301 -1.56976)
(-24.5624 3.36586 10.324)
(3.09859 0.434771 -0.108457)
(2.55766 8.70468 5.6439)
(12.7623 11.8122 -2.60248)
(3.21361 -7.22467 -7.51014)
(1.20255 -0.802112 1.34684)
(9.39659 11.5434 0.326005)
(9.89409 18.7816 -16.4976)
(-8.49061 3.47925 4.18164)
(-6.16637 5.58929 -0.630232)
(20.7452 43.5352 -1.04243)
(-14.2143 -3.87069 5.72829)
(13.091 0.470337 -4.81041)
(-1.25446 6.84811 -2.44333)
(0.223499 -0.113975 -0.214407)
(-0.113517 -0.360172 -4.99745)
(1.24567 7.44362 0.594138)
(-12.0783 24.816 -16.8739)
(-0.471637 1.0069 -0.642392)
(-11.0803 23.0716 9.58008)
(1.30961 -2.64084 1.77998)
(-9.61539 28.8933 -1.36614)
(-15.7927 15.304 -26.4088)
(2.96152 -3.19935 6.14065)
(19.1029 25.76 -19.3079)
(-6.21101 0.114014 -3.07698)
(-2.42376 0.0685177 -2.32815)
(1.76468 -2.66537 -1.87811)
(-17.1825 7.44581 -8.71742)
(-8.11032 7.35132 -0.828914)
(6.13454 12.5077 -29.3084)
(6.12332 1.85157 -9.48744)
(-2.36196 2.20901 6.89498)
(8.03353 6.18123 8.53928)
(5.81613 25.8073 -13.0185)
(-0.17556 -7.49594 -2.58871)
(-19.2218 16.8485 11.3861)
(5.35568 1.0461 8.15775)
(-4.48387 6.53409 5.29204)
(-2.11979 -0.682552 4.89816)
(0.382144 3.29694 -2.35367)
(21.1696 17.0224 10.4438)
(9.24278 26.8582 38.4764)
(19.8674 -0.409887 10.7805)
(-0.533056 2.35948 -1.13123)
(-15.2417 5.5875 -2.39691)
(-9.83685 0.574627 6.91845)
(-14.4895 4.33849 -20.7491)
(1.17189 21.6392 -1.57284)
(9.05516 20.4514 13.5972)
(5.55233 6.39339 2.06135)
(14.9972 7.47547 -0.856282)
(-24.924 0.616472 20.9279)
(-1.82818 2.35111 3.87672)
(1.67337 0.0633874 2.02831)
(0.767028 0.663282 -2.3809)
(-0.708822 -2.47706 0.655726)
(-1.9101 1.91214 8.74925)
(-2.04143 -0.983208 -9.75124)
(15.8349 9.43039 -5.10268)
(3.91278 0.549011 -0.136956)
(-0.930001 1.56534 -0.173839)
(-2.32425 -7.26838 27.5453)
(-8.58746 -2.82387 -4.44453)
(-3.28997 30.6984 -4.40447)
(-3.70885 20.1368 -4.6009)
(8.06105 2.4375 -12.4898)
(-11.2335 3.36357 -16.0865)
(-3.62203 30.5511 -21.6278)
(-0.0746544 6.36883 -10.7597)
(-34.4337 23.7512 1.99852)
(4.51207 3.18919 0.36928)
(10.9369 15.6815 10.6877)
(-14.8509 16.4181 -16.0504)
(26.2487 -7.88292 -17.0332)
(-5.10732 -6.41984 -1.05745)
(-0.458511 -0.880423 0.0473612)
(0.624196 -14.9098 -7.07717)
(7.812 -8.75213 -45.7932)
(-15.5461 4.04337 -1.81393)
(12.4087 15.4574 28.9116)
(-20.6086 19.9708 -34.4619)
(0.0166948 -1.61965 -0.764529)
(22.3686 24.7674 -8.656)
(7.01852 0.126596 7.23766)
(12.0965 24.9651 21.2381)
(-9.20981 8.02999 -11.6819)
(10.0066 -10.7043 -10.3496)
(8.9294 0.161064 9.2082)
(0.329512 0.0606036 0.638811)
(6.15285 -0.922804 -1.11418)
(28.6285 23.1455 10.664)
(5.73401 9.46835 2.53164)
(3.35248 0.369007 10.5838)
(2.05721 7.00146 4.53958)
(-10.2635 1.05617 4.83487)
(0.655344 -0.690805 -0.820016)
(-2.58409 -1.39051 -0.86583)
(-1.53623 -3.42368 3.55687)
(0.179474 -0.0915242 -0.172174)
(-6.90037 -5.32773 -0.539006)
(0.943343 -3.07848 -4.36072)
(-12.4109 2.82577 11.0452)
(-15.5564 30.2774 -14.9496)
(0.834248 3.92233 -3.35165)
(-20.8672 12.9188 10.7436)
(2.45904 22.9902 3.25496)
(19.978 15.4996 1.02946)
(-1.5519 -0.195323 -16.4861)
(-3.97142 19.8978 -3.64869)
(-7.08899 -3.97105 4.78455)
(-1.85632 9.35547 5.40076)
(0.0439377 -4.26264 -2.0121)
(2.63011 0.202025 -2.00747)
(-6.83048 -5.5566 -8.77028)
(-11.8038 13.0495 -12.7573)
(-1.96679 8.66855 3.234)
(0.811726 -0.635526 2.0937)
(-1.02859 6.96677 4.25917)
(-2.60027 3.11652 -3.07799)
(-1.68501 4.59758 1.86126)
(-2.3662 11.9251 6.88417)
(1.17175 1.56605 0.593395)
(10.0753 2.26128 -17.0231)
(10.2232 5.37419 12.4098)
(20.4326 23.3602 3.51985)
(-5.79157 21.8867 15.5082)
(18.0269 -39.2594 -21.3675)
(-1.73243 5.50733 -2.38312)
(1.09603 -0.0696946 -0.471987)
(26.7101 16.869 5.33825)
(11.5149 26.007 17.2908)
(12.5745 -3.44615 8.93856)
(14.0766 12.9625 -2.69224)
(-1.64703 1.37913 6.01604)
(-4.61068 19.7419 -1.16106)
(-4.84109 -2.60801 0.638595)
(-2.96759 -0.309953 -1.37142)
(-24.8382 6.46012 -2.89813)
(-0.966571 -4.37079 -1.43707)
(-5.21948 26.1509 -4.79533)
(-2.9905 31.2363 2.13409)
(-5.99316 -4.62728 -0.468141)
(-0.0454241 -0.0255913 0.0244903)
(-2.75745 -0.508185 -0.334357)
(-0.703843 -5.68459 -16.4735)
(-10.1572 4.87995 0.988985)
(14.9241 21.3985 14.5842)
(0.461546 -1.73103 -0.975446)
(-4.66634 0.776351 -3.47115)
(13.1739 11.2432 -2.45849)
(10.7175 6.66402 12.5328)
(6.30456 8.6448 -3.30557)
(-3.20998 3.67119 2.111)
(-16.1554 3.67834 14.3777)
(0.786656 0.587238 -1.1709)
(-1.84322 -5.0519 8.02768)
(-1.29668 4.16688 12.2922)
(23.6934 2.97399 18.4005)
(1.97829 0.718675 -3.40418)
(-3.10729 3.36245 -30.7096)
(-0.383515 -0.736418 0.0396146)
(0.951922 4.85638 6.70999)
(18.3967 8.0731 10.0726)
(-2.30485 13.7609 -5.35301)
(-14.7539 0.861859 10.3767)
(2.06104 1.03746 -1.11561)
(-17.5702 -2.62805 15.6773)
(-9.29454 0.240507 -3.55026)
(17.2963 -3.70056 20.4775)
(-5.11148 -3.54181 -1.65217)
(1.40727 -7.66367 8.24715)
(23.918 19.3372 8.9094)
(9.73592 11.9602 0.337778)
(-1.87448 -2.72147 19.9487)
(7.32201 5.85983 3.98145)
(2.40221 6.87898 -5.45591)
(-12.8393 -0.958282 -3.73257)
(-0.118745 0.232439 -0.169583)
(-10.1188 15.2834 -12.5776)
(11.5636 -4.96966 3.94733)
(-12.487 2.82847 10.3814)
(0.111543 0.243801 -0.0328768)
(4.21714 -4.08904 -3.5556)
(2.83993 17.6448 -2.09081)
(3.83683 -2.16462 9.27234)
(0.0379665 -0.0217733 -0.0264046)
(1.03963 -1.84321 2.98397)
(-7.69364 0.0966013 -20.4959)
(-12.6514 -8.35186 -10.044)
(13.1911 12.2091 -2.68992)
(-0.045655 -0.0175029 -0.0148149)
(-7.03681 23.0163 12.7601)
(-0.975429 3.13454 9.24684)
(-4.66367 2.47936 0.0388977)
(-8.69635 5.04027 2.62272)
(7.94379 9.93378 3.52318)
(7.67519 1.12237 -2.44754)
(-15.2023 6.5877 -7.71276)
(4.11119 -4.65788 -6.94703)
(-0.0356611 -0.0136716 -0.0115719)
(0.817942 -0.081403 -1.64022)
(-3.05457 -7.84221 -6.26737)
(-3.17689 0.267549 -1.28823)
(-2.11229 13.8107 4.6146)
(-12.1218 -2.36271 9.40374)
(-5.19767 6.91335 -5.53117)
(2.96787 1.55339 1.77104)
(-4.65564 6.48485 -2.64928)
(10.5982 10.7732 17.0061)
(2.02134 14.269 -8.16324)
(-1.82767 -4.99154 4.11334)
(1.50104 -1.45638 -0.667806)
(12.7478 11.7389 -2.43809)
(-27.1426 23.7913 16.078)
(15.3221 3.22292 2.53167)
(4.81512 12.3875 -22.8256)
(-9.39445 34.3567 -1.78403)
(1.60931 4.65994 -5.0523)
(-1.33669 2.2253 -2.66837)
(8.93584 32.7146 7.62859)
(-0.00854925 1.97986 0.769607)
(-0.927044 9.44533 1.74614)
(6.66909 28.8179 2.48681)
(4.08193 1.36709 -10.8162)
(8.79954 -4.48798 -3.6352)
(-7.30793 -1.11759 -0.92014)
(-3.86693 0.643352 -2.8765)
(4.29791 -8.16767 -7.95047)
(3.4792 1.74798 6.18552)
(32.3252 6.01403 -7.93611)
(8.64388 0.90554 7.57026)
(22.0068 3.98445 11.4047)
(-3.02008 -3.64052 -1.04188)
(-1.02258 -0.0100995 -0.545329)
(-5.6974 6.93271 -3.57394)
(-5.56867 -0.0673019 3.28929)
(-2.44751 3.39316 1.78212)
(4.80722 1.29266 -2.23031)
(10.3851 6.38548 -14.7945)
(15.0119 14.2689 10.6262)
(13.5554 27.9759 23.7995)
(-5.18543 16.9265 -5.22242)
(2.60261 7.78735 3.16667)
(24.5055 2.84484 19.9513)
(7.70636 1.50524 11.7383)
(6.18794 5.5866 5.61576)
(1.52678 2.1569 -0.853362)
(1.18741 2.38715 12.7165)
(-24.0047 33.5686 -0.397139)
(-13.0567 1.61052 -5.82305)
(1.07395 8.21748 -12.727)
(1.00774 3.10134 -2.72404)
(-4.47617 9.12482 -13.5165)
(1.04231 -1.18939 0.647333)
(-0.711848 -0.0126001 -0.329922)
(23.775 37.3729 -5.32557)
(-17.4105 -1.13143 -14.0239)
(-2.76959 -6.14032 -13.2897)
(3.3048 -5.7194 6.12504)
(1.19056 1.97414 -3.26795)
(-6.33557 14.2619 -13.7669)
(-11.1441 4.55045 -19.467)
(14.176 -0.45134 7.95417)
(6.42227 -8.98946 1.16615)
(-0.649306 -0.37001 -7.93345)
(-1.05762 5.77354 -2.05994)
(-1.63946 5.60998 -5.22132)
(11.7492 24.5677 11.4678)
(19.6401 13.5947 1.8713)
(-4.21861 7.51113 24.2897)
(-1.74153 -3.85452 14.4015)
(21.1464 -0.704894 3.98001)
(-3.65411 1.06625 4.32402)
(5.86433 -5.36592 -0.280677)
(31.6057 34.2031 -0.729576)
(5.21454 2.64337 -19.3266)
(5.48267 22.3525 -22.9485)
(23.8141 18.4758 1.22713)
(-15.9953 6.20599 -7.57746)
(16.5483 10.7352 -1.95654)
(-2.50953 -2.16384 -2.86086)
(-1.77007 1.62022 -1.79863)
(1.05316 -5.88323 4.97115)
(-10.839 -5.93578 9.36432)
(-0.0107782 -0.0960676 -0.0112348)
(7.02751 8.88515 -8.71864)
(3.00791 13.5995 -18.2002)
(-1.12022 1.01992 -4.58644)
(24.0954 9.22925 5.89134)
(16.5377 20.4169 -0.0978023)
(8.37984 -3.26325 -9.44163)
(9.81831 24.7823 20.1848)
)


// ************************************************************************* //
