/*--------------------------------*- C++ -*----------------------------------*\
  =========                 |
  \\      /  F ield         | OpenFOAM: The Open Source CFD Toolbox
   \\    /   O peration     | Website:  https://openfoam.org
    \\  /    A nd           | Version:  7
     \\/     M anipulation  |
\*---------------------------------------------------------------------------*/
FoamFile
{
    version     2.0;
    format      ascii;
    class       Cloud<passiveParticle>;
    location    "0.1425/lagrangian/reactingCloud1";
    object      positions;
}
// * * * * * * * * * * * * * * * * * * * * * * * * * * * * * * * * * * * * * //

1207
(
(0.401258 0.261903 0.048951 0.287888) 46152 91623 2
(0.268937 0.393501 0.0415416 0.296021) 46103 91613 1
(0.0107871 0.0212549 0.494561 0.473397) 46142 91606 2
(0.325036 0.201729 0.336439 0.136796) 46149 91620 2
(0.700609 0.159061 0.128858 0.0114713) 46149 91617 1
(0.208 0.335183 0.395561 0.0612561) 46196 91714 2
(0.798351 0.079723 0.0209872 0.100938) 46195 91710 2
(0.378677 0.31082 0.238843 0.0716601) 46188 91698 1
(0.351254 0.324908 0.0739489 0.249889) 46237 91796 1
(0.542887 0.0225508 0.205802 0.22876) 46238 91796 2
(0.211536 0.403315 0.184505 0.200644) 46284 91887 1
(0.227008 0.167183 0.219509 0.386299) 46284 91888 2
(0.594207 0.210063 0.0665642 0.129165) 46278 91875 1
(0.176764 0.00060164 0.0191391 0.803495) 46316 192282 2
(0.459204 0.251222 0.0372036 0.25237) 46368 92055 2
(0.0792538 0.46063 0.159981 0.300135) 46417 92156 1
(0.23534 0.161006 0.369472 0.234183) 46367 92141 2
(0.549178 0.207898 0.0175662 0.225358) 46464 92248 2
(0.67325 0.164368 0.073042 0.0893407) 46552 92426 1
(0.191896 0.0140876 0.402996 0.39102) 46412 92231 2
(0.871092 0.0645721 0.0393397 0.0249963) 46459 92240 1
(0.565417 0.217573 0.181068 0.0359423) 46460 92240 1
(0.0138969 0.333006 0.492383 0.160714) 46451 92224 2
(0.247298 0.185266 0.376073 0.191363) 46505 92332 2
(0.783955 0.10787 0.0169425 0.0912325) 46505 92330 1
(0.724312 0.0876255 0.133485 0.0545769) 46503 92413 2
(0.796769 0.0520388 0.101531 0.0496617) 46545 92412 2
(0.2418 0.379306 0.375034 0.00385994) 46548 92416 1
(0.230446 0.391872 0.10916 0.268522) 46590 92499 1
(0.208521 0.388468 0.0271125 0.375898) 46635 92589 2
(0.113282 0.456481 0.19988 0.230358) 46679 92765 1
(0.639364 0.184945 0.0826499 0.093041) 46724 92855 1
(0.339312 0.0523215 0.27809 0.330277) 46769 92858 2
(0.349827 0.0973204 0.227923 0.32493) 46814 92948 2
(0.307552 0.0797777 0.346083 0.266587) 46803 92928 2
(0.282753 0.270193 0.0991526 0.347901) 46857 93033 2
(0.213223 0.230094 0.17671 0.379973) 46854 93027 2
(0.187122 0.463813 0.0207607 0.328304) 46846 93011 2
(0.301013 0.135864 0.213979 0.349144) 46854 93028 2
(0.0045186 0.149924 0.488142 0.357415) 46853 93113 2
(0.599669 0.190355 0.0100604 0.199916) 46900 93120 2
(0.744007 0.100106 0.120725 0.0351624) 46940 93287 2
(0.109158 0.230329 0.227052 0.433461) 46987 93293 2
(0.321093 0.13306 0.221206 0.324641) 46980 93279 2
(0.143237 0.0511428 0.376854 0.428766) 47027 93374 2
(0.542565 0.0284677 0.200341 0.228626) 47030 93380 2
(0.265119 0.126723 0.363372 0.244786) 47035 93477 2
(0.0847108 0.507029 0.398025 0.0102347) 47069 93457 1
(0.0865926 0.456895 0.121518 0.334995) 47070 93460 1
(0.247889 0.384828 0.207322 0.159962) 47165 93649 1
(0.047968 0.187438 0.457374 0.30722) 47113 93633 2
(0.104754 0.448215 0.409032 0.0379987) 47210 93740 1
(0.153475 0.431552 0.319963 0.0950106) 47300 93919 1
(0.0590328 0.47067 0.323798 0.1465) 47292 93906 1
(0.139675 0.00934217 0.430259 0.420724) 47341 94004 2
(0.75045 0.12842 0.0963213 0.0248086) 47342 94003 1
(0.146493 0.431902 0.142669 0.278936) 47430 94179 1
(0.378576 0.313512 0.0772469 0.230665) 47430 94179 1
(0.333475 0.333694 0.280209 0.0526219) 47387 94094 1
(0.805899 0.0971592 0.0789814 0.0179602) 47429 94180 1
(0.788848 0.105657 0.0317924 0.0737028) 47426 94174 1
(0.0535473 0.473345 0.380777 0.092331) 47428 94178 1
(0.091061 0.434304 0.0373179 0.437317) 47473 94265 2
(0.202838 0.417326 0.150667 0.229169) 47465 94249 1
(0.0962078 0.471126 0.404951 0.0277154) 47465 94337 2
(0.467563 0.171293 0.101955 0.259189) 47517 94353 2
(0.253711 0.309553 0.381143 0.0555934) 3200 6255 2
(0.476345 0.257332 0.0899004 0.176422) 3430 6664 1
(0.0277708 0.485125 0.19025 0.296854) 3403 6612 1
(0.248154 0.150554 0.219992 0.3813) 3405 6615 2
(0.014417 0.476092 0.175507 0.333983) 3370 6586 1
(0.589894 0.0388688 0.164241 0.206996) 3369 6545 2
(0.136999 0.431172 0.363883 0.0679465) 3344 6499 1
(0.486798 0.250238 0.0211761 0.241788) 3321 6490 1
(0.0536291 0.299445 0.48388 0.163046) 3325 6498 2
(0.131281 0.416291 0.433645 0.0187833) 3328 6465 1
(0.36005 0.319025 0.207153 0.113772) 3302 6415 1
(0.331311 0.334254 0.020312 0.314123) 3283 6378 1
(0.442757 0.271946 0.125092 0.160204) 3268 6387 1
(0.418925 0.28982 0.118525 0.17273) 3254 6324 1
(0.155211 0.412353 0.211525 0.220911) 3229 6311 1
(0.032172 0.482859 0.263641 0.221328) 3223 6261 1
(0.294483 0.198518 0.359376 0.147623) 3204 6262 2
(0.0452554 0.475862 0.067076 0.411807) 3196 6211 1
(0.0652359 0.466419 0.192564 0.275781) 3174 6168 1
(0.0549024 0.454575 0.431366 0.0591567) 3168 6153 1
(0.980977 0.00691981 0.00970375 0.0023995) 3141 6139 2
(0.487603 0.255449 0.0167373 0.24021) 3123 6068 1
(0.0522602 0.472585 0.0353101 0.439844) 3107 6037 1
(0.321377 0.33906 0.0928492 0.246714) 3081 5984 1
(0.222031 0.388469 0.183031 0.206468) 3072 5969 1
(0.411814 0.0508179 0.29422 0.243148) 3061 5947 2
(0.389043 0.174956 0.125055 0.310946) 3043 5909 2
(0.660827 0.166911 0.0588565 0.113405) 3029 5882 1
(0.266059 0.366391 0.318153 0.0493967) 3002 5830 1
(0.369755 0.314736 0.0715536 0.243956) 2987 5803 1
(0.438378 0.138929 0.28467 0.138023) 2961 5788 2
(0.865179 0.0387299 0.0674555 0.0286356) 2920 5672 2
(0.0539909 0.258943 0.483794 0.203272) 2927 5722 2
(0.618286 0.0937754 0.193391 0.0945476) 2840 5553 2
(0.557893 0.162116 0.221146 0.0588438) 2904 5641 2
(0.669909 0.146744 0.165091 0.0182567) 2892 5618 2
(0.59909 0.043669 0.202135 0.155106) 2866 5603 2
(0.0941672 0.104878 0.466026 0.334928) 2855 5582 2
(0.238236 0.360768 0.38088 0.0201157) 2820 5477 2
(0.492799 0.113395 0.133906 0.2599) 2830 5494 2
(0.711375 0.0607382 0.0835744 0.144313) 2802 5440 2
(0.339426 0.330287 0.053962 0.276325) 2781 5401 1
(0.443331 0.108157 0.285094 0.163418) 2771 5418 2
(0.100513 0.449743 0.192638 0.257105) 2741 5321 1
(0.103136 0.103555 0.344877 0.448432) 2747 5333 2
(0.411507 0.0604616 0.294247 0.233785) 2721 5284 2
(0.598964 0.196082 0.0275105 0.177444) 2640 5163 1
(0.168148 0.413636 0.363272 0.0549435) 2688 5256 1
(0.0693903 0.462408 0.369724 0.0984777) 2663 5207 1
(0.0328824 0.269119 0.214439 0.483559) 2671 5185 2
(0.38065 0.309675 0.168243 0.141432) 2650 5144 1
(0.388352 0.28582 0.0457672 0.280061) 2633 5149 1
(0.0651086 0.453696 0.329986 0.151209) 2628 5100 1
(0.240662 0.3782 0.0470053 0.334133) 2604 5053 1
(0.530926 0.162649 0.234537 0.0718882) 2582 5013 2
(0.496801 0.196214 0.2625 0.0444842) 2570 5026 2
(0.205755 0.384215 0.0486101 0.36142) 2546 4979 1
(0.118897 0.154906 0.440552 0.285646) 2545 4941 2
(0.296163 0.351918 0.0389107 0.313008) 2525 4902 1
(0.029605 0.485198 0.178988 0.30621) 2506 4865 1
(0.0344609 0.48277 0.0048445 0.477925) 2491 4834 1
(0.144505 0.322687 0.427748 0.105061) 2490 4834 2
(0.255842 0.372079 0.131661 0.240418) 2466 4787 1
(0.201736 0.399132 0.0889032 0.310229) 2446 4746 1
(0.329921 0.327105 0.28565 0.0573246) 2442 4737 1
(0.78201 0.108995 0.0808686 0.0281264) 2426 4707 1
(0.239473 0.380263 0.139818 0.240446) 2406 4681 1
(0.728363 0.135904 0.022215 0.113517) 3800 96634 2
(5.26763e-06 0.142949 0.356719 0.500327) 3820 96633 1
(0.228238 0.314334 0.394353 0.0630744) 3780 7386 2
(0.108841 0.15275 0.449601 0.288808) 3860 7542 2
(0.627406 0.186542 0.0888075 0.0972447) 4103 7979 1
(0.0653322 0.457623 0.322886 0.154159) 4083 7937 1
(0.195962 0.0197229 0.38168 0.402636) 4103 7976 2
(0.0376275 0.482305 0.453798 0.0262689) 4043 7860 1
(0.0122971 0.0147707 0.478694 0.494238) 3840 7464 2
(0.473829 0.160895 0.102588 0.262688) 4065 7903 2
(0.567455 0.203953 0.00684406 0.221748) 4111 8031 1
(0.196306 0.390132 0.21087 0.202692) 4111 7992 1
(0.0979072 0.451128 0.234886 0.216079) 3967 7712 1
(0.551473 0.219678 0.109628 0.119221) 4047 7906 1
(8.95059e-06 0.0861466 0.413859 0.499986) 3680 96640 1
(0.375844 0.272104 0.311423 0.0406293) 3983 7745 2
(0.838577 0.0807545 0.0631439 0.0175247) 4027 7831 1
(0.915072 0.0280761 0.0135037 0.0433482) 3902 7584 2
(0.740243 0.116829 0.129845 0.0130824) 3720 7232 2
(0.224104 0.388132 0.0770149 0.310749) 3944 7667 1
(0.614916 0.19269 0.0616672 0.130726) 3967 7712 1
(0.0297732 0.253254 0.484503 0.232469) 3993 7765 2
(0.557068 0.21902 0.0782798 0.145633) 3924 7627 1
(0.408612 0.0137307 0.295681 0.281976) 3740 7271 2
(0.359229 0.320709 0.138116 0.181946) 3863 7509 1
(0.57603 0.105529 0.215503 0.102939) 3884 7588 2
(0.886021 0.0558042 0.022611 0.0355641) 3885 7590 1
(0.633113 0.178868 0.123958 0.0640617) 3913 7645 1
(0.473065 0.254975 0.102116 0.169843) 3870 7561 1
(0.0063305 0.00669572 0.497074 0.4899) 3845 7512 2
(0.0549321 0.451096 0.322466 0.171507) 3876 7573 1
(0.0764995 0.459408 0.099834 0.364258) 3781 7348 1
(0.580077 0.205963 0.0879792 0.125982) 3849 7481 1
(0.298216 0.0787971 0.353518 0.269468) 3784 7393 2
(0.553152 0.282393 0.0822274 0.0822274) 3819 7462 1
(0.217394 0.276507 0.402824 0.103275) 3787 7399 2
(0.553466 0.216266 0.0622435 0.168024) 3768 7362 1
(0.233815 0.171727 0.388817 0.205641) 3724 7276 2
(0.814921 0.0737163 0.0188708 0.0924924) 3738 7266 2
(0.691564 0.142292 0.00801014 0.158134) 3661 7114 2
(0.216869 0.380811 0.0156544 0.386666) 3642 7116 1
(0.541825 0.224611 0.152984 0.0805795) 3691 7212 1
(0.373867 0.302851 0.0576786 0.265603) 3687 7204 1
(0.286633 0.0998992 0.256732 0.356736) 3666 7125 2
(0.110151 0.039985 0.451589 0.398275) 3656 7144 2
(0.433961 0.0859639 0.194778 0.285296) 3580 6957 2
(0.301766 0.3377 0.109366 0.251168) 3629 7091 1
(0.395702 0.3017 0.0359723 0.266626) 3608 7014 1
(0.515519 0.240264 0.0632634 0.180954) 3604 7003 1
(0.729774 0.13443 0.116673 0.0191225) 3586 7007 1
(0.0647693 0.0186233 0.468332 0.448276) 3566 6968 2
(0.744282 0.0592084 0.129488 0.067022) 3541 6919 2
(0.36484 0.313033 0.222098 0.100028) 3549 6935 1
(0.157429 0.349079 0.422153 0.0713382) 3567 6934 2
(0.024465 0.487169 0.309092 0.179274) 3524 6850 1
(0.414351 0.292323 0.133566 0.15976) 3508 6817 1
(0.230604 0.300933 0.0827533 0.38571) 3527 6854 2
(0.0419367 0.083414 0.483666 0.390984) 3490 6820 2
(0.323813 0.073421 0.338403 0.264363) 3492 6788 2
(0.562456 0.0112755 0.219399 0.20687) 3450 6742 2
(0.707919 0.0692751 0.146363 0.0764427) 3463 6731 2
(0.1044 0.439888 0.0791148 0.376597) 3455 6713 1
(0.0185873 0.343955 0.144723 0.492735) 4620 96593 1
(4.78398e-05 0.393116 0.105036 0.5018) 4320 96608 1
(0.391664 0.303771 0.0115988 0.292966) 5085 9902 1
(0.670192 0.164688 0.00991972 0.1552) 5026 9787 1
(0.0339998 0.046217 0.433575 0.486208) 5071 9874 2
(0.712294 0.143692 0.0680079 0.0760057) 4966 9665 1
(0.367831 0.31235 0.070102 0.249718) 5010 9752 1
(0.499695 0.250587 0.134007 0.115711) 4680 9104 1
(0.258405 0.367152 0.109365 0.265078) 4865 9462 1
(0.557574 0.184215 0.0286252 0.229587) 4828 9390 2
(0.101337 0.363744 0.0880973 0.446822) 4831 9397 2
(0.0207531 0.409818 0.486907 0.0825215) 4787 9313 2
(0.638601 0.0925913 0.183786 0.0850216) 4744 9265 2
(0.236318 0.334244 0.0356602 0.393779) 4765 9267 2
(0.0492442 0.474744 0.00378068 0.472231) 4792 9321 2
(0.117343 0.443707 0.0566147 0.382335) 4709 9161 1
(0.0495918 0.463523 0.280352 0.206534) 4708 9156 1
(0.311494 0.25771 0.0736571 0.357139) 4669 9080 2
(0.000210287 0.499413 0.13746 0.362917) 4380 96605 2
(0.072809 0.377348 0.0883397 0.461503) 4587 8921 2
(0.00881827 0.491324 0.346403 0.153454) 4522 8832 1
(0.257401 0.332518 0.0405141 0.369567) 4506 8763 2
(0.595138 0.197407 0.138479 0.068976) 4466 8684 1
(0.948673 0.0256478 5.23651e-05 0.0256263) 4423 8600 1
(0.258009 0.059387 0.311909 0.370695) 4468 8689 2
(0.100092 0.450244 0.060397 0.389267) 4402 8560 1
(0.223162 0.390007 0.319579 0.0672517) 4425 8605 1
(0.220312 0.390429 0.271493 0.117766) 4429 8615 1
(0.0923104 0.455903 0.0318605 0.419926) 4404 8566 1
(0.282675 0.355207 0.24464 0.117477) 4383 8561 1
(0.615791 0.193058 0.000106435 0.191045) 4361 8482 1
(0.752829 0.0232021 0.0987263 0.125243) 4432 8618 2
(0.189111 0.0681985 0.406869 0.335821) 4342 8481 2
(0.363001 0.318713 0.274675 0.0436113) 4409 8576 1
(0.316417 0.0400975 0.341636 0.30185) 4362 8484 2
(0.482704 0.257826 0.159132 0.100339) 4220 96613 2
(0.406327 0.288796 0.17689 0.127987) 4349 8456 1
(0.719919 0.0796979 0.0563575 0.144025) 4329 8417 2
(0.354152 0.323694 0.167756 0.154398) 4313 8387 1
(0.286756 0.354652 0.288354 0.0702379) 4263 8327 1
(0.457552 0.271785 0.123693 0.14697) 4296 8354 1
(0.445683 0.206793 0.0609661 0.286558) 4228 8220 2
(0.134213 0.431876 0.403387 0.0305234) 4185 8175 1
(0.177736 0.411609 0.256781 0.153874) 4161 8092 1
(0.247102 0.210098 0.151343 0.391456) 4192 8150 2
(0.224276 0.360353 0.275093 0.140278) 4195 8156 1
(0.330433 0.318419 0.19638 0.154769) 4174 8115 1
(0.413524 0.293729 0.073704 0.219043) 4141 8053 1
(0.185673 0.402885 0.159048 0.252394) 4122 8013 1
(0.582742 0.0965809 0.204327 0.11635) 47605 94617 2
(0.153062 0.127535 0.29608 0.423324) 47644 94608 2
(0.447326 0.276498 0.148377 0.127799) 47640 94602 1
(0.457357 0.271479 0.248488 0.0226758) 47780 94880 1
(0.310133 0.345069 0.122389 0.222409) 47819 94958 1
(0.0263471 0.486595 0.469818 0.01724) 47825 94972 1
(0.853934 0.00357868 0.0726349 0.0698522) 47860 95127 2
(0.146494 0.427077 0.372112 0.0543173) 47912 95144 1
(0.246495 0.253741 0.130426 0.369338) 48047 95413 2
(0.0771015 0.058708 0.456151 0.408039) 47950 95307 2
(0.851682 0.0487585 0.0275036 0.0720559) 47999 95317 2
(0.0982579 0.256168 0.427745 0.217829) 47994 95395 2
(0.154581 0.3446 0.422332 0.0784875) 48089 95500 2
(0.289325 0.355473 0.115884 0.239318) 48135 95590 1
(0.186846 0.0201631 0.406561 0.38643) 48261 95844 2
(0.227381 0.386603 0.339535 0.0464807) 48210 95740 1
(0.472869 0.26412 0.162979 0.100032) 48311 95944 1
(0.0330757 0.0678718 0.478948 0.420104) 48261 95929 2
(0.504467 0.252562 0.107631 0.13534) 48309 95937 1
(0.0519082 0.345134 0.462158 0.140799) 48310 96027 2
(0.126348 0.436924 0.171306 0.265422) 48395 96110 1
(0.413808 0.104294 0.288934 0.192965) 48397 96201 2
(0.457206 0.0480193 0.271365 0.22341) 48482 96286 2
(0.835066 0.080907 0.0633513 0.0206754) 48532 96400 1
(0.352617 0.305039 0.0290468 0.313297) 5409 96382 1
(0.00264242 0.497947 0.460025 0.0393863) 5385 10503 1
(0.619834 0.187671 0.0418236 0.150672) 5369 10470 1
(0.470932 0.220777 0.0296932 0.278598) 5329 10390 2
(0.50907 0.170312 0.261088 0.0595296) 5312 10396 2
(0.0472121 0.317473 0.158686 0.476629) 5289 10311 2
(0.552002 0.22201 0.218034 0.00795392) 5298 10368 1
(0.485535 0.243855 0.161637 0.108974) 5253 10238 1
(0.568408 0.215776 0.023853 0.191962) 5229 10193 1
(0.296488 0.305087 0.279987 0.118438) 5257 10246 1
(0.205548 0.396997 0.173426 0.224029) 5164 10063 1
(0.53889 0.230773 0.213402 0.0169348) 43392 86191 1
(0.526993 0.239742 0.0299225 0.203342) 43432 86271 1
(0.0655251 0.468251 0.0629913 0.403232) 43388 86095 1
(0.325804 0.0691989 0.268176 0.336821) 43429 86178 2
(0.568594 0.112952 0.209629 0.108825) 43466 86339 2
(0.0555378 0.1371 0.335457 0.471906) 43425 86170 2
(0.190766 0.413768 0.38205 0.013416) 43661 86641 1
(0.178982 0.424794 0.119217 0.277006) 43423 86253 1
(0.234663 0.391168 0.354245 0.0199237) 43604 86527 1
(0.273894 0.363559 0.179785 0.182762) 43510 86340 1
(0.0333585 0.292097 0.4822 0.192344) 43646 86614 2
(0.144064 0.0567449 0.374847 0.424344) 43597 86513 2
(0.417759 0.153434 0.290473 0.138334) 43599 86520 2
(0.502366 0.27148 0.222805 0.0033485) 43594 86507 1
(0.214322 0.188945 0.378897 0.217836) 43595 86597 2
(0.192796 0.430644 0.0669477 0.309612) 43595 86597 1
(0.479309 0.268127 0.0144445 0.238119) 43594 86507 2
(0.246626 0.377343 0.195914 0.180118) 43642 86606 1
(0.101675 0.456447 0.0956388 0.346238) 43684 86687 1
(0.866329 0.0682855 0.0169475 0.048438) 43684 86687 1
(0.0615837 0.246217 0.285282 0.406917) 43633 86585 2
(0.154987 0.0140919 0.422294 0.408628) 43685 86777 2
(0.217754 0.0491543 0.342061 0.39103) 43730 86780 2
(0.631784 0.193253 0.0019061 0.173057) 43685 86689 2
(0.539943 0.0935874 0.144306 0.222163) 43682 86683 2
(0.26925 0.00352348 0.361439 0.365788) 43678 86675 2
(0.396399 0.302241 0.0892077 0.212153) 43683 86686 1
(0.397746 0.058468 0.29764 0.246146) 43683 86773 2
(0.608993 0.197509 0.154702 0.0387954) 43775 86957 1
(0.558949 0.220253 0.177916 0.0428828) 43680 86680 1
(0.364333 0.122947 0.313056 0.199664) 43776 86959 2
(0.327307 0.336388 0.0166964 0.319608) 43728 86776 1
(0.644635 0.168067 0.177065 0.0102329) 43727 86776 2
(0.0534954 0.372549 0.4719 0.102055) 43726 86774 2
(0.515644 0.25217 0.100262 0.131924) 43726 86771 1
(0.366134 0.332481 0.201183 0.100202) 43772 86863 1
(0.119507 0.441453 0.242845 0.196194) 43727 86774 1
(0.4742 0.286445 0.0142709 0.225085) 43723 86765 2
(0.848691 0.0723716 0.00798093 0.0709566) 43772 86863 2
(0.190242 0.127635 0.27841 0.403713) 43721 86762 2
(0.404814 0.16833 0.296953 0.129903) 43770 86862 2
(0.445481 0.28199 0.239762 0.0327672) 44051 87421 1
(0.296579 0.414226 0.0553408 0.233854) 43722 86851 1
(0.290395 0.375196 0.301913 0.0324954) 43817 86953 1
(0.475172 0.263159 0.256448 0.0052219) 44000 87407 2
(0.0767563 0.463067 0.062962 0.397215) 43771 86864 1
(0.289339 0.378755 0.0682837 0.263623) 43771 86949 1
(0.218094 0.0406774 0.350608 0.390621) 44049 87418 2
(0.644039 0.187694 0.0400104 0.128256) 43817 87041 1
(0.728861 0.10363 0.133286 0.0342228) 44052 87511 2
(0.0385138 0.238048 0.246637 0.476801) 44093 87505 2
(0.341595 0.314957 0.298759 0.0446892) 43769 86945 2
(0.33248 0.145388 0.189161 0.332971) 43814 86948 2
(0.213389 0.246491 0.381835 0.158285) 43863 87133 2
(0.523476 0.249639 0.0789373 0.147948) 43860 87127 1
(0.034505 0.483982 0.299476 0.182037) 43861 87042 1
(0.554183 0.223294 0.106949 0.115574) 43860 87040 1
(0.17726 0.149245 0.410903 0.262591) 43907 87136 2
(0.115302 0.000411566 0.245249 0.639037) 43852 189818 2
(3.43502e-08 6.13644e-09 0.311347 0.688653) 43896 189862 2
(0.387251 0.267545 0.0650249 0.280178) 43901 87121 2
(0.0305618 0.463314 0.0608913 0.445233) 43902 87123 2
(0.077098 0.296352 0.432783 0.193767) 43857 87121 2
(0.422769 0.290801 0.062092 0.224337) 44042 87403 1
(0.337247 0.0179675 0.330461 0.314325) 43952 87311 2
(0.404321 0.187614 0.125771 0.282293) 43902 87123 2
(0.467987 0.162317 0.265012 0.104684) 43950 87222 2
(0.106163 0.451586 0.391144 0.0511064) 43903 87213 1
(0.649801 0.191547 0.126245 0.0324074) 43897 87201 2
(0.65855 0.171293 0.0475179 0.122639) 43948 87218 1
(0.00281424 0.265055 0.234595 0.497535) 43992 87304 2
(0.720312 0.119486 0.133418 0.0267839) 43994 87395 2
(0.0592657 0.470897 0.135575 0.334263) 43942 87204 1
(0.659255 0.157844 0.0189785 0.163923) 44040 87399 2
(0.448452 0.0355013 0.274183 0.241864) 43994 87395 2
(0.162933 0.419734 0.327081 0.090252) 43992 87304 1
(0.20579 0.324641 0.396258 0.0733114) 43988 87298 2
(0.352928 0.337505 0.0464246 0.263142) 44039 87485 1
(4.54246e-09 1.47401e-09 0.000134991 0.999865) 44028 189994 2
(0.0237673 0.502103 0.294752 0.179378) 43992 87391 1
(0.549778 0.237788 0.124839 0.0875959) 44034 87387 1
(0.220633 0.390298 0.185622 0.203447) 44083 87486 1
(0.630158 0.00606016 0.185184 0.178598) 44080 87482 2
(0.235081 0.647691 0.0555849 0.061643) 44028 87464 1
(0.100435 0.511097 0.026784 0.361684) 44074 87467 2
(0.508565 0.245984 0.242111 0.00334042) 44080 87567 1
(0.149999 0.425393 0.339521 0.0850874) 44078 87478 1
(0.00666226 0.496463 0.477493 0.019381) 44077 87476 1
(0.00267847 0.338254 0.16129 0.497778) 44124 87568 2
(0.251374 0.374766 0.207165 0.166696) 44122 87564 1
(0.68716 0.148077 0.00879697 0.155966) 44170 87660 2
(0.316493 0.337431 0.339704 0.00637134) 44167 87656 2
(0.171657 0.345178 0.0812776 0.401887) 44261 87841 2
(0.669552 0.0624421 0.102874 0.165132) 44166 87652 2
(0.341938 0.217191 0.121967 0.318905) 44215 87749 2
(0.781044 0.112287 0.0511282 0.0555408) 44216 87751 1
(0.373631 0.264777 0.287574 0.0740175) 44165 87737 2
(0.174647 0.445976 0.104677 0.274699) 44165 87737 1
(0.144867 0.0477743 0.427615 0.379744) 44257 87836 2
(0.231938 0.00649821 0.383306 0.378258) 44212 87831 2
(0.543731 0.137325 0.0991158 0.219828) 44257 87833 2
(0.73822 0.128128 0.123069 0.0105825) 44257 87921 2
(0.168481 0.147525 0.276099 0.407895) 44302 87923 2
(0.131453 0.488538 0.00421058 0.375798) 44252 87911 1
(0.301395 0.538203 0.0793945 0.0810075) 44248 87904 1
(0.552849 0.0610369 0.162421 0.223693) 44301 87922 2
(0.624731 0.187812 0.057109 0.130348) 44302 87924 1
(0.324214 0.342149 0.11007 0.223567) 44393 88105 1
(0.0426483 0.153358 0.47838 0.325614) 44345 88012 2
(1.60381e-09 1.73905e-09 0.978303 0.0216972) 44292 190258 2
(0.479772 0.273488 0.169048 0.0776922) 44344 88007 1
(0.100081 0.450924 0.382727 0.0662677) 44346 88012 1
(0.0308406 0.48517 0.120877 0.363112) 44345 88010 1
(0.351026 0.334752 0.184513 0.129708) 44344 88095 1
(0.222656 0.407096 0.165583 0.204665) 44343 88093 1
(0.053892 0.482982 0.0869828 0.376143) 44385 88089 1
(0.952834 0.0236769 0.0159696 0.00751926) 44532 88471 1
(0.47041 0.285914 0.235984 0.00769154) 44387 88093 1
(0.638108 0.108895 0.168692 0.0843048) 44384 88175 2
(0.171555 0.12957 0.285007 0.413868) 44435 88190 2
(0.312146 0.219601 0.125116 0.343138) 44430 88180 2
(0.919457 0.0401146 0.0173666 0.0230618) 44432 88184 1
(0.329346 0.0840986 0.330276 0.25628) 44434 88275 2
(0.450611 0.289883 0.0398219 0.219684) 44433 88273 1
(0.10271 0.45314 0.359418 0.0847321) 44435 88277 1
(0.00850391 0.504983 0.301732 0.184782) 44435 88277 1
(0.0809133 0.415368 0.412974 0.0907448) 44428 88263 2
(0.526994 0.236762 0.0147859 0.221459) 44620 88559 1
(0.162724 0.118928 0.418254 0.300094) 44470 88262 2
(0.221561 0.117734 0.384615 0.27609) 44480 88367 2
(0.143904 0.200954 0.227605 0.427537) 44571 88462 2
(0.513311 0.0453665 0.199786 0.241536) 44568 88455 2
(0.482178 0.0922631 0.258624 0.166935) 44517 88356 2
(0.700749 0.122927 0.149583 0.0267406) 44517 88356 2
(0.0382829 0.481016 0.310291 0.17041) 44705 88732 1
(0.340111 0.330825 0.279832 0.0492316) 44565 88450 1
(0.37096 0.187032 0.130591 0.311416) 44752 88823 2
(0.0820904 0.00511598 0.454855 0.457938) 44560 88439 2
(0.496001 0.27105 0.0263297 0.206619) 44563 88533 1
(0.204604 0.409188 0.29444 0.0917678) 44701 88721 1
(0.125245 0.0871875 0.350287 0.437281) 44608 88536 2
(0.138004 0.437922 0.0306736 0.3934) 44753 88913 1
(0.310957 0.345016 0.134333 0.209695) 44608 88538 1
(0.0383416 0.185303 0.480417 0.295939) 44607 88536 2
(0.303602 0.303578 0.0613905 0.33143) 44698 88715 2
(0.359151 0.324032 0.163288 0.153529) 44793 88905 1
(0.00756385 0.468722 0.0290326 0.494682) 44605 88530 2
(0.732346 0.133866 0.132232 0.00155555) 44607 88536 1
(0.500863 0.17355 0.250932 0.0746551) 44646 88614 2
(0.207324 0.152337 0.396168 0.244171) 44884 89090 2
(3.82884e-06 0.890758 0.109238 1.0877e-07) 44688 142094 1
(0.781241 0.110221 0.100832 0.00770663) 44695 88797 2
(0.159324 0.421235 0.3245 0.0949405) 44695 88710 1
(0.814658 0.0522928 0.0404862 0.0925634) 44739 88798 2
(0.71876 0.142159 0.0716428 0.0674382) 44934 89275 1
(0.256583 0.266805 0.105849 0.370764) 44786 88892 2
(0.41455 0.293861 0.288278 0.00331121) 44738 88796 1
(0.35722 0.326882 0.0726164 0.243281) 44784 88887 1
(0.272164 0.364107 0.342743 0.0209853) 44975 89272 1
(5.32634e-09 0.714203 0.285797 5.17173e-09) 44776 142182 1
(0.904515 0.0447557 0.0436487 0.00708056) 44782 88971 2
(0.0130755 0.507933 0.297361 0.18163) 44784 88975 1
(0.196954 0.101979 0.396068 0.305) 44830 89067 2
(0.27642 0.375697 0.215223 0.13266) 44782 88971 1
(0.539829 0.23057 0.18713 0.0424714) 44827 88974 1
(0.329864 0.102905 0.328534 0.238697) 44873 89153 2
(0.174637 0.0919932 0.320867 0.412503) 44919 89158 2
(0.205294 0.39768 0.167936 0.22909) 44872 89064 1
(0.318123 0.0079194 0.333162 0.340796) 44964 89248 2
(0.167133 0.402893 0.401195 0.0287789) 44965 89337 2
(0.0572756 0.473475 0.374719 0.09453) 45062 89531 1
(0.0342492 0.311495 0.48176 0.172496) 44870 89062 2
(0.533293 0.232522 0.0040815 0.230104) 44912 89143 1
(0.72124 0.054377 0.0850037 0.139379) 44917 89154 2
(0.0296638 0.53639 0.421563 0.0123831) 44913 89145 1
(0.172247 0.366931 0.0948138 0.366008) 44911 89141 2
(0.253165 0.0510043 0.373339 0.322492) 44961 89244 2
(0.0896641 0.473504 0.136646 0.300185) 44962 89331 1
(0.000474353 0.0105352 0.48852 0.50047) 45144 89608 2
(0.631548 0.194284 0.0876368 0.0865312) 45002 89323 1
(0.298387 0.3507 0.181662 0.169251) 45051 89422 1
(0.542228 0.229156 0.0513679 0.177248) 45005 89330 1
(0.461293 0.269748 0.124725 0.144233) 45003 89326 1
(0.0182631 0.08556 0.484912 0.411265) 45004 89415 2
(0.495543 0.26349 0.13753 0.103437) 45048 89415 1
(0.208632 0.403992 0.28271 0.104666) 45231 89781 1
(0.0345834 0.385891 0.439629 0.139897) 45044 89495 2
(0.0264997 0.179666 0.308674 0.48516) 45093 89506 2
(0.042396 0.478827 0.125971 0.352807) 45095 89510 1
(0.541339 0.233041 0.0316745 0.193945) 45134 89587 1
(0.373306 0.141329 0.312927 0.172438) 45132 89586 2
(0.763658 0.127183 0.098742 0.0104171) 45135 89589 1
(0.0530622 0.458049 0.472463 0.0164259) 45182 89686 2
(0.0793582 0.46104 0.227139 0.232463) 45134 89588 1
(0.062025 0.289232 0.197886 0.450858) 45181 89681 2
(0.286546 0.103648 0.351829 0.257978) 45183 89773 2
(0.230711 0.097894 0.332858 0.338537) 45172 89664 1
(0.115617 0.0492872 0.441967 0.39313) 45225 89772 2
(0.429519 0.285946 0.247089 0.0374456) 45179 89678 1
(0.515933 0.0600426 0.23676 0.187264) 45178 89763 2
(0.935765 0.0320401 0.0179895 0.0142055) 45272 89866 1
(0.909517 0.0468334 0.0182392 0.0254108) 45226 89859 1
(0.652596 0.0403903 0.137271 0.169743) 45221 89761 2
(0.524205 0.0728566 0.237753 0.165186) 45223 89768 2
(0.148837 0.226999 0.396135 0.228029) 45219 89845 2
(0.565625 0.217655 0.0689872 0.147733) 45372 90064 1
(0.174674 0.412957 0.124733 0.287636) 45270 89860 1
(0.0549829 0.473256 0.395739 0.0760219) 45315 89950 1
(0.0375694 0.495698 0.103508 0.363224) 45361 90129 1
(0.0798763 0.468202 0.166899 0.285023) 45360 90039 1
(0.829432 0.0848484 0.0833891 0.00233016) 45267 89856 1
(0.111287 0.444772 0.183642 0.260299) 45361 90042 1
(0.22249 0.389035 0.217974 0.170501) 45314 89950 1
(0.154745 0.423425 0.375845 0.0459859) 45312 89944 1
(0.697403 0.0231066 0.149344 0.130146) 45310 90027 2
(0.481743 0.256919 0.236693 0.0246456) 45310 90027 2
(0.175814 0.412531 0.232607 0.179048) 45359 90040 1
(0.391801 0.306766 0.0376481 0.263784) 45355 90029 1
(0.518936 0.0208323 0.238487 0.221745) 45353 90113 2
(0.251208 0.374842 0.221186 0.152764) 45402 90126 1
(0.342177 0.277874 0.328614 0.0513348) 45401 90124 2
(0.945066 0.0287148 0.0117811 0.0144384) 45398 90115 1
(0.275854 0.0214999 0.360193 0.342454) 45398 90203 2
(0.0975293 0.452061 0.402796 0.0476129) 45448 90216 1
(0.0504582 0.49452 0.268701 0.18632) 45398 90203 1
(0.0374565 0.456025 0.480378 0.0261411) 45446 90214 2
(0.035955 0.484804 0.019368 0.459873) 45440 90199 1
(0.103322 0.182776 0.447868 0.266034) 45537 90396 2
(0.181871 0.409677 0.324987 0.0834644) 45490 90300 1
(0.404689 0.0223617 0.294767 0.278183) 45483 90373 2
(0.0184233 0.269087 0.469719 0.242771) 45487 90381 2
(0.434204 0.293529 0.0719072 0.20036) 45535 90477 1
(0.227086 0.38885 0.0402722 0.343792) 45578 90475 1
(0.327717 0.0832671 0.329787 0.259229) 45575 90557 2
(0.09979 0.450512 0.225413 0.224286) 45624 90570 1
(0.715556 0.132595 0.14207 0.00977981) 45624 90570 2
(0.0913915 0.45447 0.0419862 0.412152) 45625 90570 1
(0.214171 0.0178568 0.393117 0.374856) 45667 90656 2
(0.283107 0.058197 0.302947 0.355749) 45667 90653 2
(0.028217 0.274585 0.226645 0.470553) 45666 90651 2
(0.25415 0.384831 0.097182 0.263837) 45661 90641 1
(0.798249 0.0946255 0.00977273 0.0973525) 45713 90745 2
(0.178445 0.410983 0.0821156 0.328457) 45666 90652 1
(0.197837 0.0748279 0.400866 0.326469) 45707 90736 2
(0.229722 0.385747 0.145263 0.239268) 45709 90740 1
(0.472016 0.242471 0.0367902 0.248723) 45753 90825 2
(0.118649 0.441172 0.242385 0.197794) 45755 90832 1
(0.00799526 0.495865 0.0760078 0.420132) 45801 90922 1
(0.200352 0.282247 0.118049 0.399353) 45797 90914 2
(0.130302 0.421749 0.014104 0.433844) 45795 90910 2
(0.179102 0.2862 0.394385 0.140313) 45798 91003 2
(0.0978809 0.213008 0.238551 0.45056) 45835 90990 2
(0.648159 0.153015 0.163826 0.0350006) 45839 91085 2
(0.164962 0.417755 0.322267 0.0950168) 45836 90994 1
(0.102142 0.125278 0.333554 0.439026) 45883 91085 2
(0.00916661 0.127406 0.495222 0.368205) 45885 91092 2
(0.784818 0.0458004 0.105887 0.0634945) 45888 91183 2
(0.0964826 0.452703 0.405351 0.0454629) 45883 91086 1
(0.626555 0.0513014 0.137797 0.184346) 45932 91183 2
(0.709402 0.141981 0.139865 0.00875226) 45933 91273 2
(0.142883 0.429274 0.258115 0.169728) 45934 91188 1
(0.185784 0.407877 0.0718074 0.334532) 45926 91174 1
(0.120537 0.00697521 0.439326 0.433162) 45933 91273 2
(0.0815046 0.43177 0.0549219 0.431803) 45973 91265 2
(0.221213 0.293801 0.0960995 0.388886) 45976 91272 2
(0.934015 0.0165375 0.0180863 0.0313609) 45969 91257 2
(0.511742 0.247475 0.159557 0.0812261) 45977 91361 1
(0.586745 0.0954516 0.195988 0.121816) 45968 91343 2
(0.0280617 0.486044 0.478551 0.00734365) 45975 91272 1
(0.507856 0.250988 0.0995366 0.14162) 46023 91453 1
(0.754294 0.0209382 0.121484 0.103283) 46061 91529 2
(0.389011 0.0936689 0.212581 0.304739) 38331 75980 2
(0.273723 0.215766 0.147985 0.362527) 42477 84274 2
(0.501725 0.25459 0.22709 0.0165951) 42958 85235 1
(0.139504 0.439476 0.0434867 0.377533) 41857 83121 1
(0.0442615 0.425745 0.468336 0.0616577) 43354 86115 2
(0.0503564 0.475069 0.070926 0.403649) 41769 82858 1
(0.290465 0.354877 0.0348905 0.319768) 41896 83112 1
(0.128512 0.259767 0.176757 0.434964) 41880 83080 2
(0.954669 0.0155612 0.00638952 0.02338) 41789 82898 2
(0.319956 0.339939 0.303713 0.0363914) 41852 83026 1
(0.0266874 0.50801 0.39379 0.0715118) 41794 82907 1
(0.251571 0.402939 0.0542636 0.291226) 41790 82987 1
(0.5255 0.0218695 0.233629 0.219002) 41876 83159 2
(0.195897 0.243497 0.39717 0.163436) 41933 83273 2
(0.12471 0.00655019 0.437586 0.431154) 41832 83071 2
(0.349548 0.0328207 0.325396 0.292235) 41829 82980 2
(0.225926 0.405086 0.2139 0.155087) 41835 82989 1
(0.227318 0.0691672 0.320466 0.383049) 41838 82995 2
(0.200097 0.235136 0.165614 0.399153) 41924 83168 2
(0.635803 0.193369 0.113428 0.0573991) 41878 83075 1
(0.0950599 0.484033 0.0541171 0.36679) 41785 82889 1
(0.0553658 0.527603 0.121613 0.295418) 41831 83069 1
(0.134003 0.339408 0.431816 0.0947731) 41837 82996 2
(0.458439 0.271547 0.228353 0.0416606) 42070 83547 1
(0.273676 0.0589033 0.362546 0.304874) 41785 82892 2
(0.499441 0.294688 0.105499 0.100371) 41784 82888 1
(0.0372763 0.481813 0.0780844 0.402826) 41840 83000 1
(0.588659 0.000238246 0.130151 0.280953) 41784 187750 2
(0.602805 0.00353395 0.197557 0.196104) 41785 82977 2
(0.339176 0.260802 0.0988581 0.301164) 41876 83071 2
(0.0994957 0.802947 0.049457 0.0481004) 41784 82976 1
(0.816323 0.0928615 0.0773888 0.0134266) 41921 83249 1
(0.54953 0.233636 0.0293358 0.187498) 41874 83067 1
(0.28859 0.140902 0.223689 0.346819) 42012 83343 2
(0.0217277 0.97388 0.00144555 0.00294715) 41784 82976 1
(0.00241576 0.561224 0.435665 0.000695906) 41828 139234 1
(0.465911 0.049524 0.21702 0.267545) 41830 82980 2
(0.288437 0.356658 0.245457 0.109447) 41921 83164 1
(0.626258 0.0304689 0.175079 0.168194) 41828 83064 1
(0.108341 0.27918 0.444803 0.167676) 41972 83266 2
(0.451105 0.165797 0.275021 0.108077) 41828 82978 2
(0.441025 0.279852 0.123607 0.155516) 42068 83456 1
(1.64111e-08 7.71123e-08 0.834886 0.165113) 41872 187838 2
(0.790418 0.0599693 0.103174 0.046438) 41974 83355 2
(0.370162 0.100574 0.314686 0.214578) 41917 83156 2
(0.181386 0.409987 0.384646 0.0239814) 42054 83428 1
(0.285634 0.0544325 0.312948 0.346986) 41918 83155 2
(0.186597 0.0942349 0.312191 0.406978) 41922 83164 2
(0.934853 0.0329459 0.0035563 0.0286446) 42013 83345 1
(0.60661 0.199375 0.169013 0.0250016) 41966 83339 1
(0.219885 0.386097 0.0724737 0.321544) 41918 83155 2
(0.201631 0.400124 0.376514 0.0217317) 41966 83252 1
(0.362544 0.0805255 0.238955 0.317975) 41966 83252 2
(0.7546 0.126833 0.101754 0.0168125) 41972 83263 1
(0.278911 0.108091 0.252552 0.360446) 41966 83252 2
(0.729653 0.00137113 0.133754 0.135222) 42145 83610 2
(0.408141 0.31258 0.194538 0.0847419) 42187 83693 1
(0.310151 0.169287 0.301658 0.218905) 42005 83417 2
(5.958e-09 0.0345053 0.965495 1.00148e-08) 41960 139366 1
(0.206603 0.133052 0.264147 0.396198) 42109 83538 2
(0.578414 0.163244 0.210249 0.0480937) 42198 83718 2
(0.113552 0.485002 0.107932 0.293515) 41964 83335 1
(0.338692 0.340198 0.23149 0.08962) 42060 83439 1
(0.357953 0.183537 0.14909 0.309419) 42100 83519 2
(0.547286 0.227936 0.00777227 0.217005) 42094 83508 1
(2.08476e-08 0.991724 0.00827552 4.97912e-09) 42004 139410 1
(7.23703e-09 4.1609e-09 0.927616 0.0723839) 41960 187926 2
(0.418702 0.168971 0.29062 0.121707) 42054 83430 2
(0.165478 0.469598 0.0113731 0.353551) 42095 83509 2
(0.0958249 0.501339 0.341046 0.06179) 42052 83423 1
(0.674586 0.163152 0.0425827 0.119679) 42097 83514 1
(0.493256 0.0740691 0.179575 0.253099) 42191 83702 2
(0.832848 0.0840854 0.0721448 0.0109219) 42052 83424 1
(0.0908822 0.461342 0.0270176 0.420758) 42050 83419 1
(0.366398 0.321083 0.186164 0.126355) 42206 83731 1
(1.47254e-07 1.18757e-08 0.526595 0.473405) 42004 187970 2
(0.426269 0.287636 0.0840352 0.202059) 42058 83438 1
(0.644992 0.109202 0.152137 0.0936685) 42049 83505 2
(0.675394 0.178917 0.114959 0.0307303) 42049 83505 2
(0.541535 0.129898 0.228565 0.100002) 42052 83426 2
(0.145588 0.239369 0.188771 0.426272) 42096 83512 2
(0.223136 0.414251 0.355943 0.00667128) 42188 83695 1
(0.0774934 0.861844 0.046731 0.0139312) 42092 139498 1
(9.49281e-06 0.0831806 0.916809 1.18297e-06) 42048 139454 1
(0.381756 0.315957 0.197712 0.104575) 42145 83697 1
(0.108553 0.731929 0.076568 0.0829497) 42092 83504 1
(0.471921 0.263655 0.175272 0.0891523) 42104 83530 1
(0.816798 0.0533685 0.0383339 0.0914992) 42233 83786 2
(0.118149 0.0949195 0.346057 0.440875) 42231 83782 2
(0.555915 0.0193606 0.203472 0.221253) 42278 83875 2
(0.266143 0.341706 0.278652 0.113499) 42093 83593 2
(0.00895948 0.500584 0.114704 0.375752) 42280 83879 1
(0.406372 0.297977 0.0177943 0.277856) 42184 83690 1
(0.208563 0.293226 0.103408 0.394802) 42190 83700 2
(0.369451 0.336264 0.0759684 0.218316) 42314 83947 1
(0.668544 0.161978 0.137603 0.0318745) 42180 83682 1
(0.022767 0.552459 0.21225 0.212524) 42224 83768 1
(0.476602 0.265751 0.24843 0.00921743) 42366 84139 2
(0.139905 0.0939856 0.41334 0.352769) 42226 83859 2
(4.87762e-09 0.192032 0.807968 1.21443e-09) 42224 139630 1
(0.425078 0.182106 0.106525 0.28629) 42315 83950 2
(0.374681 0.313647 0.276301 0.0353717) 42224 83770 1
(0.66818 0.166753 0.144882 0.0201839) 42412 84231 1
(0.395772 0.491362 0.112306 0.000559935) 42268 139674 1
(0.247077 0.376897 0.0488752 0.327151) 42269 83858 1
(0.0806099 0.459854 0.321672 0.137864) 42269 83860 1
(0.21152 0.201244 0.193692 0.393543) 42361 84042 2
(4.04218e-09 0.0822941 0.917706 1.05377e-09) 42268 139674 1
(0.67337 0.134725 0.0312074 0.160698) 42314 83948 2
(0.389591 0.336878 0.00637953 0.267151) 42361 84129 1
(0.355107 0.169677 0.153461 0.321754) 42323 83966 2
(0.147761 0.41328 0.425303 0.0136551) 42406 84134 2
(0.351954 0.012248 0.312026 0.323772) 42369 84057 2
(0.699254 0.15406 0.0564463 0.0902394) 42453 84225 1
(0.739531 0.00352811 0.237824 0.019117) 42356 188322 2
(0.319201 0.277438 0.0641702 0.339191) 42504 84328 2
(0.506996 0.0628911 0.183946 0.246167) 42411 84142 2
(0.00721734 0.539811 0.295479 0.157492) 42404 84127 1
(0.794775 0.105779 0.0934978 0.00594849) 42357 84121 1
(0.424546 0.225065 0.287058 0.0633306) 42414 84150 2
(0.719264 0.154004 0.0958039 0.0309284) 42492 84303 1
(2.97942e-08 7.00907e-10 0.101688 0.898312) 42400 188366 2
(0.100098 0.450698 0.283934 0.16527) 42422 84164 1
(1.24592e-07 0.963803 0.0361963 2.07654e-07) 42400 139806 1
(0.034768 0.522902 0.0176731 0.424657) 42448 84215 2
(0.624097 0.201461 0.100146 0.0742957) 42403 84213 1
(0.170641 0.432157 0.0282452 0.368957) 42367 84141 1
(0.24038 0.162744 0.22246 0.374416) 42457 84233 2
(0.182161 0.147264 0.264514 0.406061) 42468 84255 2
(0.437172 0.198521 0.0833675 0.280939) 42509 84338 2
(0.179144 0.44722 0.255589 0.118047) 42492 84303 1
(0.359251 0.457728 0.0941649 0.0888566) 42400 84208 1
(0.046136 0.828507 0.0622819 0.0630752) 42400 84208 1
(0.541757 0.191591 0.0384546 0.228197) 42492 84304 2
(0.531253 0.211315 0.0230816 0.23435) 42445 84210 2
(0.63959 0.180843 0.166875 0.0126913) 42445 84210 1
(0.216268 0.392763 0.0722338 0.318736) 42445 84210 1
(0.286819 0.338458 0.0505536 0.32417) 42537 84393 2
(0.974141 0.0130197 0.00412432 0.00871488) 42585 84492 1
(0.180009 0.357723 0.407654 0.0546142) 42627 84576 2
(0.703634 0.14905 0.0967178 0.050598) 42536 84392 1
(0.552318 0.136369 0.222875 0.0884383) 42501 84324 2
(0.55776 0.0860231 0.140859 0.215358) 42534 84388 2
(0.0520227 0.290681 0.234831 0.422466) 42578 84475 2
(0.192238 0.066185 0.399411 0.342166) 42628 84663 2
(5.62085e-10 0.603344 0.396656 3.54417e-10) 42532 139938 1
(0.318671 0.344731 0.297828 0.0387701) 42626 84659 1
(0.161774 0.341996 0.494771 0.00145903) 42532 139938 1
(0.486843 0.221358 0.0369286 0.254871) 42579 84478 2
(0.429487 0.12983 0.283804 0.15688) 42579 84480 2
(0.344184 0.249064 0.0802039 0.326548) 42497 84314 2
(0.334026 0.334115 0.312722 0.019137) 42628 84663 1
(5.85788e-09 0.336418 0.663582 8.01435e-09) 42576 139982 1
(0.251142 0.396791 0.305019 0.047048) 42672 84663 1
(0.314121 0.343411 0.195075 0.147393) 42621 84564 1
(0.345357 0.309964 0.171866 0.172813) 42620 84560 1
(0.148188 0.434705 0.117545 0.299562) 42715 84749 1
(7.64376e-07 0.389747 0.610252 1.78003e-07) 42620 140026 1
(0.901822 0.00918563 0.0519853 0.0370067) 42620 84562 2
(0.458213 0.271344 0.00247864 0.267964) 42669 84658 1
(0.283148 0.245715 0.113343 0.357795) 42586 84492 2
(0.244068 0.382098 0.324689 0.0491444) 42670 84747 1
(0.188674 0.407745 0.379272 0.0243099) 42716 84839 1
(0.163154 0.211814 0.207348 0.417685) 42714 84748 2
(0.0766975 0.518326 0.404466 0.000510384) 42664 140070 1
(0.52358 0.200552 0.0420043 0.233863) 42778 84875 2
(0.0529266 0.146774 0.799513 0.000786883) 42664 140070 1
(0.0564829 0.49461 0.22143 0.227478) 42714 84835 1
(0.561526 0.109442 0.110205 0.218826) 42633 84586 2
(0.0571724 0.471823 0.282942 0.188063) 42632 84584 1
(0.296352 0.175079 0.177181 0.351388) 42731 84782 2
(0.454623 0.276693 0.220312 0.0483713) 42759 84925 1
(0.580638 0.209951 0.0679683 0.141443) 42711 84744 1
(0.0155635 0.383975 0.109706 0.490755) 42711 84742 2
(0.363738 0.320106 0.304498 0.0116583) 42709 84738 1
(0.609268 0.0645197 0.138459 0.187753) 42756 84831 2
(0.729181 0.135359 0.0794335 0.0560265) 42756 84832 1
(0.558602 0.211696 0.219608 0.0100947) 42756 84834 2
(0.679536 0.074582 0.0894296 0.156452) 42630 84579 2
(0.728155 0.0122622 0.135132 0.124451) 42803 85013 2
(0.545876 0.227159 0.166005 0.0609601) 42778 84878 1
(0.367093 0.0512202 0.265416 0.316271) 42675 84670 2
(0.41462 0.286255 0.00743113 0.291694) 42849 85018 2
(0.696933 0.0237501 0.129439 0.149878) 42847 85013 2
(7.3913e-10 0.0303844 0.969616 4.97877e-09) 42752 140158 1
(0.598132 0.113822 0.100031 0.188016) 42844 85007 2
(0.723412 0.0738046 0.0643561 0.138427) 42797 84914 2
(0.378728 0.53435 0.086836 8.58539e-05) 42840 140246 1
(0.402381 0.141822 0.167549 0.288248) 42891 85101 2
(0.198173 0.402175 0.298998 0.100654) 42891 85102 1
(1.27815e-08 6.78162e-11 0.244974 0.755026) 42840 188806 2
(0.143976 0.449279 0.249223 0.157522) 42844 85095 1
(0.0356685 0.166916 0.43904 0.358376) 42841 85089 2
(0.331047 0.0264918 0.328042 0.314419) 42842 85091 2
(0.0695375 0.382673 0.08446 0.463329) 42889 85098 2
(0.23569 0.386779 0.0767219 0.300809) 42805 84929 1
(0.709844 0.19006 0.0997767 0.000318434) 42884 140290 1
(0.0503879 0.476649 0.407509 0.065454) 42760 84840 1
(0.52774 0.0591792 0.220501 0.192579) 42885 85177 2
(0.25799 0.33813 0.0338803 0.37) 42984 85288 2
(0.576693 0.000969409 0.213168 0.20917) 42928 85178 2
(0.0762594 0.13352 0.461559 0.328662) 42850 85022 2
(0.684942 0.109317 0.0700634 0.135677) 42974 85267 2
(0.192048 0.409049 0.160972 0.237931) 42909 85225 1
(0.0347145 0.00123747 0.221177 0.742871) 42972 188938 2
(0.234079 0.399172 0.117623 0.249127) 43025 85457 1
(0.516397 0.241927 0.0433268 0.198349) 42976 85272 1
(0.271831 0.00133166 0.387865 0.338972) 42972 188938 2
(0.647657 0.18497 0.136557 0.030817) 42974 85355 1
(0.41338 0.133823 0.160086 0.292711) 43022 85364 2
(0.496707 0.252282 0.20617 0.0448407) 42907 85134 1
(0.874408 0.065885 0.0406434 0.0190634) 43068 85455 1
(0.144141 0.266885 0.162384 0.42659) 43068 85456 2
(0.236248 0.381862 0.381124 0.000766211) 43019 85360 1
(0.195809 0.00187393 0.691772 0.110544) 43016 188982 2
(3.43475e-09 0.741883 0.258117 1.05784e-08) 43060 140466 1
(0.455434 0.4946 0.0498536 0.00011273) 43060 140466 1
(0.613899 0.193374 0.110486 0.0822408) 42944 85210 1
(0.353693 0.26539 0.1266 0.254318) 43105 85529 2
(0.763295 0.0582445 0.111872 0.0665883) 43109 85625 2
(0.514357 0.267895 0.149586 0.0681624) 43151 85621 1
(0.0394943 0.186752 0.462296 0.311457) 43109 85625 2
(0.839169 0.000889833 0.0805275 0.0794137) 42988 85298 2
(0.744761 0.13205 0.0150875 0.108102) 43151 85621 1
(0.800535 0.104936 0.0440338 0.0504956) 43154 85715 1
(0.102358 0.450169 0.0724463 0.375027) 43026 85374 1
(0.391238 0.260889 0.0443002 0.303573) 43150 85620 2
(0.162872 0.0147526 0.418904 0.403471) 43197 85716 2
(0.489447 0.272475 0.00845445 0.229623) 43200 85807 1
(0.341726 0.00178208 0.328974 0.327518) 43196 85714 2
(0.0732608 0.327059 0.379572 0.220108) 43149 85705 2
(0.270034 0.196406 0.356282 0.177277) 42983 85373 2
(0.0701518 0.185133 0.28046 0.464255) 43197 85714 2
(0.0386526 0.160188 0.47438 0.326779) 42984 85375 2
(0.397805 0.301264 0.28011 0.0208208) 42984 85290 1
(0.137597 0.293025 0.15143 0.417948) 43027 85373 2
(1.2101e-08 0.881021 0.118979 1.1275e-09) 43192 140598 1
(0.0585872 0.419597 0.0822268 0.439589) 43243 85805 2
(0.345209 0.353629 0.0436353 0.257527) 43198 85803 1
(0.486559 0.167899 0.174465 0.171077) 43236 85792 1
(0.211475 0.280225 0.388365 0.119935) 43032 85471 2
(0.133229 0.159892 0.273965 0.432914) 43243 85806 2
(0.0900096 0.301895 0.182178 0.425917) 43241 85801 2
(0.279228 0.365046 0.290666 0.0650601) 43245 85897 1
(0.50624 0.277703 0.163937 0.0521196) 43239 85797 1
(0.647925 0.0995798 0.0844533 0.168042) 43242 85803 2
(0.35885 0.320673 0.00237763 0.318099) 43244 85808 1
(0.590593 0.0121797 0.204688 0.19254) 43240 85802 2
(0.261307 0.313342 0.363433 0.0619186) 43083 85573 2
(0.142143 0.38395 0.473583 0.000324199) 43236 140642 1
(0.122614 0.045426 0.396897 0.435064) 43286 85891 2
(0.5292 0.167785 0.20596 0.097055) 43238 85883 2
(0.110401 0.222726 0.441201 0.225672) 43081 85569 2
(0.83398 0.00472623 0.0784025 0.082891) 43076 85471 2
(0.61842 0.21012 0.108221 0.0632393) 43283 85885 1
(0.0258844 0.48798 0.0438828 0.442253) 43070 85462 1
(0.64258 0.179047 0.0482009 0.130173) 43287 85894 1
(0.0851623 0.309023 0.149671 0.456144) 43283 85886 2
(0.187406 0.433716 0.0976671 0.281211) 43286 85979 1
(0.0194369 0.491018 0.17637 0.313175) 43287 85894 1
(0.380633 0.310129 0.0844514 0.224787) 43113 85546 1
(0.0989279 0.324977 0.126528 0.449567) 43333 85986 2
(0.292881 0.312604 0.0569434 0.337572) 43114 85547 2
(0.100456 0.714201 0.0919218 0.0934202) 43324 85968 1
(0.710408 0.0853673 0.144502 0.0597219) 43289 85900 2
(0.22851 0.331727 0.0553076 0.384455) 43330 85980 2
(0.488053 0.267458 0.0942804 0.150209) 43332 86071 1
(0.338827 0.310082 0.0216848 0.329406) 43329 85978 2
(0.397071 0.00836917 0.26782 0.32674) 43324 189290 2
(0.37321 0.313686 0.0559477 0.257156) 43174 85668 1
(0.191402 0.196096 0.209137 0.403366) 43371 86062 2
(0.438722 0.158996 0.121903 0.280379) 43161 85642 2
(0.0397328 0.164419 0.479881 0.315967) 43202 85726 2
(0.892649 0.0537432 0.0266586 0.0269495) 43161 85642 1
(0.0160496 0.00106121 0.462671 0.520218) 43368 189334 2
(0.368263 0.31512 0.0227766 0.29384) 43373 86066 1
(0.317636 0.387392 0.0387883 0.256184) 43371 86149 1
(0.305297 0.0389619 0.309034 0.346708) 43419 86158 2
(0.353143 0.190045 0.323173 0.133639) 43417 86156 2
(0.25258 0.202222 0.372335 0.172863) 43203 85728 2
(0.422856 0.289299 0.157891 0.129954) 43414 86150 1
(0.031206 0.484849 0.169611 0.314334) 43217 85754 1
(0.145458 0.0637026 0.416091 0.374749) 43414 86235 2
(0.0236285 0.00514867 0.0924785 0.878744) 43456 189422 2
(0.212706 0.294191 0.386151 0.106952) 43207 85821 2
(0.138888 0.200853 0.429841 0.230418) 43462 86246 2
(0.398652 0.310727 0.0829201 0.2077) 43461 86241 1
(0.030394 0.495464 0.456936 0.0172068) 43252 85823 1
(0.541456 0.229652 0.0952914 0.133601) 43465 86252 1
(0.488725 0.156666 0.246701 0.107908) 43465 86337 2
(0.399585 0.299972 0.121128 0.179315) 43460 86242 1
(0.687262 0.153973 0.0033265 0.155439) 43507 86334 2
(0.395896 0.302949 0.198158 0.102997) 43505 86330 1
(0.262887 0.369249 0.100939 0.266925) 43504 86328 1
(0.19074 0.357652 0.383552 0.0680557) 43509 86425 2
(0.0875246 0.481841 0.257196 0.173439) 43550 86419 1
(2.08944e-09 0.984133 0.0158668 3.03933e-09) 43544 140950 1
(0.346893 0.334151 0.118766 0.200191) 43553 86425 1
(0.14804 0.451936 0.219143 0.180881) 43549 86417 1
(0.556858 0.224865 0.0361116 0.182166) 43551 86421 1
(0.0127585 0.284851 0.208933 0.493458) 43548 86416 2
(0.0975529 0.284592 0.449996 0.167859) 43548 86418 2
(0.250119 0.295444 0.0804439 0.373993) 43550 86420 2
(0.673177 0.175882 0.0309485 0.119992) 43550 86507 1
(0.355254 0.461932 0.0922856 0.0905289) 43544 86496 1
(0.209247 0.0866975 0.400239 0.303817) 39813 97351 2
(0.115429 0.392456 0.0556473 0.436467) 39869 79057 2
(0.226572 0.386483 0.159464 0.227481) 39987 79296 1
(0.199174 0.40459 0.235194 0.161042) 40086 79491 1
(0.0734459 0.410597 0.039525 0.476432) 39808 97346 1
(0.431747 0.0258625 0.283546 0.258844) 39995 79397 2
(0.0144685 0.441009 0.49203 0.0524919) 40037 79396 2
(0.0924356 0.453918 0.279227 0.174419) 39813 78981 1
(0.220548 0.161251 0.409204 0.208997) 39809 97347 2
(0.146887 0.4273 0.266323 0.15949) 40086 79492 1
(0.105861 0.446229 0.258265 0.189645) 39942 79206 1
(0.187368 0.269334 0.380974 0.162323) 39809 79025 2
(0.44993 0.0444601 0.253828 0.251782) 39804 79016 1
(0.76692 0.21715 0.0110052 0.00492475) 39804 137210 1
(0.123689 0.451871 0.193287 0.231153) 39945 79297 1
(0.0569604 0.835597 0.0536248 0.0538175) 39804 79016 1
(0.641751 0.179376 0.0466441 0.13223) 39897 79116 1
(0.159738 0.147226 0.272808 0.420228) 39949 79218 2
(0.535287 0.243737 0.148946 0.0720297) 39852 79111 1
(0.0246075 0.482997 0.0578958 0.4345) 40028 79375 2
(0.36343 0.0696361 0.313195 0.253739) 39810 79027 2
(0.402108 0.298716 0.17694 0.122236) 40126 79574 1
(3.85015e-06 7.2994e-06 0.433551 0.566438) 39892 185858 2
(0.797571 0.10029 0.0273951 0.0747435) 39942 79204 1
(0.392529 0.303521 0.037171 0.266779) 39894 79110 1
(0.457894 0.0268686 0.270293 0.244944) 40215 79837 2
(3.17102e-05 4.19925e-06 0.127706 0.872258) 39892 185858 2
(0.186275 0.0345969 0.372319 0.406808) 40214 79748 2
(0.295264 0.352493 0.289146 0.0630964) 39938 79283 2
(0.334976 0.0825841 0.25477 0.32767) 39989 79297 2
(0.82239 0.0897901 0.0425826 0.0452369) 40172 79663 1
(0.224759 0.392108 0.327195 0.0559386) 39988 79383 1
(0.181888 0.431342 0.26833 0.11844) 40119 79557 1
(8.52652e-07 6.61766e-07 0.428341 0.571657) 39936 185902 2
(0.403897 0.298287 0.0669366 0.230879) 40073 79468 1
(0.39069 0.34439 0.0782247 0.186695) 40069 79457 1
(0.118299 0.314495 0.440473 0.126734) 39985 79292 2
(0.102122 0.349239 0.161351 0.387288) 40114 79547 2
(0.000480157 0.64459 0.354842 8.82349e-05) 39980 137386 1
(0.166049 0.384053 0.404768 0.0451302) 40345 80097 2
(0.515277 0.13037 0.118176 0.236178) 40113 79546 2
(0.257894 0.373802 0.0206912 0.347612) 40068 79458 1
(0.303481 0.349594 0.114601 0.232324) 40076 79472 1
(0.40479 0.522247 0.035641 0.0373228) 40068 79456 1
(0.0166182 0.152146 0.343878 0.487358) 40170 79659 2
(0.300783 0.35118 0.108409 0.239628) 40160 79642 1
(0.595829 0.201726 0.180532 0.0219129) 40253 79828 1
(0.495393 0.256216 0.196499 0.0518923) 40163 79733 1
(0.0633573 0.293126 0.209668 0.433849) 40116 79551 2
(5.25784e-07 0.859834 0.140165 7.39206e-07) 40068 137474 1
(0.547221 0.226504 0.158971 0.067304) 40437 80196 1
(1.5914e-06 8.30974e-08 0.136588 0.86341) 40156 186122 2
(0.194142 0.403799 0.0820278 0.320031) 40114 79550 1
(0.832259 0.0694797 0.0145405 0.0837208) 40206 79732 2
(0.110848 0.335787 0.443915 0.109449) 40297 79916 2
(0.163255 0.440384 0.228005 0.168356) 40162 79643 1
(0.671852 0.12136 0.042813 0.163975) 40391 80102 2
(0.687586 0.154226 0.012293 0.145895) 40295 79909 2
(4.5303e-07 2.11666e-07 0.481845 0.518154) 40156 186122 2
(0.0439863 0.552965 0.267361 0.135688) 40158 79635 1
(0.290699 0.355301 0.035663 0.318337) 40250 79822 1
(2.10344e-06 1.54204e-08 0.83528 0.164718) 40156 186122 2
(2.25291e-08 0.381646 0.618354 3.55905e-08) 40156 137562 1
(0.0364514 0.114133 0.425367 0.424049) 40156 79632 1
(0.111723 0.192989 0.695074 0.000214074) 40288 137694 1
(0.669374 0.140942 0.164782 0.0249029) 40201 79724 2
(3.57002e-07 1.41496e-06 0.673096 0.326902) 40200 186166 2
(0.842811 0.0843586 0.0424482 0.0303822) 40247 79901 1
(0.219169 0.140353 0.371666 0.268812) 40247 79901 2
(0.167877 0.0165548 0.416014 0.399555) 40384 80090 2
(0.188993 0.40588 0.248413 0.156714) 40200 79722 1
(0.758068 0.121359 0.100359 0.0202142) 40481 80369 1
(0.936279 0.0319183 0.00888562 0.0229166) 40249 79820 1
(0.347617 0.343852 0.182211 0.12632) 40426 80171 1
(0.293052 0.345918 0.186766 0.174264) 40156 79720 1
(0.475015 0.126277 0.136921 0.261787) 40246 79812 2
(0.856464 0.0719514 0.0393086 0.0322759) 40335 79992 1
(0.0469058 5.1112e-05 0.869299 0.0837442) 40244 186210 2
(0.0283117 0.489494 0.271245 0.21095) 40442 80291 1
(0.194825 0.402096 0.015098 0.38798) 40383 80086 1
(0.0687044 0.466136 0.0460801 0.419079) 40292 79904 1
(0.035245 0.129862 0.353946 0.480947) 40290 79900 2
(0.466351 0.267105 0.0523926 0.214151) 40294 79910 1
(0.132866 0.064229 0.433176 0.369729) 40516 80354 2
(5.38361e-06 0.97009 0.0299042 4.1214e-08) 40332 137738 1
(6.2147e-07 0.485923 0.514077 2.42427e-07) 40332 137738 1
(0.109293 0.0564966 0.387258 0.446952) 40333 79986 2
(0.418709 0.290705 0.0222335 0.268352) 40569 80458 1
(0.0150655 0.339682 0.432405 0.212847) 40334 80075 2
(0.332303 0.333178 0.072621 0.261898) 40292 79904 1
(4.58482e-06 1.84572e-07 0.65156 0.348436) 40376 186342 2
(0.324837 0.000327132 0.532147 0.142689) 40376 186342 2
(0.277981 0.210339 0.256192 0.255489) 40420 80160 1
(0.497853 0.259137 0.146521 0.0964886) 40471 80349 1
(0.241024 0.226809 0.380056 0.152111) 40422 80166 2
(0.537412 0.233771 0.00492838 0.223889) 40653 80625 2
(0.108574 0.00459804 0.108482 0.778346) 40420 186386 2
(0.0368873 0.0181766 0.46544 0.479496) 40513 80345 2
(0.397202 0.152893 0.299097 0.150807) 40420 80162 2
(0.0251183 0.487686 0.438598 0.0485983) 40561 80444 1
(0.526585 0.260013 0.200788 0.0126135) 40467 80341 2
(0.488154 0.00237286 0.315349 0.194123) 40332 186298 2
(0.835846 0.0819733 0.0645333 0.0176473) 40559 80440 1
(2.87901e-06 0.378017 0.621979 1.66043e-06) 40420 137826 1
(0.116338 0.0192327 0.435431 0.428999) 40421 80249 2
(0.637248 0.181422 0.0510455 0.130284) 40652 80626 1
(0.00856705 0.0738238 0.422138 0.495471) 40697 80714 2
(1.81879e-07 0.424692 0.575305 2.12469e-06) 40464 137870 1
(0.0572354 0.472068 0.255744 0.214953) 40514 80350 1
(0.895846 0.0485949 0.00528306 0.0502757) 40564 80447 2
(5.27476e-06 0.387592 0.612399 2.83203e-06) 40464 137870 1
(0.047431 0.479211 0.0369872 0.43637) 40509 80338 1
(0.326226 0.256749 0.336676 0.0803485) 40508 80338 2
(2.34523e-07 2.68046e-07 0.345754 0.654246) 40508 186474 2
(0.342979 0.0497286 0.285445 0.321847) 40555 80429 2
(0.260251 0.380278 0.0706101 0.288861) 40556 80431 1
(0.528449 0.238388 0.122945 0.110218) 40598 80518 1
(0.130006 0.435713 0.327371 0.10691) 40557 80434 1
(5.35062e-07 0.730768 0.269231 5.45867e-07) 40552 137958 1
(1.46575e-06 0.416725 0.583273 1.2728e-07) 40552 137958 1
(0.0169156 0.494763 0.0584674 0.429854) 40466 80252 1
(0.942255 0.0346926 0.0227708 0.000281386) 40598 80603 2
(0.487021 0.292786 0.189308 0.0308847) 40643 80605 1
(0.538752 0.0772673 0.210817 0.173164) 40597 80601 2
(0.155362 0.434579 0.151684 0.258376) 40691 80701 1
(3.98782e-06 2.32495e-06 0.782666 0.217328) 40596 186562 2
(0.0934363 0.0108754 0.452292 0.443396) 40644 80695 2
(0.61568 0.192498 0.0146514 0.177171) 40642 80604 1
(0.770746 0.0401131 0.114583 0.0745583) 40736 80794 2
(0.191949 0.488827 0.16424 0.154984) 40640 80600 1
(0.538125 0.230259 0.0468012 0.184815) 40738 80796 1
(6.50533e-07 0.362847 0.637152 2.32031e-08) 40640 138046 1
(0.0959569 0.274903 0.194022 0.435118) 40736 80791 2
(0.595292 0.23516 0.12095 0.0485978) 40686 80691 1
(0.41516 0.292428 0.206376 0.0860356) 40642 80606 1
(0.53138 0.0442933 0.231403 0.192923) 40737 80881 2
(0.0494861 0.0710923 0.408026 0.471395) 40781 80881 2
(2.82575e-06 2.17532e-07 0.853178 0.146819) 40640 186606 2
(2.94083e-06 1.05284e-05 0.334753 0.665234) 40728 186694 2
(0.292192 0.354568 0.0043506 0.34889) 40695 80710 1
(0.894954 0.0244837 0.0312051 0.0493573) 40643 80605 2
(0.102778 0.396863 0.404424 0.0959355) 40732 80871 2
(0.147582 0.425903 0.00149191 0.425023) 40689 80697 1
(0.134333 0.158299 0.426173 0.281195) 40827 81061 2
(0.0631255 0.467925 0.466682 0.00226795) 40696 80799 1
(0.474521 0.0462384 0.260258 0.218982) 40781 80969 2
(2.8268e-07 0.803129 0.19687 3.40859e-07) 40728 138134 1
(0.495134 0.0421985 0.209525 0.253143) 40730 80780 2
(0.558139 0.132532 0.0886952 0.220634) 40729 80778 2
(0.0934461 0.194054 0.259667 0.452833) 40927 81174 2
(0.627843 0.0608025 0.155207 0.156147) 40728 80864 1
(1.2172e-07 0.31113 0.68887 2.8588e-08) 40728 138134 1
(0.112123 0.448204 0.346611 0.0930621) 40686 80694 1
(0.281645 0.125839 0.233232 0.359284) 40773 80866 2
(0.474399 0.277817 0.242775 0.0050091) 40825 80969 1
(0.168323 0.425746 0.253137 0.152794) 40872 81063 1
(1.17976e-07 0.0221979 0.977801 1.42266e-06) 40728 138134 1
(0.648225 0.187083 0.122232 0.0424598) 40778 80875 1
(0.945644 0.0223432 0.024893 0.00711997) 40821 81049 2
(0.456421 0.375156 0.0839039 0.0845186) 40816 80952 1
(0.0715554 0.464708 0.121204 0.342532) 40774 80868 1
(0.278677 0.361383 0.279462 0.0804783) 40867 81054 1
(0.65655 0.077963 0.15737 0.108118) 40818 81043 2
(0.265672 0.359577 0.31569 0.0590609) 40863 81133 2
(0.327476 0.317149 0.33531 0.0200642) 40908 81138 2
(2.54838e-07 5.04902e-07 0.194457 0.805543) 40860 186826 2
(0.450268 0.274987 0.120099 0.154646) 40864 81050 1
(0.678443 0.141206 0.0203388 0.160012) 40861 81042 2
(0.1867 0.442608 0.184029 0.186663) 40860 81128 1
(0.32834 0.0819547 0.335912 0.253794) 40956 81234 2
(0.764267 0.107329 0.0165928 0.111811) 40957 81233 2
(0.284613 0.166038 0.338981 0.210368) 40908 81223 2
(0.930836 0.0307154 0.00411946 0.0343287) 40956 81232 2
(0.523424 0.448445 0.0107288 0.0174022) 40904 81128 1
(3.8327e-07 0.494396 0.505603 4.41383e-07) 40904 138310 1
(0.2194 0.0858618 0.388304 0.306434) 40905 81132 2
(0.17164 0.415129 0.393482 0.0197486) 40956 81232 1
(0.118529 0.467153 0.185972 0.228347) 40953 81313 1
(0.0532096 0.181178 0.449033 0.316579) 40951 81309 2
(0.150783 0.00169296 0.782109 0.0654152) 40948 186914 2
(0.0255494 0.48745 0.206146 0.280855) 41002 81324 1
(2.95091e-08 4.59771e-08 0.187416 0.812584) 40992 186958 2
(0.380206 0.319216 0.0500447 0.250534) 40995 81309 1
(0.447799 0.280492 0.160703 0.111006) 40992 81306 1
(0.528852 0.0693703 0.16639 0.235387) 41138 81596 2
(0.310526 0.352554 0.163829 0.17309) 41003 81413 1
(3.53056e-07 3.94379e-07 0.0227984 0.977201) 41036 187002 2
(0.557841 0.0625586 0.209757 0.169843) 41038 81483 2
(0.293818 0.363476 0.104736 0.237969) 41086 81491 1
(3.29979e-07 1.54058e-07 0.297331 0.702668) 41036 187002 2
(0.233535 0.383705 0.0980612 0.284699) 41085 81492 1
(0.514007 0.101674 0.15272 0.231599) 41084 81487 2
(0.0464097 0.592862 0.178402 0.182326) 41080 81480 1
(0.694074 0.150949 0.00207131 0.152906) 41135 81590 2
(0.338502 0.330962 0.224608 0.105928) 41087 81494 1
(1.2299e-07 0.397511 0.602489 2.24061e-08) 41036 138442 1
(0.81196 0.108719 0.0778515 0.00146916) 41083 81485 1
(0.292994 0.263064 0.352957 0.0909854) 41186 81694 2
(0.704984 0.0386561 0.143768 0.112592) 41085 81577 2
(0.631682 0.10816 0.0798605 0.180298) 41082 81484 2
(0.136527 0.338979 0.429654 0.09484) 41082 81486 2
(0.202695 0.338922 0.399405 0.0589792) 41081 81484 2
(0.0363781 0.805697 0.157315 0.000610368) 41080 138486 1
(2.22709e-08 7.50532e-09 0.0148263 0.985174) 41124 187090 2
(0.212987 0.394015 0.164475 0.228523) 41184 81688 1
(0.0363298 0.52092 0.268078 0.174672) 41172 81663 1
(0.395184 0.265399 0.301538 0.0378782) 41082 81486 2
(0.515712 0.0910523 0.154034 0.239201) 41225 81769 2
(0.192162 0.415248 0.334579 0.0580111) 41127 81661 1
(0.567496 0.104213 0.206306 0.121985) 41173 81753 2
(0.341259 0.308325 0.0222015 0.328215) 41172 81664 2
(0.117291 0.33179 0.440221 0.110698) 41221 81764 2
(0.073755 0.465441 0.403575 0.0572285) 41171 81662 1
(0.375977 0.030286 0.311269 0.282467) 41221 81849 2
(6.98235e-07 5.64219e-08 0.343658 0.656342) 41168 187134 2
(0.367245 0.316393 0.310938 0.00542351) 41171 81664 1
(0.195804 0.393646 0.401362 0.0091882) 41168 81658 2
(0.770833 0.13948 0.0055261 0.0841613) 41170 81747 1
(3.12087e-07 0.121891 0.878105 2.88643e-06) 41168 138574 1
(0.0321511 0.501973 0.217847 0.248028) 41176 81759 1
(0.0443737 0.47891 0.101356 0.37536) 41265 81852 1
(0.464342 0.300531 0.117598 0.117528) 41214 81747 1
(0.000382466 0.392743 0.606574 0.000300668) 41212 138618 1
(0.675789 0.15459 0.162398 0.00722277) 41214 81750 2
(0.313635 0.343593 0.119942 0.22283) 41214 81748 1
(0.218913 0.390888 0.27486 0.11534) 41262 81846 1
(0.192079 0.404708 0.0991384 0.304075) 41261 81844 1
(1.37246e-06 1.34632e-07 0.134104 0.865894) 41256 187222 2
(0.224215 0.419169 0.163973 0.192643) 41259 81837 1
(0.0672436 0.462863 0.0147347 0.455159) 41315 81949 2
(1.29003e-07 0.409914 0.590085 1.95051e-07) 41256 138662 1
(0.0504166 0.422807 0.128149 0.398627) 41302 81923 2
(0.449496 0.168683 0.122492 0.259328) 41305 81929 2
(0.743942 0.0577944 0.0704867 0.127777) 41357 82034 2
(0.199109 0.40047 0.104021 0.296399) 40526 80372 1
(0.0321354 0.788342 0.0902151 0.0893074) 41256 81920 1
(0.373575 0.152196 0.161703 0.312525) 41355 82030 2
(0.301904 0.401791 0.185164 0.111141) 41257 81921 1
(0.379459 0.0386907 0.271119 0.310731) 41302 81924 2
(1.2132e-07 1.58019e-07 0.584169 0.415831) 41300 187266 2
(0.246812 0.219085 0.376329 0.157773) 41406 82134 2
(0.62379 0.0480232 0.145319 0.182868) 41349 82017 2
(0.191776 0.405033 0.315167 0.088023) 41348 82016 1
(0.0639113 0.00652223 0.467643 0.461923) 41358 82123 2
(0.682475 0.0727627 0.0898538 0.154908) 41397 82113 2
(6.57505e-09 3.95325e-08 0.550244 0.449756) 41344 187310 2
(0.368167 0.31729 0.277908 0.0366352) 41346 82012 1
(0.445628 0.0356557 0.24177 0.276946) 41441 82202 2
(0.28078 0.360716 0.00163294 0.35687) 41396 82114 1
(0.231264 0.0955807 0.29955 0.373606) 41392 82103 2
(0.192823 0.0753979 0.346977 0.384803) 41389 82097 2
(0.027327 0.501977 0.33345 0.137245) 41349 82105 1
(1.00151e-07 0.794226 0.205774 1.64398e-08) 41388 138794 1
(0.0751846 0.794281 0.130424 0.000110105) 41388 138794 1
(0.491289 0.274354 0.0909008 0.143455) 41392 82191 1
(0.709743 0.000903636 0.144966 0.144387) 41390 82187 2
(0.392998 0.312545 0.0890652 0.205391) 41438 82195 1
(0.203459 0.395179 0.0723884 0.328973) 41434 82187 2
(0.246695 0.124961 0.314243 0.314102) 41432 82184 1
(0.507681 0.114117 0.191277 0.186924) 41432 82184 1
(0.502343 0.248659 0.010385 0.238614) 41433 82186 1
(0.475079 0.263173 0.0990574 0.162691) 41485 82292 1
(0.115675 0.173233 0.285757 0.425334) 41481 82281 2
(0.0498327 0.622358 0.164407 0.163402) 41432 82272 1
(0.394232 0.243414 0.302632 0.0597221) 41484 82290 2
(0.191815 0.384373 0.0205675 0.403244) 41482 82284 2
(0.162825 0.418999 0.241009 0.177167) 41494 82310 1
(0.0344867 0.482754 0.121661 0.361098) 41482 82284 1
(0.773272 0.0675793 0.0459122 0.113237) 41479 82278 2
(0.61331 0.193379 0.000937285 0.192373) 41480 82280 1
(0.650228 0.0949292 0.174613 0.0802301) 41528 82378 2
(0.472401 0.231206 0.263262 0.0331314) 41528 82378 2
(0.338953 0.361708 0.170069 0.12927) 41523 82365 1
(0.735102 0.11506 0.132182 0.0176557) 41534 82390 2
(0.884162 0.0281909 0.0875051 0.00014209) 41520 138926 1
(0.139033 0.432102 0.0984105 0.330454) 41524 82370 1
(0.249982 0.370501 0.187273 0.192244) 41564 82448 1
(0.112232 0.444103 0.436251 0.00741435) 41576 82474 1
(2.01391e-10 1.4939e-10 0.248741 0.751259) 41564 187530 2
(5.03356e-08 0.742434 0.257566 4.33147e-07) 41564 138970 1
(0.305885 0.270459 0.347731 0.0759241) 41564 82450 2
(0.573426 0.239043 0.180388 0.00714304) 41567 82541 2
(0.466912 0.178301 0.174784 0.180003) 41564 82536 1
(0.120025 0.16001 0.411908 0.308058) 41566 82539 2
(0.131581 0.48099 0.00720271 0.380226) 41612 82543 2
(0.328766 0.0648778 0.334539 0.271817) 41583 82573 2
(0.313082 0.366666 0.0805892 0.239663) 41610 82539 1
(0.251779 0.430485 0.204997 0.112739) 41610 82539 1
(0.169269 0.32408 0.249296 0.257355) 41608 82536 1
(0.816562 0.00475476 0.0874598 0.0912239) 41613 82545 2
(0.897896 0.00653534 0.0511804 0.0443883) 41615 82637 2
(2.52808e-09 0.636844 0.363156 2.48322e-09) 41608 139014 1
(2.90992e-08 2.92494e-08 0.387323 0.612677) 41608 187574 2
(0.579277 0.211836 0.195917 0.0129699) 41614 82635 1
(0.231491 0.384457 0.364825 0.0192266) 41615 82552 1
(0.345696 0.333743 0.277641 0.0429205) 41611 82629 1
(0.202045 0.0777273 0.359604 0.360623) 41652 82624 1
(0.629547 0.240383 0.0640168 0.0660532) 41652 82624 1
(0.796986 0.0254463 0.101274 0.0762932) 41655 82632 2
(0.335136 0.332631 0.128732 0.203501) 41656 82634 1
(0.475778 0.272288 0.0650678 0.186866) 41662 82731 1
(0.176081 0.0278819 0.41193 0.384108) 41708 82738 2
(0.44228 0.278508 0.266628 0.0125833) 41653 82628 1
(0.0137557 0.503328 0.088418 0.394498) 41701 82721 1
(0.270131 0.25023 0.135155 0.344483) 41702 82723 2
(0.313439 0.297514 0.342433 0.0466153) 41705 82732 2
(0.0907468 0.358697 0.453506 0.0970503) 41703 82728 2
(0.0682979 0.468847 0.264094 0.19876) 41673 82753 1
(0.0137439 0.0019892 0.847505 0.136762) 41696 187662 2
(0.0119587 0.501162 0.438306 0.0485731) 41700 82807 1
(0.0542211 0.51429 0.419493 0.0119958) 41746 82811 1
(0.41453 0.0779247 0.220377 0.287168) 41741 82802 2
(0.367677 0.170393 0.14641 0.31552) 41748 82816 2
(2.55812e-10 0.442979 0.557021 2.37672e-10) 41740 139146 1
(0.418481 0.305522 0.139275 0.136722) 41740 82888 1
(0.145055 0.122415 0.396435 0.336094) 41741 82889 2
(0.0217644 0.322855 0.327656 0.327724) 41740 82888 1
(0.298097 0.352484 0.148921 0.200498) 36138 71601 1
(0.253387 0.284826 0.37018 0.0916081) 33076 65489 2
(0.114992 0.441802 0.360122 0.0830838) 37984 75286 1
(0.110812 0.446064 0.255477 0.187647) 38275 75870 1
(0.0662241 0.469186 0.0831765 0.381414) 39963 79245 1
(0.372374 0.314073 0.118733 0.19482) 39964 79248 1
(0.958474 0.00946046 0.0207631 0.0113027) 40321 79964 2
(0.376887 0.0913033 0.221855 0.309955) 40501 80321 2
(0.516902 0.241751 0.125802 0.115545) 40403 80128 1
(0.267166 0.367089 0.000501992 0.365243) 40533 80388 1
(0.77735 0.112601 0.0542703 0.0557795) 40849 81017 1
(0.126647 0.436884 0.0956192 0.34085) 41120 81560 1
(0.30215 0.31017 0.341651 0.046029) 40976 81359 2
(0.191013 0.296141 0.405114 0.107731) 38910 77748 2
(0.23752 0.228339 0.380974 0.153166) 40576 80474 2
(0.274469 0.216116 0.146974 0.36244) 41283 81886 2
(0.404555 0.298246 0.209205 0.0879946) 40315 79950 1
(0.000903091 0.499969 0.23261 0.266518) 40007 79334 1
(0.986227 0.00689966 0.00348263 0.00339118) 40931 81184 1
(0.619264 0.0376976 0.189339 0.1537) 40315 80037 2
(0.0959481 0.191202 0.261321 0.451529) 41464 82248 2
(0.218221 0.10088 0.29029 0.390609) 41513 82346 2
(0.330679 0.334638 0.282771 0.0519115) 41511 82344 1
(0.277788 0.366697 0.278149 0.0773665) 40312 79943 1
(0.129734 0.125973 0.438039 0.306253) 39830 97368 2
(0.275791 0.362358 0.0893059 0.272545) 41594 82508 1
(0.291801 0.360301 0.0786756 0.269222) 41590 82587 1
(0.184292 0.307433 0.407298 0.100978) 40489 80300 2
(0.651626 0.0447118 0.173145 0.130517) 41587 82581 2
(0.194202 0.124481 0.402561 0.278756) 40225 79772 2
(0.606242 0.199415 0.0735165 0.120826) 41632 82671 1
(0.748091 0.0711686 0.0560226 0.124718) 40884 81087 2
(0.031552 0.278998 0.478398 0.211052) 41677 82761 2
(0.00438882 0.498617 0.431346 0.0656486) 41723 82766 1
(0.253344 0.379547 0.345362 0.0217472) 41454 82227 1
)


// ************************************************************************* //
