269.276
327.616
328.769
323.605
323.605
272.787
302.588
328.797
324.615
318.65
279.468
279.468
328.738
329.153
327.817
248.824
328.635
108.034
112.909
328.032
312.956
291.236
329.411
256.342
256.342
314.274
327.209
296.256
324.335
317.664
318.631
304.594
276.587
233.452
330.196
282.332
326.933
330.309
326.933
328.988
310.926
330.161
323.805
330.699
330.761
328.349
196.559
331.025
331.011
298.174
331.219
262.664
156.682
332.123
304.795
270.47
275.162
275.162
220.89
307.713
332.128
323.174
309.122
334.03
334.03
310.513
582.294
594.668
597.197
595.976
592.537
592.742
593.06
592.596
591.719
591.23
590.834
589.529
588.523
588.005
586.878
585.61
584.561
586.11
585.341
584.13
579.288
579.714
581.424
575.769
582.024
574.882
576.523
580.079
573.948
578.351
573.592
570.903
577.575
573.925
575.905
578.606
576.788
578.559
574.482
577.666
575.439
575.436
577.475
575.791
576.829
575.937
576.334
576.893
576.401
577.104
576.993
577.099
576.842
576.608
576.574
576.878
576.749
576.72
576.735
576.763
576.824
576.815
576.773
576.777
576.756
576.781
576.783
608.102
607.671
608.434
606.735
600.062
600.548
600.062
601.465
607.199
599.861
595.72
595.72
600.964
599.251
608.884
602.75
599.723
604.936
608.89
603.051
600.964
597.917
603.418
608.825
605.01
604.102
603.436
599.066
600.721
603.971
598.5
607.649
601.397
605.292
598.233
602.878
602.177
605.364
598.057
607.997
607.015
599.92
602.538
603.205
597.681
608.25
600.342
600.688
604.305
601.898
601.414
606.197
598.698
600.563
602.173
598.177
599.458
596.552
595.815
595.325
600.519
594.102
562.433
592.768
426.104
444.258
442.377
461.173
457.191
551.711
494.164
510.359
511.834
521.555
532.91
527.078
522.572
540.687
540.916
548.461
588.491
562.245
573.761
572.942
577.092
582.572
575.955
585.339
581.31
579.131
583.805
585.839
588.642
577.969
589.842
580.806
588.418
599.099
585.264
586.58
586.278
593.803
586.788
592.586
596.143
600.016
592.545
591.715
592.714
600.521
600.352
313.308
336.838
336.933
331.933
341.36
321.007
342.841
336.576
260.363
345.943
344.87
347.69
333.173
266.645
359.935
358.177
280.797
359.935
346.33
323.478
365.806
352.356
372.599
239.767
378.264
351.013
384.123
390.294
394.071
396.754
397.738
404.541
407.032
404.933
392.563
7.27532
15.2201
15.4014
24.5762
124.579
60.3886
2.13511
97.9837
30.5251
127.678
51.3526
160.834
108.442
241.771
215.587
215.587
241.771
137.166
195.63
195.63
315.522
167.81
143.567
167.81
249.543
312.342
223.249
223.249
119.693
291.566
94.5828
199.32
227.065
253.368
253.368
203.014
227.065
306.533
203.014
317.488
257.148
6.31091
313.717
178.284
33.3459
230.874
230.874
10.2983
178.284
4.91275
10.1481
279.861
260.878
125.451
210.435
181.779
210.435
128.345
320.993
321.601
289.402
268.172
286.355
62.9845
104.547
268.172
159.586
242.295
320.653
217.915
221.679
162.797
319.03
109.658
162.797
221.679
308.225
137.068
323.093
221.679
278.611
139.992
229.25
323.093
321.163
229.25
281.93
300.134
233.053
285.15
175.783
264.962
95.4397
288.259
148.844
119.992
304.6
304.6
213.781
240.688
213.781
213.781
185.812
316.598
324.673
217.46
185.812
102.145
221.176
324.876
252.14
189.233
221.176
252.14
279.201
313.26
12.2291
282.537
319.342
164.067
303.995
259.701
196.206
228.714
164.067
164.067
320.094
12.2394
324.573
135.91
60.8198
141.434
316.904
316.904
31.429
240.247
12.3242
321.961
294.606
118.538
274.317
8.89982
274.317
297.264
218.189
32.5733
318.805
297.264
325.408
12.4714
326.121
302.117
302.117
304.312
1.98713
225.829
315.461
287.627
4.38379
326.345
316.588
287.627
229.695
316.588
308.248
267.177
201.161
293.534
168.478
133.93
6.14922
318.546
324.904
270.856
323.109
325.803
274.449
241.415
56.0293
320.872
212.332
277.947
314.442
301.255
303.512
84.5243
325.562
284.598
216.149
322.643
325.931
317.845
260.904
322.643
290.726
223.905
327.037
293.572
318.786
323.14
192.384
264.698
325.398
319.642
326.689
2.87394
268.428
235.757
160.192
199.681
320.422
160.192
272.077
313.944
324.373
324.373
239.738
321.781
326.06
279.084
303.435
325.04
325.04
207.173
325.04
282.419
326.95
173.252
285.625
327.296
323.409
255.541
291.62
324.284
222.658
222.658
180.112
266.951
266.951
297.015
327.213
187.186
297.015
325.368
315.158
316.352
274.162
194.469
317.448
325.972
303.969
328.063
326.248
327.962
326.508
319.38
246.507
326.508
250.443
205.75
160.948
327.613
205.75
321.042
254.339
328.121
209.593
328.282
290.152
124.547
322.426
1.29819
1.67813
2.47954
4.98658
2.0796
5.12977
12.7003
79.6991
105.74
12.8482
59.5643
96.1346
121.032
25.7827
117.806
136.672
88.171
60.4054
81.1845
100.668
132.456
125.939
68.9083
15.8097
132.456
134.232
46.2662
134.232
132.456
121.032
134.232
114.009
136.433
84.2752
134.232
138.574
132.36
114.009
138.574
47.4993
138.574
19.4788
143.073
36.3242
145.56
110.479
140.648
103.009
73.5188
105.417
140.648
105.417
105.417
47.4993
105.417
77.391
104.63
155.146
152.602
25.6044
23.0423
127.782
48.3565
87.5925
159.131
157.657
152.602
110.479
149.994
135.004
126.273
58.0565
135.004
154.257
8.14806
157.657
64.7282
160.223
160.223
135.004
138.807
91.1755
168.373
162.915
77.391
168.373
48.8176
80.2428
107.027
69.9177
165.489
50.907
146.785
67.7134
185.814
179.871
185.897
72.3061
174.717
185.897
173.85
185.897
52.7199
192.093
188.326
188.326
147.86
192.093
185.814
147.86
60.4806
134.506
44.396
88.4314
204.899
29.0184
62.2677
168.672
200.626
38.3433
178.02
211.442
14.7868
211.442
173.317
184.146
61.3561
45.2344
10.8097
16.5352
178.02
211.442
211.442
178.02
213.214
213.214
213.214
164.171
94.1596
132.641
182.768
45.6757
214.743
220.492
113.649
231.056
152.588
231.056
205.232
205.232
90.2713
113.649
237.429
116.343
237.926
243.647
139.277
243.647
243.647
177.125
79.1852
156.436
119.122
160.346
249.667
6.55779
249.667
160.346
47.0761
56.2239
11.8179
142.709
220.823
220.823
249.44
206.782
206.782
206.782
80.7227
146.214
6.55779
68.5298
107.616
149.788
260.978
216.292
260.102
271.209
153.429
153.429
271.209
216.292
265.1
252.567
199.267
105.17
275.913
121.983
269.873
63.2957
280.341
89.3394
266.611
7.59972
284.499
118.297
230.16
284.499
266.611
188.803
11.1119
144.385
144.385
254.454
288.394
292.035
292.035
29.3507
290.302
221.045
267.158
221.045
29.3698
267.158
201.207
97.5972
282.883
229.479
155.06
251.813
293.671
77.9154
229.479
63.2957
63.2957
79.5168
301.355
184.271
205.337
303.905
29.3911
184.271
233.637
133.605
274.956
209.46
158.705
255.896
10.3459
303.905
213.574
289.826
14.449
29.4163
278.631
99.8877
188.228
278.631
213.574
188.228
124.18
140.208
102.274
308.247
136.88
217.675
166.066
241.858
308.247
5.31338
285.503
54.3907
107.335
54.3907
310.076
245.92
285.503
200.056
249.949
86.7854
301.129
6.46499
301.129
313.123
35.8479
229.854
253.935
29.5869
150.425
150.425
275.025
207.861
257.87
278.577
153.882
237.832
315.479
157.354
261.744
211.734
282.025
282.025
237.832
237.832
315.479
38.233
19.2621
44.1644
20.7114
49.2693
25.131
28.8295
38.233
47.5344
20.7114
46.3891
47.5344
52.4483
52.4483
38.6499
52.4483
48.2563
28.9435
49.6817
51.1909
45.48
26.7052
53.4189
46.3891
52.5328
24.8183
53.4189
26.7478
52.9643
38.7771
23.144
41.5003
44.9431
53.8726
49.6025
54.9738
48.9139
54.775
54.3205
29.3545
55.4836
55.2603
41.8915
55.2603
26.7061
52.4884
40.0082
45.2641
52.0174
55.2603
21.9507
56.3398
54.775
48.3923
40.3365
47.9739
25.201
46.4766
56.3398
55.3115
48.8536
56.3398
56.3398
56.3398
58.3608
56.6445
56.9542
55.299
55.299
44.3082
56.9542
22.0672
51.4022
51.1624
56.3398
56.5414
56.6961
57.6261
15.9984
47.4909
54.1974
57.2441
49.3616
45.8605
59.1623
59.1623
58.8238
22.2854
58.011
54.1974
60.0342
60.0342
60.9793
48.6597
59.7478
30.8774
60.9793
55.5975
60.9793
42.889
59.2694
59.1623
49.9848
60.9793
60.6166
33.7306
31.1313
62.0001
52.5918
33.1583
62.0001
62.7083
63.1002
63.1002
61.3304
59.1765
64.1089
56.4918
64.283
64.283
60.7221
64.1089
63.706
65.1262
52.3701
65.5523
61.3783
65.4053
49.2638
66.9104
41.3692
66.9104
49.2638
66.7898
65.4053
45.2431
45.9743
66.9104
69.8944
37.2909
63.706
63.9098
59.5979
38.7793
34.0516
45.9743
69.8944
68.2617
69.4115
14.9331
69.8944
69.8944
66.7898
71.0111
46.7674
35.7379
69.8944
58.3464
63.4147
73.2069
69.8164
56.5146
71.4453
71.0856
69.8575
74.9643
68.2872
74.4229
74.9643
54.1214
49.4004
69.8575
54.1214
76.7756
76.7756
76.2138
54.1214
67.7504
74.4611
78.633
45.6419
80.5342
76.1987
80.5342
31.7111
41.2937
82.4828
80.3486
67.5519
82.4828
72.2741
76.4102
84.489
43.1384
62.4656
82.4828
79.7734
22.5752
72.2741
82.2577
82.2577
83.826
84.489
86.5686
26.5356
79.8867
82.2577
35.7827
81.6309
75.3999
79.8867
54.6268
83.555
54.6268
88.7395
83.555
88.7395
86.279
88.7395
59.2685
55.4827
88.4255
91.0199
88.4255
88.4255
73.1987
78.729
93.4268
87.668
29.7229
93.4268
93.069
80.5026
36.848
20.7835
93.4268
45.9702
92.6079
93.069
95.9746
23.1298
82.3634
87.7557
33.1353
58.1974
98.6751
95.5912
59.1691
64.6702
89.9826
100.553
82.3634
101.536
101.536
89.9826
98.2583
79.7559
101.073
104.561
104.561
103.513
60.1734
88.5163
104.561
67.1224
81.5867
23.3852
81.5867
100.034
94.7803
68.4128
68.4128
102.897
34.314
111.097
97.3462
114.601
43.5333
114.601
114.601
114.601
105.882
114.601
110.384
102.787
21.8662
113.758
113.758
118.253
95.4875
79.2552
118.253
118.253
87.5045
79.2552
108.983
122.046
122.046
112.19
105.646
57.0129
44.9386
120.593
100.506
91.7426
65.5497
82.7476
18.6605
125.974
108.582
93.9223
128.375
75.3465
130.035
130.035
128.375
130.035
1.29887
1.29803
1.30204
1.39019
12.0494
10.9716
3.98514
1.8829
9.08724
11.8215
2.31197
1.31157
7.16891
1.30117
13.3223
8.24829
9.3838
11.6186
8.6551
9.3838
2.46011
1.32047
1.43644
13.4096
14.4571
4.10726
9.80035
11.8269
15.1987
12.3861
13.3523
13.3686
11.4759
7.99405
16.8557