/*--------------------------------*- C++ -*----------------------------------*\
  =========                 |
  \\      /  F ield         | OpenFOAM: The Open Source CFD Toolbox
   \\    /   O peration     | Website:  https://openfoam.org
    \\  /    A nd           | Version:  7
     \\/     M anipulation  |
\*---------------------------------------------------------------------------*/
FoamFile
{
    version     2.0;
    format      ascii;
    class       scalarField;
    location    "0.1125/lagrangian/reactingCloud1";
    object      d;
}
// * * * * * * * * * * * * * * * * * * * * * * * * * * * * * * * * * * * * * //


527
(
7.42133e-07
2e-07
2e-07
2e-07
2e-07
2e-07
2e-07
2e-07
2e-07
2e-07
2e-07
2e-07
2e-07
2e-07
2e-07
2e-07
2e-07
2e-07
2e-07
2e-07
2e-07
2e-07
2e-07
2e-07
2e-07
2e-07
2e-07
2e-07
2e-07
2e-07
2e-07
2e-07
2e-07
2e-07
2e-07
2e-07
2e-07
2e-07
2e-07
2e-07
2e-07
2e-07
2e-07
2e-07
2e-07
2e-07
2e-07
2e-07
2e-07
2e-07
2e-07
2e-07
2e-07
2e-07
2e-07
2e-07
2e-07
2e-07
2e-07
2e-07
2e-07
2e-07
2e-07
2e-07
2e-07
2e-07
2e-07
2e-07
2e-07
2e-07
2e-07
2e-07
2e-07
2e-07
2e-07
2e-07
2e-07
2e-07
2e-07
2e-07
2e-07
2e-07
2e-07
2e-07
2e-07
2e-07
2e-07
2e-07
2e-07
2e-07
2e-07
2e-07
2e-07
2e-07
2e-07
2e-07
2e-07
2e-07
2e-07
2e-07
2e-07
2e-07
2e-07
2e-07
2e-07
2e-07
2e-07
2e-07
2e-07
2e-07
2e-07
2e-07
2e-07
2e-07
2e-07
2e-07
2e-07
2e-07
2e-07
2e-07
2e-07
2e-07
2e-07
2e-07
2e-07
2e-07
2e-07
2e-07
2e-07
2e-07
2e-07
2e-07
2e-07
2e-07
2e-07
2e-07
2e-07
2e-07
2e-07
2e-07
2e-07
2e-07
2e-07
2e-07
2e-07
2e-07
2e-07
2e-07
2e-07
2e-07
2e-07
2e-07
2e-07
2e-07
2e-07
2e-07
2e-07
2e-07
2e-07
2e-07
2e-07
2e-07
2e-07
2e-07
2e-07
2e-07
2e-07
2e-07
2e-07
2e-07
2e-07
2e-07
2e-07
2e-07
2e-07
2e-07
2e-07
2e-07
2e-07
2e-07
2e-07
2e-07
2e-07
2e-07
2e-07
2e-07
2e-07
2e-07
2e-07
2e-07
2e-07
2e-07
2e-07
2e-07
2e-07
2e-07
2e-07
2e-07
2e-07
2e-07
2e-07
2e-07
2e-07
2e-07
2e-07
2e-07
2e-07
2e-07
2e-07
2e-07
2e-07
2e-07
2e-07
2e-07
2e-07
2e-07
2e-07
2e-07
2e-07
2e-07
2e-07
2e-07
2e-07
2e-07
2e-07
2e-07
2e-07
2e-07
2e-07
2e-07
2e-07
2e-07
2e-07
2e-07
2e-07
2e-07
2e-07
2e-07
2e-07
2e-07
2e-07
2e-07
2e-07
2e-07
2e-07
2e-07
2e-07
2e-07
2e-07
2e-07
2e-07
2e-07
2e-07
2e-07
2e-07
2e-07
2e-07
2e-07
2e-07
2e-07
2e-07
2e-07
2e-07
2e-07
2e-07
2e-07
2e-07
2e-07
2e-07
2e-07
2e-07
2e-07
2e-07
2e-07
2e-07
2e-07
2e-07
2e-07
2e-07
2e-07
2e-07
2e-07
2e-07
2e-07
2e-07
1.26625e-06
2e-07
2e-07
2e-07
2e-07
2e-07
2e-07
2e-07
2e-07
2e-07
2e-07
2e-07
2e-07
2e-07
2e-07
2e-07
2e-07
2e-07
2e-07
2e-07
2e-07
1.39809e-06
2e-07
2e-07
2e-07
2e-07
2e-07
2e-07
2e-07
2e-07
2e-07
2e-07
2e-07
2e-07
2e-07
2e-07
2e-07
2e-07
1.35105e-06
2e-07
2e-07
1.93017e-06
2e-07
2e-07
2e-07
2e-07
2e-07
2e-07
2e-07
2e-07
1.09806e-06
2e-07
2e-07
2e-07
2e-07
2e-07
2e-07
2e-07
2e-07
2e-07
2e-07
2e-07
2e-07
2e-07
2e-07
2e-07
2e-07
2e-07
2e-07
2e-07
2e-07
2e-07
2e-07
2e-07
2e-07
2e-07
2e-07
2e-07
2e-07
2e-07
2e-07
2e-07
2e-07
2e-07
2e-07
2e-07
2e-07
2e-07
2e-07
2e-07
2e-07
2e-07
1.29018e-06
2e-07
2e-07
2e-07
2e-07
2e-07
2e-07
2e-07
1.2182e-06
2e-07
2e-07
2e-07
2e-07
2e-07
2.26883e-06
2e-07
1.09446e-06
2e-07
2e-07
2e-07
2e-07
2e-07
2e-07
2e-07
2e-07
2e-07
2e-07
2e-07
2e-07
2.93505e-06
2e-07
2e-07
2e-07
2e-07
2e-07
2e-07
2e-07
2e-07
2e-07
2e-07
2e-07
2e-07
2e-07
4.93403e-07
2e-07
2e-07
2e-07
2e-07
1.24149e-06
2e-07
2e-07
2e-07
2e-07
2e-07
2e-07
2e-07
2e-07
2e-07
2e-07
2e-07
2e-07
2e-07
2e-07
1.16658e-06
2e-07
2e-07
2e-07
2e-07
2e-07
2e-07
2e-07
2e-07
2e-07
2e-07
2e-07
2e-07
1.29826e-06
2e-07
2e-07
2e-07
2e-07
2e-07
2e-07
2e-07
2e-07
2e-07
2e-07
2e-07
2e-07
2e-07
2e-07
2e-07
2e-07
2e-07
2e-07
2e-07
2e-07
2e-07
2e-07
2e-07
2e-07
2e-07
2e-07
2e-07
2e-07
9.11009e-07
2e-07
2e-07
2e-07
2e-07
2e-07
2e-07
2e-07
2e-07
2e-07
9.60188e-07
2e-07
2e-07
2e-07
2e-07
2e-07
2e-07
2e-07
2e-07
2e-07
2e-07
1.1557e-06
2e-07
2e-07
2e-07
2e-07
2e-07
2e-07
2e-07
2e-07
2e-07
2e-07
2e-07
2e-07
2e-07
2e-07
2e-07
2e-07
2e-07
2e-07
2e-07
2e-07
2e-07
2e-07
2e-07
)


// ************************************************************************* //
