38.2824
298.062
326.258
181.364
184.943
229.239
328.597
316.575
188.566
233.201
328.167
328.747
325.075
279.476
328.929
241.082
325.495
328.492
325.495
244.98
311.541
199.665
326.253
329.244
288.514
329.302
312.965
207.2
210.989
296.264
329.212
323.809
327.506
298.557
327.776
329.805
317.673
328.037
329.606
325.752
329.738
276.595
325.752
180.003
330.004
330.004
321.869
322.553
287.528
247.415
247.415
330.353
250.684
328.358
253.849
330.981
316.784
329.061
331.391
209.21
299.966
156.686
332.636
328.336
329.602
330.297
332.735
324.097
310.521
589.289
600.042
595.01
592.84
594.962
594.962
592.21
591.648
591.513
590.168
590.119
589.344
588.21
586.449
587.341
587.007
586.367
585.235
583.114
580.634
579.289
578.241
583.506
582.576
573.809
575.25
581.722
574.176
580.319
579.912
578.908
578.929
578.929
575.442
577.772
577.903
577.732
574.722
576.739
577.233
576.685
578.072
577.477
575.858
575.912
576.184
577.311
577.574
576.24
577.397
576.783
577.22
576.442
576.509
576.524
576.864
576.739
576.957
576.78
576.702
576.722
576.733
576.847
576.774
576.771
576.771
576.78
576.792
606.735
603.679
608.103
603.679
603.549
600.062
600.062
601.014
597.102
605.304
602.75
595.601
601.429
596.853
603.154
607.887
600.166
603.932
600.965
601.898
600.792
604.936
606.416
606.416
601.261
606.723
601.398
606.974
607.242
608.091
605.292
598.586
602.877
607.225
607.225
600.212
605.321
607.225
601.795
598.326
599.226
607.978
606.823
598.211
602.317
599.021
604.889
606.197
597.668
599.833
598.147
604.407
604.77
601.419
598.826
603.822
595.281
595.592
595.71
602.696
240.75
562.435
367.763
398.879
425.329
432.362
435.209
433.921
434.969
446.502
451.674
452.938
453.943
476.06
489.451
505.633
527.57
521.313
527.081
518.08
522.155
537.074
555.237
557.26
551.453
562.873
556.866
560.372
572.078
572.078
578.307
573.947
578.916
580.765
588.643
583.408
582.115
584.818
586.304
591.421
592.643
593.804
591.623
591.623
597.499
598.554
595.316
590.714
594.678
592.966
599.445
597.644
595.511
314.746
328.169
326.029
336.069
333.685
329.342
337.896
335.859
338.928
330.597
339.062
334.929
343.262
344.264
347.509
349.477
351.44
344.324
355.539
338.122
314.128
346.337
362.41
365.261
370.38
301.498
362.102
387.633
362.102
393.964
351.565
388.231
401.759
398.088
410.651
64.3511
285.314
265.457
164.323
302.289
223.307
245.616
317.61
317.61
315.746
316.766
174.758
253.335
312.476
291.496
294.366
294.366
315.054
308.415
308.415
153.18
74.4178
178.238
297.08
279.782
319.867
260.893
299.631
260.893
299.631
320.49
264.598
210.45
299.631
319.291
156.389
156.389
264.598
84.5609
313.176
214.163
62.989
313.176
246.204
292.325
318.963
322.549
322.549
137.089
295.112
86.7015
321.77
253.773
225.397
229.178
322.267
142.937
300.223
282.05
199.33
232.973
202.907
285.256
261.263
202.907
145.88
288.344
304.697
319.471
206.513
236.784
210.145
291.308
320.196
306.701
240.605
291.308
268.606
244.435
151.823
308.556
248.265
296.823
248.265
279.156
252.091
318.555
324.668
255.901
319.376
324.072
192.724
28.8487
314.601
285.719
320.119
322.9
285.719
320.119
167.189
109.018
263.437
199.764
232.586
135.922
232.586
141.452
203.353
144.272
206.988
240.283
244.155
147.133
291.783
294.604
270.782
297.275
274.351
318.798
297.275
183.584
46.3994
281.219
302.147
281.219
255.766
315.489
251.907
218.162
315.489
315.489
284.491
287.64
287.64
194.004
128.624
317.653
201.201
308.28
290.654
35.6462
296.249
306.388
237.509
201.201
324.665
293.527
326.486
310.025
270.815
270.815
241.441
320.21
326.657
301.231
38.32
212.362
315.683
284.584
315.683
326.815
324.602
325.783
317.837
322.656
150.986
290.731
326.123
60.9231
326.854
318.774
326.603
227.836
325.408
231.782
320.405
268.478
199.668
239.722
301.23
315.231
279.12
326.251
207.168
279.12
305.549
210.986
322.917
285.649
327.311
323.412
323.412
326.765
288.713
326.765
259.395
323.87
70.7582
310.938
142.472
294.406
320.96
226.619
327.216
327.688
313.876
266.945
107.136
230.593
299.492
230.593
315.174
322.881
190.812
198.192
328.062
323.918
201.951
21.7197
157.737
319.391
328.169
246.518
326.52
287.23
254.349
209.599
254.349
325.215
328.496
327.932
312.742
292.94
322.435
311.671
275.075
294.68
278.602
305.634
305.634
315.646
313.352