261.132
484.176
505.547
388.13
391.262
429.037
507.161
498.265
394.42
432.313
506.838
507.205
504.558
469.565
507.311
438.769
504.84
507.015
504.84
441.931
494.203
404.014
505.342
507.451
476.485
507.475
495.248
410.452
413.663
482.348
507.388
503.413
506.147
484.069
506.317
507.67
498.674
506.477
507.581
504.736
507.643
466.835
504.736
387.303
507.767
507.767
501.655
502.127
475.119
443.498
443.498
507.883
446.066
506.382
448.532
508.171
497.359
506.983
508.37
412.134
484.212
367.662
508.857
505.735
506.404
506.755
508.6
501.959
491.241
592.164
594.147
591.706
591.083
591.769
591.769
590.906
590.75
590.76
590.332
590.317
590.098
589.966
589.929
589.575
589.443
589.26
588.942
588.456
588.15
587.738
587.399
588.458
588.194
586.029
586.494
587.959
586.144
587.561
587.446
587.159
587.167
587.167
586.195
586.837
586.875
586.827
586.187
586.544
586.685
586.529
586.927
586.757
586.961
586.369
586.409
586.712
586.784
586.957
586.737
586.561
586.688
586.547
586.556
586.509
586.585
586.744
586.613
586.561
586.54
586.573
586.548
586.582
586.56
586.567
586.567
586.561
586.566
597.063
596.108
597.509
596.108
594.429
593.5
593.5
593.75
592.351
595.706
594.212
591.908
593.684
592.251
594.322
596.543
593.185
594.535
593.396
593.676
593.323
595.078
595.517
595.517
593.441
595.616
593.481
595.7
595.8
596.643
594.765
592.692
593.928
595.815
595.815
593.148
594.793
595.815
593.609
592.618
592.873
597.749
595.71
592.589
593.813
592.825
594.889
596.086
592.441
593.071
592.582
594.753
595.643
593.717
592.807
595.347
591.771
591.86
591.903
594.974
424.551
585.031
507.5
527.872
542.837
545.188
546.016
545.704
542.849
548.874
551.176
551.529
552.006
558.928
562.709
567.249
573.994
571.908
573.546
570.732
571.932
576.222
581.574
581.818
580.044
583.255
581.482
582.465
585.877
585.877
588.458
586.184
587.907
588.071
591.184
588.747
588.316
589.064
589.518
591.217
591.543
591.847
590.903
590.903
593.542
593.845
592.008
590.601
591.776
591.243
594.092
592.699
591.904
493.725
504.115
503.012
510.295
508.364
504.697
511.012
509.34
511.449
505.306
511.323
507.332
513.048
513.57
514.868
515.609
516.369
511.492
517.972
505.359
487.349
509.122
520.6
521.591
523.469
472.593
512.306
529.788
512.306
532.021
502.436
525.768
533.71
530.383
537.875
287.208
476.91
461.308
374.848
489.562
426.072
444.957
500.445
500.445
499.161
499.868
383.622
451.103
496.86
481.437
483.519
483.519
498.631
493.858
493.858
364.157
294.752
386.568
485.479
472.216
502.016
457.088
487.313
457.088
487.313
502.441
460.007
414.715
487.313
501.599
366.894
366.894
460.007
302.698
497.15
417.838
283.972
497.15
444.896
481.603
501.264
503.774
503.774
349.362
483.668
304.428
503.221
451.037
427.254
430.407
503.536
354.415
487.435
473.578
404.557
433.563
407.622
476.033
457.046
407.622
356.976
478.382
490.714
501.452
410.708
436.72
413.816
480.622
501.949
492.175
439.875
480.622
462.865
443.021
362.174
493.521
446.154
484.748
446.154
471.081
449.266
500.741
505.047
452.35
501.316
504.627
398.455
253.648
497.857
476.11
501.835
503.803
476.11
501.835
375.706
323.434
458.4
404.571
432.857
347.647
432.857
352.562
407.677
355.078
410.814
439.281
442.485
357.625
480.707
482.829
464.227
484.828
467.032
500.819
484.828
390.152
268.294
472.378
488.452
472.378
451.97
498.347
448.838
420.389
498.347
498.347
474.902
477.315
477.315
399.284
340.909
499.894
405.553
492.974
479.612
258.259
483.838
491.585
436.681
405.553
504.941
481.787
506.222
494.251
463.977
463.977
439.941
501.711
506.31
487.562
260.422
415.194
498.356
474.677
498.356
506.389
504.84
505.673
499.901
503.428
360.987
479.372
505.888
280.363
506.379
500.569
506.213
428.35
505.375
431.66
501.726
461.808
404.056
438.259
487.283
497.839
470.139
505.907
410.537
470.139
490.496
413.815
503.474
475.172
506.596
503.817
503.817
506.213
477.515
506.213
454.242
504.129
289.331
494.471
353.513
481.835
501.941
427.071
506.467
506.777
496.619
460.236
322.053
430.394
485.66
430.394
497.561
503.284
396.286
402.698
506.954
503.997
405.946
246.037
367.209
500.603
506.993
443.504
505.868
475.971
449.822
412.505
449.822
504.866
507.135
506.79
495.476
480.313
502.743
496.441
469.275
484.125
471.926
492.1
492.1
499.091
497.509