/*--------------------------------*- C++ -*----------------------------------*\
  =========                 |
  \\      /  F ield         | OpenFOAM: The Open Source CFD Toolbox
   \\    /   O peration     | Website:  https://openfoam.org
    \\  /    A nd           | Version:  7
     \\/     M anipulation  |
\*---------------------------------------------------------------------------*/
FoamFile
{
    version     2.0;
    format      ascii;
    class       vectorField;
    location    "0.7/lagrangian/reactingCloud1";
    object      coordinates;
}
// * * * * * * * * * * * * * * * * * * * * * * * * * * * * * * * * * * * * * //


2457
(
(-1.05851 0.232629 6.77626e-20)
(-1.07116 0.268978 -2.1684e-19)
(-1.08512 0.286813 4.33681e-19)
(-1.10624 0.151014 0)
(-1.12368 0.0177182 0)
(-1.12483 0.345719 -1.0842e-19)
(-1.13754 0.353282 -1.0842e-19)
(-1.16471 0.118583 0)
(-1.17247 0.304627 0)
(-1.18319 0.374933 -5.42101e-20)
(-1.21281 0.0972944 0)
(-1.21911 0.305791 0)
(-1.23975 0.196709 1.35525e-20)
(-1.25639 0.241648 5.42101e-20)
(-1.26965 0.330631 -2.1684e-19)
(-1.28722 0.286296 2.1684e-19)
(-1.34485 0.381796 0)
(-1.31828 0.292197 1.0842e-19)
(-1.33282 0.325361 -2.1684e-19)
(-1.35084 0.350798 -8.13152e-20)
(-1.36793 0.325419 1.0842e-19)
(-1.38476 0.204463 -1.35525e-20)
(-1.39932 0.30844 -5.42101e-20)
(-1.4156 0.232383 0)
(-1.42964 0.359562 1.6263e-19)
(-1.44984 0.0730264 -2.71051e-20)
(-1.46467 0.159283 0)
(-1.47968 0.331247 0)
(-1.49674 0.362795 0)
(-1.51404 0.376213 2.1684e-19)
(-1.5284 0.298978 -9.82558e-20)
(-1.52731 0.323448 0)
(-1.54358 0.322989 0)
(-1.56024 0.0827032 1.69407e-20)
(-1.57605 0.144032 0)
(-1.59208 0.284299 0)
(-1.60754 0.139537 1.60936e-20)
(-1.62667 0.026445 0)
(-1.64049 0.31344 -1.0842e-19)
(-1.65673 0.37987 0)
(-1.6742 0.266962 0)
(-0.710517 0.453704 0)
(-0.96847 0.448446 0)
(-0.828546 0.476742 -1.0842e-19)
(-0.382836 0.398471 -2.1684e-19)
(-0.351726 0.361237 1.0842e-19)
(-0.538964 0.434278 -1.0842e-19)
(-0.357942 0.366025 1.0842e-19)
(-0.332902 0.264415 5.42101e-20)
(-0.344153 0.260718 1.0842e-19)
(-0.401024 0.372663 1.0842e-19)
(-0.361593 0.265481 -2.71051e-20)
(-0.516067 0.429956 2.1684e-19)
(-0.373299 0.223871 0)
(-0.39987 0.271947 2.1684e-19)
(-0.417174 0.247637 -2.1684e-19)
(-0.375904 0.0425105 -3.38813e-21)
(-0.526026 0.423155 2.1684e-19)
(-0.438536 0.219826 -1.6263e-19)
(-0.443022 0.167294 -1.0842e-19)
(-0.483689 0.323322 0)
(-0.508863 0.34366 -1.49078e-19)
(-0.463784 0.132304 -1.0842e-19)
(-0.540103 0.409284 1.0842e-19)
(-0.574028 0.422361 0)
(-0.537318 0.311974 -2.1684e-19)
(-0.560285 0.375275 5.42101e-20)
(-0.544677 0.196055 1.0842e-19)
(-0.611381 0.408351 1.0842e-19)
(-0.559972 0.0632012 0)
(-0.576827 0.16636 5.42101e-20)
(-0.59204 0.200965 0)
(-0.622672 0.369403 -2.1684e-19)
(-0.626957 0.319866 1.0842e-19)
(-0.653065 0.415078 0)
(-0.667522 0.419019 0)
(-0.661904 0.355923 6.77626e-21)
(-0.670881 0.3327 0)
(-0.682615 0.346395 1.0842e-19)
(-0.698414 0.256579 -1.0842e-19)
(-0.682164 0.133367 -2.71051e-20)
(-0.719172 0.203589 -1.0842e-19)
(-0.705844 0.0952982 -2.71051e-20)
(-0.735268 0.287185 5.42101e-20)
(-0.749308 0.343905 0)
(-0.759376 0.339489 -5.42101e-20)
(-0.789044 0.408893 7.45389e-20)
(-0.77854 0.244695 0)
(-0.797018 0.380853 -2.1684e-19)
(-0.817548 0.376727 0)
(-0.800166 0.0430394 0)
(-0.82627 0.254958 5.42101e-20)
(-0.850179 0.288975 1.0842e-19)
(-0.887338 0.432992 -5.42101e-20)
(-0.862109 0.253372 1.0842e-19)
(-0.886892 0.373427 0)
(-0.874653 0.0696145 -2.71051e-20)
(-0.90664 0.411994 2.1684e-19)
(-0.914618 0.167253 0)
(-0.925303 0.281723 0)
(-0.937038 0.369109 0)
(-0.948859 0.391824 7.19978e-20)
(-0.961775 0.394967 2.4564e-20)
(-0.988341 0.412946 -5.42101e-20)
(-0.99047 0.252688 0)
(-0.998569 0.359435 -5.42101e-20)
(-1.01281 0.344785 2.1684e-19)
(-1.0325 0.206227 5.42101e-20)
(-1.03617 0.372915 2.71051e-20)
(0.130232 0.179202 2.1684e-19)
(0.121899 0.116786 0)
(0.0590423 0.276355 0)
(0.0112258 0.280558 0)
(0.00362326 0.278948 5.42101e-20)
(0.0290044 0.126091 -5.42101e-20)
(0.0140119 0.213428 -1.35525e-20)
(-0.00248484 0.135022 -2.71051e-20)
(-0.0523853 0.254713 -1.0842e-19)
(-0.121199 0.32051 2.1684e-19)
(-0.139975 0.3383 5.42101e-20)
(-0.100992 0.191733 0)
(-0.130647 0.303904 0)
(-0.157086 0.219296 0)
(-0.156349 0.181596 -5.42101e-20)
(-0.166187 0.238522 1.0842e-19)
(-0.169564 0.298766 -1.0842e-19)
(-0.170328 0.111503 0)
(-0.185781 0.321885 5.42101e-20)
(-0.201294 0.240899 9.48677e-20)
(-0.236664 0.327493 0)
(-0.260914 0.293515 0)
(-0.262561 0.343834 -1.0842e-19)
(-0.271759 0.289772 0)
(-0.282646 0.200071 -1.0842e-19)
(-0.308573 0.333097 2.1684e-19)
(0.60108 0.126148 4.06576e-20)
(0.533525 0.0328992 6.77626e-21)
(0.510543 0.1325 2.71051e-20)
(0.509581 0.169739 -1.0842e-19)
(0.3943 0.24599 -4.06576e-20)
(0.348856 0.135275 -1.0842e-19)
(0.338916 0.230801 5.42101e-20)
(0.33519 0.104538 -2.71051e-20)
(0.275487 0.218044 5.42101e-20)
(0.162412 0.109502 3.38813e-20)
(1.13147 0.29074 -3.25261e-19)
(1.17912 0.248629 -5.42101e-20)
(1.17778 0.13459 -1.0842e-19)
(1.13893 0.212549 -1.0842e-19)
(1.05093 0.244085 1.0842e-19)
(1.02792 0.259739 1.0842e-19)
(1.01912 0.176643 0)
(0.916199 0.256694 0)
(0.935329 0.195147 -1.35525e-20)
(0.910499 0.0804754 5.42101e-20)
(0.880111 0.0395167 -6.77626e-21)
(0.811731 0.196766 -5.42101e-20)
(0.781282 0.249109 2.1684e-19)
(0.719194 0.169929 0)
(0.632055 0.250427 1.0842e-19)
(0.631516 0.219417 1.89735e-19)
(2.03718 0.13634 -1.35525e-20)
(2.0212 0.199597 -2.71051e-20)
(1.98759 0.239165 -1.0842e-19)
(1.92776 0.249929 1.0842e-19)
(1.95079 0.0894903 0)
(1.8405 0.148195 -1.0842e-19)
(1.80893 0.239766 -5.42101e-20)
(1.74719 0.0496703 2.03288e-20)
(1.70919 0.195669 -5.42101e-20)
(1.48571 0.266289 1.35525e-19)
(1.49177 0.256216 0)
(1.47664 0.259137 2.71051e-19)
(1.40472 0.204726 -3.17637e-22)
(1.35168 0.222207 -5.42101e-20)
(1.33735 0.119828 5.42101e-20)
(1.29092 0.259016 0)
(1.28495 0.125219 0)
(1.26831 0.207738 -2.71051e-20)
(1.25174 0.104937 6.77626e-21)
(3.38856 0.244338 1.0842e-19)
(3.3657 0.134467 2.71051e-20)
(3.35305 0.157353 0)
(3.25584 0.214532 -1.0842e-19)
(3.27645 0.176298 5.42101e-20)
(2.94194 0.330527 1.6263e-19)
(3.07309 0.215367 1.0842e-19)
(3.02977 0.115932 0)
(3.0135 0.205468 -5.42101e-20)
(2.98794 0.233282 1.0842e-19)
(2.81116 0.258557 -1.0842e-19)
(2.86941 0.174464 0)
(2.80784 0.177409 -5.42101e-20)
(2.79647 0.0821116 2.71051e-20)
(2.74782 0.151043 2.71051e-20)
(2.65525 0.212392 1.0842e-19)
(2.63941 0.145046 0)
(2.5775 0.221572 0)
(2.51024 0.141367 0)
(2.485 0.25461 0)
(2.5014 0.118502 -6.77626e-21)
(2.42895 0.249006 -5.42101e-20)
(2.40789 0.248796 1.0842e-19)
(2.27724 0.260285 -5.42101e-20)
(2.294 0.0257726 -6.77626e-21)
(2.27583 0.154379 6.77626e-21)
(2.25376 0.200116 5.42101e-20)
(2.24799 0.180562 0)
(2.22387 0.275157 0)
(2.21201 0.181875 0)
(2.1862 0.16023 0)
(2.18287 0.210718 -5.42101e-20)
(4.51294 -1.97483e-33 1.72341e-35)
(5.0788 0.370418 1.0842e-19)
(4.94025 0.406767 -1.6263e-19)
(5.20939 0.105471 0)
(5.03066 0.264241 1.11808e-19)
(5.20177 0.129439 0)
(4.93579 0.278374 0)
(5.16413 0.124799 0)
(5.05559 0.212165 -1.0842e-19)
(5.06583 0.166 0)
(4.98157 0.215777 0)
(4.80984 0.280158 5.42101e-20)
(5.00313 0.0926395 0)
(4.99465 0.134787 -6.77626e-21)
(4.90453 0.228951 5.42101e-20)
(4.79417 0.272254 2.1684e-19)
(4.83886 0.225245 0)
(4.80677 0.185682 6.77626e-21)
(4.70089 0.111854 2.71051e-20)
(4.4513 0.256484 -1.0842e-19)
(4.45179 0.256208 0)
(4.40879 0.230993 -2.71051e-20)
(4.21776 0.278966 2.71051e-20)
(4.3358 0.223863 -1.0842e-19)
(4.31688 0.137611 2.71051e-20)
(4.24696 0.183832 1.0842e-19)
(4.23347 0.117348 5.42101e-20)
(4.16432 0.207721 0)
(3.86983 0.307662 -5.42101e-20)
(3.97559 0.159577 2.71051e-20)
(3.91637 0.139564 5.42101e-20)
(3.78889 0.273968 0)
(3.78653 0.212054 0)
(3.74709 0.240176 -1.0842e-19)
(3.77573 0.00927329 3.38813e-21)
(3.76598 0.200648 1.0842e-19)
(3.63949 0.225461 1.35525e-20)
(3.59779 0.230098 -2.71051e-20)
(3.55712 0.215977 0)
(3.55651 0.206737 5.42101e-20)
(3.54176 0.145695 0)
(3.5322 0.11504 5.42101e-20)
(3.45237 0.269709 -1.0842e-19)
(3.4305 0.227162 -5.42101e-20)
(3.41115 0.111388 -5.42101e-20)
(6.83487 -1.77805e-33 1.55168e-35)
(5.46537 1.19361e-25 -1.04165e-27)
(7.73913 0.139767 0)
(7.72863 0.110037 -1.35525e-20)
(7.67513 0.130374 5.42101e-20)
(7.43894 0.242002 -5.42101e-20)
(7.65178 0.153738 0)
(7.43953 0.213479 2.71051e-20)
(7.46217 0.0294999 -1.35525e-20)
(7.16519 0.264801 5.42101e-20)
(7.26476 0.215729 0)
(7.16489 0.235524 0)
(7.27602 0.188883 -6.77626e-20)
(7.26407 0.0692984 -1.69407e-20)
(7.33365 0.0993449 -4.06576e-20)
(7.26121 0.186556 5.42101e-20)
(7.10991 0.0108751 3.38813e-21)
(7.09621 0.101424 -3.38813e-21)
(6.9537 0.0646353 -2.71051e-20)
(6.96179 0.104493 8.13152e-20)
(6.98385 0.0959793 0)
(6.8667 0.217777 0)
(6.5722 0.319043 -5.42101e-20)
(6.64774 0.251052 0)
(6.71184 0.229032 0)
(6.65797 0.127702 0)
(6.57448 0.1565 -5.42101e-20)
(6.57183 0.0973191 -2.71051e-20)
(6.53135 0.181066 -1.0842e-19)
(6.4215 0.241805 -2.1684e-19)
(6.4781 0.14587 -2.71051e-20)
(6.47022 0.112945 2.71051e-20)
(6.23363 0.301422 2.1684e-19)
(6.34743 0.0354507 2.71051e-20)
(6.29821 0.0419445 -6.77626e-21)
(6.34822 0.102784 0)
(6.17053 0.0987045 -5.42101e-20)
(5.98029 0.191463 0)
(5.84538 0.307086 -2.71051e-20)
(5.94361 0.159214 5.42101e-20)
(5.77425 0.0656098 1.35525e-20)
(5.77872 0.208881 0)
(5.74393 0.240042 2.1684e-19)
(5.69459 0.109721 -4.91279e-20)
(5.69155 0.171825 1.0842e-19)
(5.53915 0.54652 0)
(5.63433 0.136281 0)
(5.54546 0.320453 1.0842e-19)
(5.46372 0.258029 -2.71051e-20)
(5.47965 0.192266 1.0842e-19)
(5.402 0.21162 -5.42101e-20)
(5.35853 0.240091 -1.0842e-19)
(5.31654 0.238906 0)
(5.29536 0.220169 -1.0842e-19)
(5.24456 0.0912819 5.42101e-20)
(10.4171 -1.47444e-33 1.28673e-35)
(10.3167 -1.48295e-33 1.29415e-35)
(9.53323 -1.54935e-33 1.3521e-35)
(9.46519 -1.55512e-33 1.35713e-35)
(8.42375 -1.64338e-33 1.43416e-35)
(8.26203 -1.65709e-33 1.44612e-35)
(8.19914 -1.66242e-33 1.45077e-35)
(8.11066 -1.66992e-33 1.45732e-35)
(9.60507 -1.54326e-33 1.34679e-35)
(8.04475 -1.67551e-33 1.46219e-35)
(8.87184 -1.60541e-33 1.40102e-35)
(9.49559 -1.55254e-33 1.35488e-35)
(10.7638 0.590972 4.33681e-19)
(10.8762 0.416798 2.1684e-19)
(10.7981 0.179048 -1.0842e-19)
(10.8378 0.229037 1.0842e-19)
(10.8339 0.198028 -5.42101e-20)
(10.63 0.272175 1.0842e-19)
(10.8241 0.0894336 -2.71051e-20)
(10.7206 0.036543 1.35525e-20)
(10.6388 0.168533 -2.71051e-20)
(10.6701 0.132257 6.77626e-21)
(10.4682 0.220509 5.42101e-20)
(10.524 0.213676 -5.42101e-20)
(10.184 0.326734 5.42101e-20)
(10.6082 0.109365 1.35525e-20)
(10.2713 0.242375 0)
(10.4925 0.145202 1.0842e-19)
(10.5225 0.0764964 -1.35525e-20)
(10.2529 0.200366 -5.42101e-20)
(10.3895 0.138274 -6.77626e-20)
(10.1423 0.220083 -1.0842e-19)
(10.0101 0.269271 -1.0842e-19)
(10.2627 0.119984 4.40457e-20)
(10.303 0.0635949 5.42101e-20)
(10.2451 0.134487 2.71051e-20)
(10.1733 0.143726 -1.0842e-19)
(9.9483 0.250399 0)
(10.1406 0.0827837 0)
(10.09 0.144446 -2.71051e-20)
(9.98745 0.129832 0)
(9.96793 0.137989 0)
(7.83093 -1.69363e-33 1.47801e-35)
(9.56278 0.251407 1.0842e-19)
(9.49835 0.300796 2.1684e-19)
(9.78919 0.0389987 1.35525e-20)
(9.56306 0.239372 -6.77626e-20)
(9.6558 0.236815 -1.0842e-19)
(9.65237 0.196302 0)
(9.29267 0.383191 0)
(9.53126 0.181568 0)
(9.40373 0.215045 1.35525e-20)
(9.43991 0.157469 0)
(9.4444 0.07026 0)
(9.37799 0.113001 -2.71051e-20)
(9.31168 0.163597 1.0842e-19)
(9.24784 0.204684 5.42101e-20)
(9.29125 0.16838 -2.71051e-20)
(9.31929 0.0457428 -2.71051e-20)
(9.09497 0.277241 2.84603e-19)
(9.27586 0.0361927 2.71051e-20)
(9.04517 0.271087 0)
(9.07723 0.199808 5.42101e-20)
(9.12422 0.075283 3.55754e-20)
(8.9523 0.210911 0)
(8.83988 0.103591 5.42101e-20)
(8.66259 0.0943284 0)
(8.57151 0.21675 -2.71051e-20)
(8.581 0.205251 1.0842e-19)
(8.58548 0.192437 -1.0842e-19)
(8.59263 0.117495 -5.42101e-20)
(8.547 0.173957 0)
(8.44613 0.262707 5.42101e-20)
(8.51789 0.0457494 2.71051e-20)
(8.51598 0.109277 5.42101e-20)
(8.48674 0.105051 -2.71051e-20)
(8.43701 0.12694 0)
(8.38408 0.241024 0)
(8.35028 0.20164 0)
(8.31132 0.155321 1.35525e-20)
(8.2965 0.1314 1.35525e-20)
(8.22671 0.145487 -5.50571e-21)
(8.20335 0.202194 -1.0842e-19)
(8.21546 0.174831 -5.42101e-20)
(8.15084 0.0318026 -2.71051e-20)
(8.05774 0.326064 1.0842e-19)
(8.03001 0.287885 -5.42101e-20)
(8.03389 0.0693087 -1.69407e-21)
(7.9758 0.288165 2.1684e-19)
(7.95803 0.119844 6.77626e-20)
(7.90306 0.171614 -5.42101e-20)
(13.9582 -1.17432e-33 1.02482e-35)
(13.1842 -1.23993e-33 1.08207e-35)
(12.9702 -1.25807e-33 1.0979e-35)
(13.0447 -1.25174e-33 1.09238e-35)
(12.8386 -1.26921e-33 1.10763e-35)
(12.5308 -1.2953e-33 1.13039e-35)
(13.1614 -1.24185e-33 1.08375e-35)
(13.2909 -1.23088e-33 1.07418e-35)
(13.5658 -1.20758e-33 1.05384e-35)
(12.3708 -1.30886e-33 1.14222e-35)
(12.9962 -1.25586e-33 1.09597e-35)
(12.2963 -1.31517e-33 1.14774e-35)
(12.9414 -1.26051e-33 1.10003e-35)
(13.8518 -1.18334e-33 1.03269e-35)
(12.0632 -1.33493e-33 1.16498e-35)
(13.1694 -1.24118e-33 1.08316e-35)
(12.1717 -1.32573e-33 1.15695e-35)
(13.1469 -1.24309e-33 1.08483e-35)
(13.076 -1.24909e-33 1.09007e-35)
(14.0661 -1.16518e-33 1.01684e-35)
(13.051 -1.25122e-33 1.09192e-35)
(13.5172 -1.2117e-33 1.05744e-35)
(11.6679 -1.36844e-33 1.19422e-35)
(11.6347 -1.37125e-33 1.19667e-35)
(12.6495 7.56454e-07 -4.86699e-18)
(13.2261 -1.23638e-33 1.07897e-35)
(13.0799 -1.24876e-33 1.08978e-35)
(12.1488 -1.32768e-33 1.15864e-35)
(11.377 -1.39309e-33 1.21573e-35)
(12.5133 3.8886e-32 3.61987e-34)
(11.5137 -1.3815e-33 1.20562e-35)
(11.2158 -1.40675e-33 1.22766e-35)
(11.2306 -1.40546e-33 1.22659e-35)
(12.6196 -1.27174e-33 1.13782e-35)
(14.1713 0.583187 5.42101e-20)
(13.9876 0.457951 0)
(14.0873 0.466206 -4.31987e-20)
(14.082 0.351195 -2.98156e-19)
(14.0754 0.248778 1.0842e-19)
(14.0826 0.150803 -5.42101e-20)
(14.0078 0.179045 -1.0842e-19)
(13.6428 0.351746 1.6263e-19)
(13.6644 0.280397 5.42101e-20)
(13.8164 0.200154 0)
(13.6548 0.254059 1.0842e-19)
(13.7063 0.215622 8.13152e-20)
(13.9912 0.0919575 -5.42101e-20)
(13.6081 0.257522 -5.42101e-20)
(13.8898 0.112463 1.35525e-20)
(13.832 0.0880198 0)
(13.225 0.463692 1.35525e-20)
(13.6396 0.211875 -1.0842e-19)
(13.9418 0.0113915 2.5411e-21)
(13.8933 0.0737864 -4.23516e-21)
(13.6001 0.211473 -1.0842e-19)
(13.6605 0.144024 5.42101e-20)
(13.6832 0.10705 1.01644e-20)
(13.3833 0.248808 5.42101e-20)
(13.4484 0.323486 0)
(13.3922 0.216102 5.42101e-20)
(13.6317 0.0664137 0)
(13.4733 0.139072 -5.42101e-20)
(13.1408 0.249848 0)
(13.1151 0.229094 0)
(13.1566 0.223144 0)
(13.2135 0.155288 -5.42101e-20)
(12.8472 0.377945 1.0842e-19)
(12.9289 0.330213 0)
(13.1346 0.141163 -6.77626e-21)
(13.2283 0.049536 1.18585e-20)
(12.812 0.30529 0)
(12.9794 0.177857 -7.6233e-20)
(13.0534 0.0973178 -6.77626e-21)
(12.9781 0.0160828 0)
(12.7094 0.260017 -5.42101e-20)
(12.7982 0.218787 -5.42101e-20)
(12.8374 0.170716 0)
(12.7401 0.162931 0)
(12.8321 0.092175 1.35525e-20)
(12.6633 0.214489 -1.0842e-19)
(12.7485 0.0982077 5.42101e-20)
(12.6982 0.123033 6.77626e-21)
(12.4775 0.262643 -5.42101e-20)
(12.2943 0.370417 -1.0842e-19)
(12.6129 0.12917 0)
(12.4835 0.229259 1.0842e-19)
(12.6113 0.00051435 2.00457e-51)
(12.5059 0.0612084 0)
(12.4107 0.146629 0)
(12.3705 0.170427 0)
(12.4517 0.0068268 1.69407e-21)
(12.3766 0.128498 -2.71051e-20)
(12.0997 0.115966 -1.35525e-20)
(11.8115 0.432347 1.0842e-19)
(12.1078 0.0990888 0)
(11.9082 0.269101 2.71051e-20)
(12.0076 0.119742 8.13152e-20)
(11.8122 0.34755 1.0842e-19)
(11.9533 0.0985698 0)
(11.8687 0.131859 1.35525e-20)
(11.8278 0.0745811 -2.71051e-20)
(11.7475 0.205529 0)
(11.8052 0.0545127 -1.35525e-20)
(11.6303 0.370421 -2.71051e-20)
(11.6417 0.32847 1.0842e-19)
(11.7583 0.134492 0)
(11.7124 0.0749289 1.35525e-20)
(11.6559 0.0852387 0)
(11.581 0.213061 -2.71051e-20)
(11.5496 0.149335 2.71051e-20)
(11.5086 0.191032 5.42101e-20)
(11.4487 0.27235 1.0842e-19)
(11.4584 0.218156 -2.71051e-20)
(11.4854 0.126519 0)
(11.3824 0.168584 0)
(11.3682 0.101108 -2.71051e-20)
(11.2873 0.140244 -2.71051e-20)
(11.1982 0.160737 8.80914e-20)
(11.0409 0.135885 1.0842e-19)
(11.0166 0.202942 0)
(18.8965 9.37058e-30 -8.17758e-32)
(18.4857 -7.90608e-34 6.89953e-36)
(16.3436 -9.72156e-34 8.48388e-36)
(17.9786 -8.33586e-34 7.2746e-36)
(16.9087 -9.24261e-34 8.0659e-36)
(16.2118 3.04719e-21 -2.65924e-23)
(18.5154 -7.88093e-34 6.87758e-36)
(16.0164 -9.99892e-34 8.72593e-36)
(17.6876 -8.58254e-34 7.48987e-36)
(15.724 -1.02467e-33 8.94216e-36)
(18.416 -7.96513e-34 6.95107e-36)
(16.4972 -9.5914e-34 8.37029e-36)
(17.1824 -8.99551e-34 7.85026e-36)
(15.4231 -1.05017e-33 9.16472e-36)
(18.713 -7.71343e-34 6.73141e-36)
(18.0591 -8.25667e-34 7.22468e-36)
(15.3991 -1.05221e-33 9.1825e-36)
(15.7499 -1.02247e-33 8.92299e-36)
(16.4175 -9.65894e-34 8.42923e-36)
(15.401 -1.05205e-33 9.18109e-36)
(16.6401 -9.4703e-34 8.26461e-36)
(17.1512 -9.03711e-34 7.88657e-36)
(19.0286 -7.44599e-34 6.49802e-36)
(18.8706 -7.57986e-34 6.61485e-36)
(18.6697 -7.75015e-34 6.76346e-36)
(17.6154 -8.64368e-34 7.54322e-36)
(15.238 -1.06586e-33 9.30163e-36)
(18.9984 -7.47154e-34 6.52031e-36)
(18.9763 -7.49032e-34 6.5367e-36)
(15.7884 -1.01921e-33 8.89453e-36)
(15.6643 -1.02973e-33 8.98632e-36)
(18.6563 -7.76153e-34 6.77339e-36)
(16.97 -9.19073e-34 8.02063e-36)
(15.4674 -1.04642e-33 9.13195e-36)
(15.5345 -1.04073e-33 9.08233e-36)
(18.6335 -7.78082e-34 6.79022e-36)
(16.3978 -9.67561e-34 8.44377e-36)
(17.7942 -8.49219e-34 7.41102e-36)
(17.9964 -8.32079e-34 7.26144e-36)
(19.0803 -7.40213e-34 6.45974e-36)
(15.7431 -1.02305e-33 8.92804e-36)
(17.7244 -8.5513e-34 7.46261e-36)
(17.8873 -8.41329e-34 7.34217e-36)
(15.8019 -1.01807e-33 8.88452e-36)
(18.8166 -7.62569e-34 6.65484e-36)
(17.5717 -8.6807e-34 7.57553e-36)
(15.2909 7.70354e-30 -6.72278e-32)
(18.6789 -7.74236e-34 6.75665e-36)
(15.9574 -1.00489e-33 8.76957e-36)
(16.516 -9.57543e-34 8.35635e-36)
(16.0083 -1.00058e-33 8.7319e-36)
(14.7482 -1.10737e-33 9.66387e-36)
(18.0086 -8.31047e-34 7.25244e-36)
(16.7249 -9.39838e-34 8.20184e-36)
(14.6907 -1.11224e-33 9.7064e-36)
(16.7296 -9.39443e-34 8.19839e-36)
(14.6453 -1.11609e-33 9.73996e-36)
(15.877 -1.01171e-33 8.82903e-36)
(18.926 -7.49332e-34 6.53932e-36)
(18.6945 -7.7291e-34 6.74508e-36)
(14.5893 -1.12084e-33 9.78139e-36)
(18.0976 -8.23503e-34 7.1866e-36)
(17.5738 -8.67899e-34 7.57404e-36)
(14.5438 -1.12469e-33 9.81506e-36)
(18.4725 -7.9173e-34 6.90932e-36)
(18.8933 2.03416e-30 -1.77519e-32)
(19.0269 -7.44746e-34 6.4993e-36)
(18.9719 -7.49406e-34 6.53997e-36)
(18.2642 -8.09386e-34 7.0634e-36)
(15.2446 -1.0653e-33 9.29675e-36)
(17.2776 -8.92996e-34 7.79306e-36)
(14.3181 -1.14383e-33 9.98201e-36)
(14.313 -1.14425e-33 9.98576e-36)
(18.4499 -7.93645e-34 6.92604e-36)
(15.346 -1.05671e-33 9.22173e-36)
(17.0681 -9.10753e-34 7.94802e-36)
(14.2502 -1.14958e-33 1.00322e-35)
(17.0915 -9.08773e-34 7.93074e-36)
(19.0124 -7.45967e-34 6.50996e-36)
(14.3466 -1.14141e-33 9.96089e-36)
(19.0019 0.539833 1.0842e-19)
(18.129 -8.20842e-34 7.16338e-36)
(18.9612 0.472074 2.1684e-19)
(18.9228 0.376811 1.6263e-19)
(19.0536 0.510893 2.1684e-19)
(16.5884 -9.51409e-34 8.30282e-36)
(19.1098 0.412133 -4.33681e-19)
(18.7477 0.540302 0)
(19.028 -7.44647e-34 6.49844e-36)
(18.8715 0.299322 0)
(18.8589 0.349425 5.42101e-20)
(18.4276 0.468381 0)
(18.752 0.310214 5.42101e-20)
(18.8185 0.211902 0)
(19.2356 0.152818 0)
(19.1355 0.120898 0)
(18.6817 0.228252 1.0842e-19)
(18.633 0.294173 5.42101e-20)
(18.5737 0.281293 -1.0842e-19)
(18.6674 0.195267 5.42101e-20)
(18.7997 0.267894 5.42101e-20)
(17.9501 0.438054 0)
(19.0164 0.0974041 0)
(18.0281 0.456417 -4.33681e-19)
(18.0756 0.401559 -1.0842e-19)
(18.1324 0.362608 0)
(18.9384 0.000675687 0)
(18.5516 0.176621 -5.42101e-20)
(19.0166 0.0258008 0)
(18.8783 0.0405904 2.11758e-21)
(18.4425 0.198028 5.42101e-20)
(18.4976 0.0957736 2.71051e-20)
(18.1013 0.240803 0)
(18.049 0.21335 5.42101e-20)
(18.2878 0.0848132 -1.35525e-20)
(17.8274 0.271903 0)
(17.613 0.333367 0)
(18.2103 0.000327871 0)
(17.8944 0.187442 -6.20452e-20)
(17.6442 0.284891 -1.6263e-19)
(17.6792 0.211651 0)
(17.7486 0.236111 0)
(17.1399 0.531464 0)
(17.907 0.23661 -2.71051e-20)
(17.5613 0.263164 5.42101e-20)
(18.1815 0.0163034 0)
(17.6428 0.250558 -2.1684e-19)
(18.0004 0.102529 -2.71051e-20)
(17.9298 0.0738919 -2.20229e-20)
(17.5678 0.187391 -1.0842e-19)
(17.4978 0.126755 5.42101e-20)
(17.5443 0.11159 -5.42101e-20)
(17.4366 0.132031 4.06576e-20)
(17.4594 0.111272 1.35525e-20)
(17.3204 0.154248 3.38813e-20)
(17.1462 0.227884 -1.0842e-19)
(17.1574 0.162281 -1.0842e-19)
(16.8999 0.279636 0)
(17.1272 0.151216 2.71051e-20)
(17.114 0.139899 5.42101e-20)
(16.9032 0.214793 0)
(17.2092 0.0733926 -2.71051e-20)
(17.0151 0.161177 0)
(17.1377 0.100584 2.03288e-20)
(16.9233 0.152875 1.0842e-19)
(16.6395 0.272713 -1.0842e-19)
(17.0767 0.0175241 1.35525e-20)
(16.7754 0.151862 1.0842e-19)
(16.3966 0.298632 -4.40457e-20)
(16.8379 0.0449665 0)
(15.9469 -1.00578e-33 8.77727e-36)
(16.5956 0.136371 0)
(16.2632 0.375913 0)
(16.264 0.328063 0)
(16.6006 0.085119 5.42101e-20)
(16.4047 0.183406 5.42101e-20)
(16.4984 0.105359 6.77626e-21)
(16.4316 0.160592 -8.13152e-20)
(16.2569 0.23019 5.42101e-20)
(16.3321 0.16113 0)
(16.3138 0.113899 0)
(15.9903 0.32125 -1.0842e-19)
(16.3074 0.0572431 0)
(15.976 0.289635 5.42101e-20)
(16.2511 0.0823497 -1.35525e-20)
(15.8845 0.351627 2.03288e-20)
(15.7893 0.410313 2.71051e-20)
(15.9672 0.194072 0)
(15.6841 0.340841 1.35525e-19)
(16.0996 0.0191666 3.38813e-21)
(15.9421 0.131738 0)
(15.9583 0.0127528 -3.38813e-21)
(15.7146 0.144488 0)
(15.7342 0.138267 0)
(15.5429 0.337913 9.48677e-20)
(15.6236 0.185195 0)
(15.6799 0.104849 1.35525e-20)
(15.6142 0.102053 -1.0842e-19)
(15.3253 0.330724 0)
(15.3826 0.248651 1.0842e-19)
(15.57 0.0207705 0)
(15.4966 0.0956153 1.35525e-20)
(15.4022 0.0823629 2.71051e-20)
(15.2419 0.24345 0)
(15.3561 0.083713 1.35525e-20)
(15.2982 0.181589 4.06576e-20)
(15.1259 0.286198 0)
(15.1939 0.19996 0)
(15.2919 0.0450717 -2.71051e-20)
(15.2254 0.0275387 -1.35525e-20)
(15.0009 0.182817 -1.0842e-19)
(14.9337 0.306278 5.42101e-20)
(14.9301 0.131679 1.35525e-20)
(14.8653 0.265378 0)
(14.8301 0.381774 1.0842e-19)
(14.8163 0.273149 0)
(14.7019 0.240519 0)
(14.639 0.594336 1.0842e-19)
(14.0996 -1.16234e-33 1.01436e-35)
(14.6618 0.0678346 2.03288e-20)
(14.61 0.0482628 -1.35525e-20)
(14.5038 0.0940972 0)
(14.3926 0.192728 0)
(14.3105 0.211639 0)
(14.3246 0.12851 0)
(14.3025 0.151057 5.42101e-20)
(14.1194 0.0368054 -1.35525e-20)
(14.1078 0.304158 0)
(20.8706 8.14928e-32 7.21448e-34)
(21.8563 -5.04944e-34 4.40658e-36)
(21.8103 -5.0884e-34 4.44058e-36)
(22.2837 -4.68723e-34 4.09048e-36)
(21.4912 -5.35883e-34 4.67658e-36)
(24.0996 -3.14818e-34 2.74738e-36)
(20.7093 3.96071e-28 -3.45646e-30)
(21.5587 -5.30169e-34 4.62671e-36)
(22.1766 -4.77795e-34 4.16965e-36)
(21.6417 -5.2313e-34 4.56528e-36)
(22.2625 -4.70514e-34 4.10612e-36)
(22.7619 -4.28191e-34 3.73676e-36)
(21.8073 -5.09094e-34 4.4428e-36)
(24.2879 -2.98859e-34 2.60811e-36)
(22.0728 -4.86592e-34 4.24643e-36)
(23.1003 -3.99513e-34 3.4865e-36)
(24.4156 -2.88036e-34 2.51365e-36)
(21.6219 4.32068e-25 -3.7706e-27)
(21.6767 -5.20162e-34 4.53939e-36)
(20.9642 9.94575e-30 -8.67953e-32)
(23.2411 -3.87578e-34 3.38234e-36)
(21.0806 -5.70686e-34 4.9803e-36)
(24.0297 -3.20745e-34 2.7991e-36)
(23.7528 -3.44215e-34 3.00392e-36)
(24.3809 2.08911e-32 -1.82314e-34)
(21.3356 -5.49073e-34 4.79169e-36)
(21.4922 -5.35805e-34 4.6759e-36)
(21.387 -5.44719e-34 4.75369e-36)
(23.9839 -3.24622e-34 2.83293e-36)
(21.3499 -5.47866e-34 4.78115e-36)
(20.4182 -6.2683e-34 5.47026e-36)
(21.9925 -4.93401e-34 4.30584e-36)
(22.649 -4.37764e-34 3.8203e-36)
(20.328 -6.34472e-34 5.53695e-36)
(23.3686 -3.76775e-34 3.28806e-36)
(23.3545 -3.77966e-34 3.29846e-36)
(21.5944 -5.27141e-34 4.60029e-36)
(23.7297 -3.46011e-34 3.02235e-36)
(22.5785 -4.43737e-34 3.87244e-36)
(23.8381 -3.36986e-34 2.94083e-36)
(23.2849 -3.83869e-34 3.34997e-36)
(23.1063 -3.99004e-34 3.48206e-36)
(23.9029 -3.31489e-34 2.89286e-36)
(21.4167 -5.42203e-34 4.73174e-36)
(24.269 -3.00464e-34 2.62211e-36)
(23.2969 -3.82848e-34 3.34106e-36)
(24.0149 -3.21994e-34 2.81e-36)
(20.9729 2.58583e-30 2.25763e-32)
(20.2204 -6.43593e-34 5.61655e-36)
(21.6214 -5.24849e-34 4.58029e-36)
(20.2089 -6.44565e-34 5.62504e-36)
(23.4627 -3.68797e-34 3.21844e-36)
(23.9741 -3.25452e-34 2.84018e-36)
(24.0213 -3.21459e-34 2.80533e-36)
(24.5008 -2.80818e-34 2.45066e-36)
(20.4381 -6.25138e-34 5.4555e-36)
(20.9271 -5.83695e-34 5.09383e-36)
(23.9385 -3.28474e-34 2.86655e-36)
(20.1074 -6.53165e-34 5.70008e-36)
(22.7691 -4.27581e-34 3.73145e-36)
(22.0003 -4.9274e-34 4.30008e-36)
(20.0952 -6.54199e-34 5.70911e-36)
(21.0881 -5.70049e-34 4.97474e-36)
(20.2126 -6.44256e-34 5.62233e-36)
(20.5432 -6.16229e-34 5.37775e-36)
(23.3755 -3.76187e-34 3.28293e-36)
(22.3201 5.64119e-32 -4.92299e-34)
(21.9477 -4.972e-34 4.339e-36)
(24.1601 6.59386e-29 -5.75437e-31)
(20.3406 -6.33402e-34 5.52761e-36)
(23.5377 -3.62438e-34 3.16295e-36)
(24.1543 -3.10185e-34 2.70694e-36)
(20.1843 -6.46647e-34 5.6432e-36)
(20.0272 -6.59968e-34 5.75946e-36)
(22.1052 -4.83848e-34 4.22248e-36)
(20.5596 -6.14839e-34 5.36562e-36)
(23.7738 -3.42434e-34 2.98838e-36)
(23.5444 -3.61872e-34 3.15801e-36)
(21.9645 -4.95772e-34 4.32654e-36)
(21.4635 -5.38231e-34 4.69707e-36)
(21.8499 -5.05487e-34 4.41132e-36)
(24.1306 -3.12194e-34 2.72447e-36)
(21.4157 -5.42282e-34 4.73243e-36)
(20.389 -6.29304e-34 5.49185e-36)
(20.0526 -6.57809e-34 5.74061e-36)
(22.5251 -4.48258e-34 3.91189e-36)
(21.8039 -5.09384e-34 4.44532e-36)
(21.6709 -5.20658e-34 4.54372e-36)
(22.5867 -4.43037e-34 3.86633e-36)
(19.9086 -6.70014e-34 5.84712e-36)
(24.305 -2.97408e-34 2.59544e-36)
(23.968 -3.2597e-34 2.8447e-36)
(21.4554 -5.38925e-34 4.70313e-36)
(23.2525 -3.86615e-34 3.37394e-36)
(19.9227 -6.6882e-34 5.83671e-36)
(24.259 -3.01308e-34 2.62948e-36)
(20.4455 -6.24509e-34 5.45001e-36)
(20.3682 -6.31066e-34 5.50723e-36)
(22.2999 -4.67347e-34 4.07848e-36)
(20.335 -6.33879e-34 5.53178e-36)
(21.6284 -5.24255e-34 4.57511e-36)
(22.8967 -4.16771e-34 3.63711e-36)
(24.022 -3.214e-34 2.80481e-36)
(22.3484 -4.63239e-34 4.04263e-36)
(20.8311 -5.91829e-34 5.16481e-36)
(19.8071 -6.78616e-34 5.92219e-36)
(22.7328 -4.30657e-34 3.75828e-36)
(23.6994 -3.48741e-34 3.04341e-36)
(21.3523 -5.47656e-34 4.77932e-36)
(19.8158 -6.77884e-34 5.91581e-36)
(20.3345 -6.33916e-34 5.5321e-36)
(24.0503 1.14598e-30 -1.00009e-32)
(21.293 -5.52688e-34 4.82323e-36)
(19.8536 -5.40249e-34 4.71468e-36)
(21.1478 -5.64987e-34 4.93057e-36)
(23.3271 -3.80291e-34 3.31875e-36)
(21.0957 1.35912e-20 -1.18608e-22)
(20.9557 -5.81268e-34 5.07265e-36)
(22.8199 -4.23274e-34 3.69385e-36)
(22.9659 -4.10902e-34 3.58589e-36)
(21.0582 -5.72582e-34 4.99685e-36)
(19.7388 -6.84409e-34 5.97274e-36)
(23.7965 1.43046e-20 -1.24834e-22)
(20.6134 -6.10285e-34 5.32588e-36)
(20.8878 -5.87023e-34 5.12288e-36)
(21.9395 -4.97893e-34 4.34504e-36)
(21.6241 5.17252e-26 4.51399e-28)
(19.6576 -6.91291e-34 6.03281e-36)
(23.17 -3.93607e-34 3.43496e-36)
(24.3125 -2.96779e-34 2.58995e-36)
(21.1711 -5.63013e-34 4.91334e-36)
(22.5402 -4.44014e-34 3.92666e-36)
(23.1311 -3.96904e-34 3.46373e-36)
(22.3066 -4.66783e-34 4.07356e-36)
(23.098 -3.99309e-34 3.48472e-36)
(22.0731 -4.86567e-34 4.24621e-36)
(22.4052 -4.58425e-34 4.00062e-36)
(21.5025 -5.3493e-34 4.66827e-36)
(20.2029 -6.45072e-34 5.62946e-36)
(19.7218 -6.85844e-34 5.98527e-36)
(22.9782 -4.09863e-34 3.57682e-36)
(19.5973 -6.96403e-34 6.07742e-36)
(21.6935 -5.18738e-34 4.52696e-36)
(21.9205 -4.99505e-34 4.35912e-36)
(22.8587 -4.19992e-34 3.66521e-36)
(20.6903 -6.03768e-34 5.26901e-36)
(19.5222 -7.02766e-34 6.13295e-36)
(19.5244 -7.0258e-34 6.13132e-36)
(19.5191 -7.03027e-34 6.13522e-36)
(22.1379 -4.81081e-34 4.19833e-36)
(21.6434 -5.22986e-34 4.56403e-36)
(20.329 -6.34385e-34 5.5362e-36)
(21.0246 -5.74085e-34 5.00996e-36)
(24.1293 -3.12186e-34 2.72441e-36)
(19.5741 -6.98362e-34 6.09451e-36)
(20.1931 -6.45901e-34 5.63669e-36)
(19.4631 -7.07774e-34 6.17665e-36)
(20.788 -5.95482e-34 5.19669e-36)
(19.4681 -7.07349e-34 6.17294e-36)
(21.4526 -5.39162e-34 4.70519e-36)
(22.5385 -4.42728e-34 3.86363e-36)
(22.1269 -4.82014e-34 4.20647e-36)
(23.9436 -3.28036e-34 2.86273e-36)
(22.5667 6.9698e-33 -6.08245e-35)
(22.9642 -4.11048e-34 3.58716e-36)
(19.4012 -7.13022e-34 6.22245e-36)
(20.4617 -6.2314e-34 5.43806e-36)
(22.3868 -4.59979e-34 4.01417e-36)
(21.2815 1.31379e-25 1.14653e-27)
(22.49 -4.51239e-34 3.9379e-36)
(19.8147 -6.77972e-34 5.91657e-36)
(22.4413 -4.55364e-34 3.9739e-36)
(23.3362 -3.79515e-34 3.31197e-36)
(21.5895 4.90397e-24 -4.27963e-26)
(20.7104 -6.02062e-34 5.25412e-36)
(23.2462 4.61741e-30 -4.02955e-32)
(19.3639 1.8055e-32 1.70064e-34)
(20.9478 -5.78405e-34 5.10937e-36)
(21.4346 8.9895e-26 -7.84502e-28)
(22.8674 -4.19249e-34 3.65873e-36)
(20.6817 -6.04492e-34 5.27532e-36)
(19.5551 -6.99973e-34 6.10857e-36)
(24.3042 -2.97476e-34 2.59604e-36)
(19.8477 -6.75029e-34 5.89089e-36)
(21.0504 -5.73245e-34 5.00263e-36)
(20.3891 1.10714e-27 9.6619e-30)
(22.3489 -4.63196e-34 4.04225e-36)
(22.6327 -4.3914e-34 3.83232e-36)
(22.3131 -4.66232e-34 4.06874e-36)
(21.7067 -5.17621e-34 4.51721e-36)
(20.817 -5.93025e-34 5.17525e-36)
(24.4083 -2.8866e-34 2.5191e-36)
(21.2139 -5.5939e-34 4.88172e-36)
(19.4777 -7.06534e-34 6.16583e-36)
(20.2269 -6.43039e-34 5.61171e-36)
(21.5508 1.8846e-33 2.57117e-35)
(20.0673 -6.56569e-34 5.72979e-36)
(19.2162 -7.28695e-34 6.35923e-36)
(22.8046 -4.24577e-34 3.70523e-36)
(19.3925 -7.13756e-34 6.22885e-36)
(24.2981 1.0636 4.33681e-19)
(21.6269 -5.24386e-34 4.57625e-36)
(22.1028 -4.84051e-34 4.22425e-36)
(19.179 -7.31855e-34 6.38681e-36)
(22.2824 -4.68828e-34 4.0914e-36)
(23.8642 0.622954 -2.1684e-19)
(19.5237 -7.02641e-34 6.13185e-36)
(24.444 0.211198 0)
(24.4407 0.192916 1.0842e-19)
(23.8249 0.586614 0)
(24.2186 0.274539 0)
(24.3897 0.209748 0)
(24.4255 0.0708009 0)
(23.1292 0.560133 0)
(24.4903 0.0187451 6.77626e-21)
(24.1999 0.191606 1.0842e-19)
(24.2017 0.0830303 5.42101e-20)
(24.2529 0.00537269 0)
(23.767 0.357325 0)
(23.236 0.601176 0)
(24.0236 0.305238 8.13152e-20)
(24.1588 0.000731351 -3.29857e-38)
(24.1661 0.191151 -4.06576e-20)
(24.3097 0.158894 4.74338e-20)
(24.205 0.10362 0)
(23.7011 0.335422 1.6263e-19)
(23.6641 0.353732 0)
(23.0887 0.523027 5.42101e-20)
(23.7965 0.177512 0)
(23.8084 0.155199 0)
(23.9507 0.0590332 1.35525e-20)
(23.7733 0.345613 2.1684e-19)
(23.2745 0.368441 -1.0842e-19)
(23.7101 0.0502868 -1.35525e-20)
(23.6754 0.0125369 0)
(23.5088 0.412556 -1.6263e-19)
(23.7101 0.00392531 -1.69407e-21)
(23.2889 0.34194 0)
(23.1391 0.237022 -1.0842e-19)
(23.4056 0.244356 1.0842e-19)
(23.2367 0.333698 0)
(22.8336 0.504244 0)
(23.2419 0.383975 0)
(23.2816 0.235444 1.0842e-19)
(23.5497 0.0129819 -3.38813e-21)
(22.5821 0.567625 2.1684e-19)
(23.2867 0.23801 1.0842e-19)
(23.2032 0.0846687 0)
(22.6181 0.446769 0)
(23.1438 0.0294076 0)
(23.0462 0.209174 0)
(23.0994 0.0827506 6.77626e-21)
(22.9684 0.00169763 0)
(22.5064 0.274135 0)
(23.1868 0.0292254 -1.69407e-21)
(22.7393 0.18559 0)
(22.9439 0.223483 -5.42101e-20)
(22.8915 0.351884 -5.42101e-20)
(22.7947 0.0212246 6.77626e-21)
(22.764 0.0815944 2.71051e-20)
(22.2628 0.436266 2.1684e-19)
(22.4255 0.37844 0)
(22.9328 0.0710683 -2.03288e-20)
(22.5748 0.292577 0)
(19.147 -7.34562e-34 6.41043e-36)
(22.8668 0.0820137 0)
(22.7388 0.155565 0)
(22.8722 0.284168 1.0842e-19)
(22.2211 0.355393 -2.1684e-19)
(22.4335 0.187416 -1.0842e-19)
(22.4929 0.206337 0)
(22.463 0.0772607 -1.35525e-20)
(22.3738 0.129161 0)
(22.3991 0.123817 2.71051e-20)
(22.1684 0.0665443 0)
(21.9772 0.301296 1.0842e-19)
(22.2772 0.0989224 -5.42101e-20)
(22.1174 0.0116332 3.38813e-21)
(21.881 0.396518 0)
(22.1875 0.0880539 0)
(22.0762 0.13935 1.35525e-20)
(21.8453 0.277944 -5.42101e-20)
(21.896 0.256664 -6.77626e-21)
(21.8932 0.295317 -5.42101e-20)
(21.9588 0.269353 0)
(21.9806 0.0282234 0)
(21.3246 0.68356 0)
(21.8921 0.290612 0)
(21.7424 0.281553 0)
(21.5932 0.27485 0)
(21.7202 0.157551 -3.38813e-20)
(21.7029 0.09635 1.01644e-20)
(21.6022 0.077173 -2.71051e-20)
(21.4027 0.0952861 0)
(21.442 0.0815211 0)
(21.4501 0.115244 -2.71051e-20)
(21.2715 0.11552 -4.87044e-21)
(21.4208 0.0461598 4.23516e-21)
(21.3351 0.183597 1.21973e-19)
(21.2262 0.02862 0)
(21.2317 0.280742 0)
(21.2668 0.0283904 -1.69407e-21)
(21.1089 0.316288 1.0842e-19)
(20.954 0.478978 -2.1684e-19)
(21.33 0.0917516 0)
(20.951 0.1562 0)
(21.1837 0.102762 0)
(19.1262 -7.3633e-34 6.42585e-36)
(21.1007 0.144339 0)
(21.0171 0.0605595 0)
(21.0081 0.0680665 -6.77626e-21)
(20.7194 0.355916 1.89735e-19)
(20.8503 0.025631 -6.77626e-21)
(20.9315 0.0519497 2.71051e-20)
(20.7357 0.301841 -1.6263e-19)
(20.8565 0.175631 8.13152e-20)
(20.8862 0.063158 0)
(20.517 0.43581 1.0842e-19)
(20.587 0.102802 0)
(20.5471 0.152432 5.42101e-20)
(20.5643 0.0457993 0)
(20.467 0.223792 1.0842e-19)
(20.4559 0.251771 0)
(20.3846 0.0125143 -1.69407e-21)
(20.4388 0.136484 -1.27055e-19)
(20.2095 0.51006 0)
(20.325 0.0805044 0)
(20.1501 0.14024 1.0842e-19)
(20.0275 0.0227255 -1.35525e-20)
(19.9616 0.00798257 0)
(19.9682 0.297026 -1.0842e-19)
(20.0015 0.211293 -1.0842e-19)
(19.9085 0.295834 5.42101e-20)
(19.9418 0.0677098 2.71051e-20)
(19.8569 0.0733325 0)
(19.7759 0.212831 -6.77626e-21)
(19.7783 0.131263 0)
(19.6175 0.38033 0)
(19.6905 0.130633 5.42101e-20)
(19.1082 -7.3785e-34 6.43912e-36)
(19.6006 0.554217 0)
(19.6011 0.368696 0)
(19.6325 0.0961798 6.77626e-21)
(19.5956 0.221486 0)
(19.5826 0.160661 0)
(19.4336 0.00288242 0)
(19.5008 0.146395 -5.42101e-20)
(19.3151 0.0146037 1.69407e-21)
(19.2905 0.0138844 0)
(19.411 0.157695 0)
(19.3394 0.215272 0)
(26.6589 -9.79126e-35 8.54471e-37)
(26.1699 -1.39357e-34 1.21615e-36)
(27.6113 4.31401e-32 3.76778e-34)
(28.4805 1.96901e-155 -1.71833e-157)
(26.084 -1.46635e-34 1.27966e-36)
(27.4609 -2.99418e-35 2.61298e-37)
(29.7278 3.06707e-155 -2.67659e-157)
(28.7396 7.33911e-48 -6.40475e-50)
(25.8788 -1.64031e-34 1.43148e-36)
(26.5235 -1.09388e-34 9.54614e-37)
(25.9819 -1.55291e-34 1.35521e-36)
(28.5502 2.36873e-47 2.06716e-49)
(27.2183 -5.05022e-35 4.40726e-37)
(25.7902 -1.71536e-34 1.49697e-36)
(25.8245 -1.68634e-34 1.47165e-36)
(27.3077 -4.29256e-35 3.74606e-37)
(26.0858 -1.46486e-34 1.27837e-36)
(27.8595 2.03394e-29 1.77499e-31)
(29.0758 3.18285e-155 2.77763e-157)
(28.0456 2.27448e-132 -1.98491e-134)
(25.7448 1.87386e-30 1.6356e-32)
(26.0033 -1.53474e-34 1.33935e-36)
(26.1987 -1.36914e-34 1.19483e-36)
(27.0287 -6.65715e-35 5.8096e-37)
(28.3269 5.32103e-156 4.64359e-158)
(27.0922 -6.11891e-35 5.33989e-37)
(27.4542 -3.05069e-35 2.6623e-37)
(26.9522 -7.30571e-35 6.3756e-37)
(26.8483 -8.18584e-35 7.14367e-37)
(27.833 2.87079e-155 2.5053e-157)
(28.6224 8.63184e-156 7.53289e-158)
(26.6097 -1.02086e-34 8.90889e-37)
(26.5482 -1.0729e-34 9.36308e-37)
(26.8011 -8.58586e-35 7.49276e-37)
(27.9998 1.52042e-29 1.32685e-31)
(29.6613 1.038e-95 -9.05851e-98)
(29.145 7.52256e-31 -6.56484e-33)
(27.1908 -5.28296e-35 4.61037e-37)
(25.5405 2.58489e-30 2.25614e-32)
(29.198 4.21348e-156 -3.67705e-158)
(25.5771 -1.89598e-34 1.6546e-36)
(25.9168 -1.60806e-34 1.40333e-36)
(28.315 3.67421e-156 3.20643e-158)
(27.0122 -6.7968e-35 5.93148e-37)
(29.5677 7.17913e-96 -6.26513e-98)
(29.6236 1.30909e-113 1.14242e-115)
(25.4874 -1.97203e-34 1.72096e-36)
(28.692 1.46932e-95 -1.28226e-97)
(26.7711 -8.84002e-35 7.71457e-37)
(29.1461 2.61795e-118 -2.28465e-120)
(26.1559 -1.40539e-34 1.22646e-36)
(28.7633 9.34291e-156 -8.15344e-158)
(26.8411 -8.24738e-35 7.19738e-37)
(28.9182 1.39346e-30 -1.21606e-32)
(26.4249 -1.17746e-34 1.02755e-36)
(27.806 -6.93791e-37 6.05462e-39)
(28.9228 1.49211e-156 1.30214e-158)
(28.1834 2.79243e-96 2.43692e-98)
(29.7483 1.15776e-36 -1.01036e-38)
(26.0741 -1.47477e-34 1.28701e-36)
(28.8143 5.7531e-31 -5.02065e-33)
(26.9274 -7.51552e-35 6.55869e-37)
(27.8311 1.16769e-58 -1.01903e-60)
(27.8889 1.97299e-96 -1.7218e-98)
(28.4375 5.71675e-48 4.98893e-50)
(25.8627 -1.65391e-34 1.44335e-36)
(26.3139 -1.27149e-34 1.10961e-36)
(28.0261 7.7783e-48 -6.78802e-50)
(25.3309 1.18097e-20 1.03062e-22)
(26.0044 -1.53381e-34 1.33853e-36)
(25.3059 -2.12578e-34 1.85514e-36)
(25.3481 -2.09005e-34 1.82396e-36)
(25.4458 -2.00726e-34 1.75171e-36)
(26.6981 -9.39164e-35 8.31285e-37)
(25.6171 -1.86205e-34 1.62499e-36)
(28.2301 2.87085e-132 -2.50536e-134)
(27.6867 -1.08024e-35 9.42708e-38)
(25.9642 -1.56787e-34 1.36826e-36)
(25.2702 -2.1561e-34 1.8816e-36)
(26.9984 -6.91382e-35 6.0336e-37)
(29.5662 8.37777e-156 7.31117e-158)
(26.0947 -1.4573e-34 1.27177e-36)
(28.7633 2.75887e-96 2.40763e-98)
(27.2104 -5.11674e-35 4.46531e-37)
(26.6395 -9.95581e-35 8.6883e-37)
(25.1979 -2.21731e-34 1.93502e-36)
(25.9545 -1.57612e-34 1.37546e-36)
(26.856 -8.12036e-35 7.08653e-37)
(28.1288 5.32512e-49 -4.64717e-51)
(26.0762 -1.43475e-34 1.25208e-36)
(25.3526 -2.08622e-34 1.82062e-36)
(26.4283 -1.17453e-34 1.02499e-36)
(28.4122 1.092e-141 -9.52977e-144)
(26.9947 -6.86317e-35 6.13216e-37)
(25.1568 -2.25222e-34 1.96548e-36)
(25.1575 -2.25157e-34 1.96492e-36)
(25.1556 -2.25324e-34 1.96637e-36)
(29.4868 6.4409e-154 -5.62089e-156)
(25.1573 2.96359e-29 2.58633e-31)
(29.3751 1.28961e-155 1.12543e-157)
(25.3592 -2.08064e-34 1.81575e-36)
(25.1431 -2.26383e-34 1.97562e-36)
(25.6253 -1.85516e-34 1.61897e-36)
(27.991 8.54052e-34 -7.4532e-36)
(25.7027 -1.78954e-34 1.56171e-36)
(27.1558 -5.57953e-35 4.86918e-37)
(25.1793 -2.23313e-34 1.94882e-36)
(27.0204 -6.58698e-35 5.99345e-37)
(29.7457 8.5351e-113 7.44847e-115)
(29.0741 7.3331e-53 -6.3995e-55)
(25.3742 -2.06794e-34 1.80467e-36)
(27.6553 -1.34613e-35 1.17475e-37)
(26.6108 4.04837e-31 -3.53296e-33)
(25.1058 -2.29539e-34 2.00316e-36)
(29.5079 5.8847e-84 5.1355e-86)
(29.7954 2.77001e-156 -2.41736e-158)
(28.2169 1.4345e-156 -1.25187e-158)
(25.1019 -2.29874e-34 2.00608e-36)
(28.8915 2.69289e-119 2.35005e-121)
(27.47 4.60578e-29 -4.0194e-31)
(29.3382 7.41929e-48 6.47472e-50)
(28.838 2.40536e-96 2.09913e-98)
(25.0338 -2.35648e-34 2.05646e-36)
(28.9773 4.82408e-148 4.20991e-150)
(25.0541 -2.33919e-34 2.04138e-36)
(28.0108 1.14199e-155 -9.966e-158)
(25.0083 -2.37806e-34 2.07531e-36)
(25.109 5.0497e-34 8.40841e-36)
(26.4659 -1.14266e-34 9.97186e-37)
(28.7247 8.84804e-156 7.72157e-158)
(28.7175 2.23591e-95 -1.95125e-97)
(26.7525 -8.99771e-35 7.85218e-37)
(28.0168 1.04413e-139 -9.11199e-142)
(25.5452 -1.92299e-34 1.67817e-36)
(28.3218 5.76275e-156 -5.02907e-158)
(26.8753 -7.61194e-35 7.24573e-37)
(24.9484 -2.42883e-34 2.11961e-36)
(27.1385 -5.72693e-35 4.99781e-37)
(24.9318 6.02597e-31 -5.25879e-33)
(25.0094 -2.37714e-34 2.0745e-36)
(26.4827 -1.12844e-34 9.84775e-37)
(28.6294 1.01689e-139 -8.87422e-142)
(27.0997 -6.05568e-35 5.28471e-37)
(25.7018 -1.79031e-34 1.56238e-36)
(24.8853 -2.48231e-34 2.16628e-36)
(26.622 -1.01041e-34 8.81771e-37)
(28.5189 2.95128e-155 -2.57554e-157)
(24.8855 3.17798e-30 2.77382e-32)
(25.4899 -1.96991e-34 1.71911e-36)
(27.8278 3.09604e-59 2.70187e-61)
(27.1992 -5.21201e-35 4.54845e-37)
(28.1864 1.77922e-156 -1.5527e-158)
(25.0088 -2.37763e-34 2.07492e-36)
(25.4132 -2.03489e-34 1.77582e-36)
(29.3638 3.07619e-68 2.68455e-70)
(28.9239 2.00984e-155 -1.75396e-157)
(25.379 -2.06388e-34 1.80112e-36)
(25.11 -2.11941e-34 2.15058e-36)
(26.1741 -1.39002e-34 1.21305e-36)
(26.6125 1.82149e-30 1.58977e-32)
(24.8305 -2.52876e-34 2.20681e-36)
(24.8192 -2.53831e-34 2.21515e-36)
(28.1674 1.5e-155 -1.30903e-157)
(28.7741 3.54534e-119 -3.09397e-121)
(28.6105 6.28161e-156 -5.48187e-158)
(26.026 -1.51555e-34 1.3226e-36)
(27.9467 1.04882e-139 9.15292e-142)
(26.4569 -1.15028e-34 1.00384e-36)
(26.9059 -7.60041e-35 6.80281e-37)
(27.0545 8.26506e-29 7.21282e-31)
(24.7897 -2.56328e-34 2.23694e-36)
(29.3414 1.63045e-22 -1.42287e-24)
(28.3359 1.49096e-154 -1.30114e-156)
(25.8504 -1.66434e-34 1.45245e-36)
(28.9844 8.34353e-120 -7.28129e-122)
(24.7938 -2.55981e-34 2.23391e-36)
(29.1964 1.26666e-22 -1.1054e-24)
(24.7666 -2.58287e-34 2.25404e-36)
(26.5079 -1.10712e-34 9.6617e-37)
(25.953 -1.57741e-34 1.37659e-36)
(26.8474 1.17939e-29 -1.02924e-31)
(24.7309 -2.61312e-34 2.28043e-36)
(26.4881 -1.12387e-34 9.8079e-37)
(24.7345 -2.58389e-34 2.25493e-36)
(26.3746 -1.22004e-34 1.06472e-36)
(25.9473 -1.58221e-34 1.38077e-36)
(28.6553 1.04689e-139 -9.13608e-142)
(27.4118 -3.41024e-35 2.97607e-37)
(27.2147 -5.08111e-35 4.43421e-37)
(24.7003 -2.6391e-34 2.30311e-36)
(27.6373 -1.49885e-35 1.30803e-37)
(27.8915 1.26886e-106 -1.10732e-108)
(24.7023 -2.63742e-34 2.30164e-36)
(27.4066 -3.4541e-35 3.01435e-37)
(25.765 4.80813e-31 -4.19599e-33)
(28.2571 7.92998e-117 -6.92039e-119)
(24.6816 -2.65494e-34 2.31694e-36)
(24.6732 -2.66204e-34 2.32312e-36)
(24.7023 -2.63742e-34 2.30164e-36)
(28.5488 1.48836e-48 1.29887e-50)
(27.6816 -1.12352e-35 9.80484e-38)
(25.9595 -1.57188e-34 1.37176e-36)
(24.6497 -2.68195e-34 2.3405e-36)
(25.275 -2.15202e-34 1.87804e-36)
(25.8238 -1.68689e-34 1.47213e-36)
(26.4228 -1.17926e-34 1.02913e-36)
(24.6283 2.78513e-29 2.43059e-31)
(26.773 -8.82414e-35 7.70071e-37)
(27.5144 -2.54036e-35 2.21693e-37)
(29.0857 1.13183e-69 -9.8773e-72)
(27.7243 -7.61324e-36 6.64397e-38)
(24.7654 2.79718e-32 2.48616e-34)
(27.3377 -4.03789e-35 3.52382e-37)
(26.2998 -1.2835e-34 1.1201e-36)
(28.3021 9.19214e-156 8.02186e-158)
(28.6162 9.30658e-23 8.12173e-25)
(24.5816 -2.73969e-34 2.39089e-36)
(29.3584 1.0387 0)
(29.3738 0.915992 -2.1684e-19)
(25.1034 -2.29746e-34 2.00496e-36)
(29.1773 0.804229 -4.33681e-19)
(29.5686 0.986774 1.0842e-19)
(28.8899 1.38222 0)
(28.6882 0.985078 0)
(26.0048 -1.53345e-34 1.33822e-36)
(29.7964 0.254614 -5.42101e-20)
(29.544 0.427868 1.0842e-19)
(29.7609 0.409218 0)
(28.4185 9.06739e-48 -7.91299e-50)
(29.7791 0.148972 0)
(29.6472 2.8808e-88 2.51404e-90)
(29.6513 0.121124 -5.42101e-20)
(29.5847 0.247216 0)
(29.65 0.0486165 -2.71051e-20)
(29.6993 0.206537 0)
(29.5881 0.174303 8.13152e-20)
(29.6302 0.000493823 0)
(29.5188 0.620257 -4.33681e-19)
(29.5533 0.223149 -1.0842e-19)
(28.7594 0.662957 4.33681e-19)
(28.5677 0.794571 -4.33681e-19)
(29.0113 0.398537 2.1684e-19)
(29.1871 0.308766 0)
(29.4343 0.0968191 6.77626e-21)
(29.4187 0.0644705 0)
(29.2919 0.245906 -2.1684e-19)
(29.0228 0.378031 -2.1684e-19)
(29.3345 0.03895 -2.71051e-20)
(29.1103 0.518249 0)
(29.2084 0.18218 0)
(28.9804 0.395201 0)
(29.2553 0.0472926 -8.47033e-22)
(29.2867 0.197747 1.35525e-19)
(24.7409 -2.60467e-34 2.27306e-36)
(27.349 -3.94228e-35 3.44038e-37)
(29.0623 0.0755658 -5.42101e-20)
(26.8209 -8.41816e-35 7.34642e-37)
(28.2659 0.657664 0)
(28.7581 0.321552 0)
(28.6412 0.269378 1.18585e-20)
(28.6895 0.119107 2.71051e-20)
(28.4726 0.362678 0)
(28.3291 0.550181 2.1684e-19)
(28.408 0.327243 0)
(28.5984 0.175659 -5.42101e-20)
(28.0534 0.584806 0)
(28.4521 0.20851 0)
(28.1691 0.371639 -2.1684e-19)
(27.9966 0.477215 -2.71051e-20)
(27.9055 0.407274 0)
(27.9606 0.350705 0)
(27.5007 0.819061 4.33681e-19)
(27.9921 0.222201 0)
(28.0224 0.202466 1.0842e-19)
(27.9885 0.467024 -2.1684e-19)
(27.9006 0.486014 0)
(28.0212 0.189666 -2.71051e-20)
(27.9922 0.0478371 0)
(28.0291 0.0375351 -3.38813e-21)
(28.0306 0.0431313 -6.77626e-21)
(27.9475 0.139256 5.42101e-20)
(27.1371 0.865771 1.35525e-20)
(27.8147 0.00102788 0)
(27.8117 0.0219223 0)
(27.4415 0.224302 0)
(27.814 0.498567 2.1684e-19)
(27.7139 0.158966 4.06576e-20)
(27.7508 0.0987313 0)
(27.0882 0.716423 0)
(27.6571 0.0185944 0)
(27.7067 0.0554233 2.71051e-20)
(27.5919 0.144716 2.71051e-20)
(27.5597 0.0938808 -5.42101e-20)
(27.33 0.324894 0)
(27.5654 0.272567 -1.0842e-19)
(27.44 0.3721 -2.1684e-19)
(27.4221 0.308656 0)
(27.4383 0.211956 8.97855e-20)
(27.3548 0.0799521 6.09864e-20)
(27.3237 0.259636 -1.0842e-19)
(27.335 0.03379 0)
(26.8298 1.52197 1.0842e-19)
(27.2047 0.198187 0)
(27.1842 0.254541 -1.0842e-19)
(27.1664 0.147149 -5.42101e-20)
(27.0649 0.27962 0)
(27.1846 0.076523 2.71051e-20)
(26.9002 0.223427 -9.48677e-20)
(26.9515 0.132349 2.71051e-20)
(26.7271 0.337009 0)
(26.3989 0.616304 -8.13152e-20)
(26.7765 0.138795 0)
(26.7134 0.156933 -5.42101e-20)
(26.4328 0.56101 -2.1684e-19)
(26.7855 0.0509845 -2.71051e-20)
(26.6654 0.0110429 1.69407e-21)
(26.6034 0.1595 0)
(25.2914 -2.13808e-34 1.86588e-36)
(26.5325 0.013922 4.23516e-21)
(26.4957 0.327936 -1.0842e-19)
(26.3683 0.0776689 0)
(26.3243 0.13123 0)
(26.3061 0.0278009 -1.35525e-20)
(26.2153 0.308376 -2.1684e-19)
(26.2898 0.0860807 0)
(26.1981 0.126897 0)
(26.0252 0.383505 3.79471e-19)
(25.9839 0.199012 -2.71051e-20)
(25.9699 0.0649541 -1.35525e-20)
(25.7374 0.51689 2.1684e-19)
(25.8247 0.254146 0)
(25.4938 -1.96653e-34 1.71617e-36)
(25.5818 0.232926 0)
(25.6023 0.119353 -2.71051e-20)
(25.619 0.0581852 0)
(25.3529 0.647319 -5.42101e-20)
(25.4589 0.249893 -1.0842e-19)
(25.4248 0.372583 0)
(25.3941 0.385517 -9.48677e-20)
(25.3391 0.447105 -1.49078e-19)
(25.3729 0.128391 -2.71051e-20)
(25.1711 0.712714 -1.0842e-19)
(25.3123 0.166634 -2.71051e-20)
(25.297 0.0557235 -1.35525e-20)
(25.2558 0.124607 0)
(25.232 0.0355351 0)
(25.1988 0.0659669 6.77626e-21)
(25.1866 0.134195 -2.71051e-20)
(25.1535 0.156163 0)
(25.1597 0.108231 -5.42101e-20)
(25.1596 0.00313717 0)
(25.1828 0.137525 -5.42101e-20)
(25.0023 0.453728 1.0842e-19)
(24.9158 0.0266872 6.77626e-21)
(24.9254 0.0693861 2.71051e-20)
(24.8269 0.187477 0)
(24.7716 0.272658 0)
(24.7842 0.00931149 -8.47033e-22)
(24.7209 0.302365 0)
(24.6559 0.280044 2.1684e-19)
(24.5063 -2.80349e-34 2.44657e-36)
(24.5482 0.0222908 0)
(31.8774 5.16611e-155 4.5084e-157)
(36.1788 6.73096e-156 -5.87402e-158)
(34.1616 1.41497e-155 -1.23483e-157)
(35.0653 1.10497e-154 -9.64294e-157)
(31.9701 1.45255e-53 1.26762e-55)
(32.4976 3.85372e-68 3.36309e-70)
(35.2596 3.35404e-155 -2.92703e-157)
(32.1751 6.97792e-31 -6.08954e-33)
(31.1312 2.55099e-21 -2.22622e-23)
(34.3794 6.41102e-96 -5.59481e-98)
(31.1355 1.92863e-21 -1.68309e-23)
(30.9122 2.37133e-156 2.06943e-158)
(32.6893 2.72334e-30 2.37662e-32)
(35.9488 8.0524e-59 7.02722e-61)
(33.3454 1.26215e-126 -1.10146e-128)
(32.1548 3.42691e-68 -2.99062e-70)
(36.6408 1.1131e-155 -9.71385e-158)
(32.0852 4.51404e-30 -3.93934e-32)
(34.101 1.2172e-68 -1.06223e-70)
(33.4988 3.88336e-126 3.38896e-128)
(36.1602 2.98984e-68 2.60919e-70)
(35.9088 2.43133e-155 2.12179e-157)
(35.3606 6.00598e-120 5.24134e-122)
(34.8556 4.08222e-157 -3.5625e-159)
(31.7971 1.00868e-30 8.80266e-33)
(33.5746 3.50442e-31 -3.05826e-33)
(32.3018 7.386e-69 6.44567e-71)
(34.5723 6.66822e-155 -5.81927e-157)
(33.277 1.86471e-156 1.62731e-158)
(34.3567 1.22034e-155 -1.06497e-157)
(33.6908 8.12258e-70 7.08846e-72)
(36.3411 3.1443e-68 2.74399e-70)
(30.7623 1.02678e-154 8.96058e-157)
(32.5226 9.21243e-155 -8.03957e-157)
(33.8737 5.14765e-68 4.49229e-70)
(33.6528 1.65283e-155 -1.4424e-157)
(36.7232 2.47912e-68 -2.16349e-70)
(35.7892 7.39678e-155 -6.45507e-157)
(35.0063 9.24189e-156 8.06528e-158)
(32.6889 1.47523e-68 -1.28741e-70)
(34.7482 1.62448e-156 1.41766e-158)
(35.3479 5.63511e-32 4.91768e-34)
(31.5406 4.33849e-155 -3.78614e-157)
(33.4327 1.13467e-69 9.90208e-72)
(33.4864 4.85662e-69 4.23831e-71)
(36.7983 1.26325e-156 -1.10242e-158)
(35.3801 6.78585e-31 5.92192e-33)
(35.5025 6.42383e-32 5.60599e-34)
(32.0401 7.04687e-30 6.14971e-32)
(31.9788 2.16884e-126 -1.89271e-128)
(31.7692 1.28572e-30 -1.12203e-32)
(31.0507 2.3084e-105 -2.01451e-107)
(36.8543 3.87762e-69 -3.38395e-71)
(36.5147 1.4663e-68 1.27962e-70)
(36.1593 7.16863e-156 6.25597e-158)
(32.8781 1.72152e-154 1.50235e-156)
(34.0834 1.44827e-53 -1.26389e-55)
(36.9105 4.06368e-156 -3.54632e-158)
(34.4545 2.6505e-36 2.31305e-38)
(33.5022 2.43233e-155 -2.12266e-157)
(33.3098 2.13478e-68 1.86299e-70)
(33.093 6.2476e-119 5.45219e-121)
(36.3577 1.63304e-68 1.42514e-70)
(31.198 2.64835e-144 -2.31118e-146)
(36.1164 1.77013e-67 -1.54477e-69)
(34.0486 8.5666e-69 7.47596e-71)
(35.2507 1.44394e-155 -1.26011e-157)
(33.6981 3.52435e-156 -3.07566e-158)
(30.452 2.74465e-155 -2.39522e-157)
(32.0323 4.00471e-155 3.49485e-157)
(32.8238 1.46688e-156 -1.28013e-158)
(32.2133 1.92772e-69 -1.6823e-71)
(35.1602 3.39719e-37 2.96468e-39)
(31.0202 4.43213e-155 3.86786e-157)
(32.7701 6.57359e-119 5.73669e-121)
(32.0695 3.94245e-119 3.44052e-121)
(36.2776 8.25361e-157 7.20282e-159)
(36.023 1.14605e-58 -1.00015e-60)
(35.7996 3.99306e-59 3.48469e-61)
(31.6896 5.51271e-30 4.81087e-32)
(34.4656 1.17415e-155 -1.02467e-157)
(35.7127 5.1143e-147 4.46319e-149)
(31.6858 2.00374e-149 -1.74864e-151)
(31.4598 2.29221e-96 2.00039e-98)
(32.8293 6.54638e-48 5.71294e-50)
(31.6514 2.51624e-47 -2.19589e-49)
(32.6353 2.8513e-155 -2.48829e-157)
(34.3457 4.64345e-36 -4.05228e-38)
(30.7026 9.04735e-97 -7.89551e-99)
(34.0288 4.23589e-31 3.6966e-33)
(34.4765 2.47278e-37 -2.15796e-39)
(32.2668 2.25643e-96 -1.96916e-98)
(35.2011 2.08713e-151 1.82141e-153)
(33.2859 4.551e-119 3.9716e-121)
(31.2974 8.53303e-156 -7.44667e-158)
(36.094 3.6953e-156 -3.22484e-158)
(34.9031 1.06392e-150 9.28472e-153)
(36.3269 2.58058e-53 2.25204e-55)
(33.8183 4.61554e-48 4.02792e-50)
(35.2518 9.45708e-156 -8.25307e-158)
(30.5419 5.20068e-36 -4.53857e-38)
(32.0672 9.90532e-119 8.64424e-121)
(33.9541 1.7373e-133 1.51612e-135)
(30.3279 2.86126e-151 -2.49699e-153)
(33.7931 5.16758e-31 4.50968e-33)
(35.1581 5.92121e-155 5.16736e-157)
(30.8553 4.91385e-48 4.28825e-50)
(35.3475 5.23706e-96 4.57031e-98)
(36.7026 5.26634e-119 4.59586e-121)
(33.4176 1.5822e-52 -1.38077e-54)
(35.5518 4.28569e-59 -3.74006e-61)
(34.7497 3.33048e-97 2.90647e-99)
(30.4513 9.92348e-152 8.66009e-154)
(36.9005 7.34519e-156 -6.41005e-158)
(33.9177 1.09209e-155 -9.53052e-158)
(30.6394 2.65659e-29 -2.31837e-31)
(33.9506 5.52874e-69 -4.82486e-71)
(31.2858 8.45449e-156 -7.37812e-158)
(30.3716 1.81726e-144 1.5859e-146)
(36.6033 1.76175e-155 -1.53745e-157)
(35.1773 2.47841e-113 2.16288e-115)
(31.5304 2.71705e-155 -2.37113e-157)
(30.8072 1.95291e-155 1.70428e-157)
(30.9909 1.75929e-155 1.53531e-157)
(31.5994 1.44882e-155 -1.26437e-157)
(35.817 3.45479e-156 3.01495e-158)
(34.2659 2.51029e-119 -2.1907e-121)
(31.61 5.58685e-53 -4.87557e-55)
(32.9696 8.35869e-33 7.29452e-35)
(31.4324 9.01489e-120 7.86717e-122)
(32.3961 2.30217e-22 -2.00908e-24)
(33.7698 1.04603e-125 9.12856e-128)
(36.5456 2.50453e-119 -2.18567e-121)
(30.7804 6.35745e-34 -5.54806e-36)
(33.8223 4.33416e-151 -3.78237e-153)
(36.1728 6.08663e-68 -5.31172e-70)
(30.8132 1.08104e-155 9.43408e-158)
(30.1587 8.46134e-31 7.3841e-33)
(31.1007 1.41322e-155 -1.2333e-157)
(33.4843 6.54146e-119 5.70865e-121)
(31.2235 2.83276e-155 2.47211e-157)
(32.9844 5.87796e-156 -5.12962e-158)
(33.1104 1.09789e-155 9.58117e-158)
(36.7021 2.59232e-155 2.26228e-157)
(33.5348 2.92508e-53 -2.55268e-55)
(30.618 4.08814e-33 -3.56767e-35)
(30.1344 7.98722e-156 -6.97034e-158)
(36.9687 1.25236e-32 -1.09292e-34)
(34.6097 2.97636e-155 2.59743e-157)
(34.9757 7.30136e-38 6.3718e-40)
(30.4235 1.59006e-113 -1.38763e-115)
(32.6559 8.11291e-149 -7.08003e-151)
(31.7556 2.68915e-156 2.34679e-158)
(36.7656 1.11508e-113 9.73118e-116)
(31.2426 1.6598e-150 1.44849e-152)
(34.3735 5.22371e-96 4.55866e-98)
(35.7163 4.62396e-33 -4.03527e-35)
(32.4698 2.75747e-155 -2.40641e-157)
(33.081 7.0256e-157 -6.13115e-159)
(30.511 2.41067e-155 -2.10376e-157)
(34.2764 1.94253e-144 -1.69522e-146)
(31.7098 4.60694e-96 4.02041e-98)
(35.7726 1.8082e-68 1.57799e-70)
(30.0496 4.88037e-38 4.25904e-40)
(33.4485 1.85908e-95 -1.62239e-97)
(32.3893 1.40377e-155 -1.22505e-157)
(30.029 1.56774e-156 -1.36815e-158)
(36.968 1.49427e-54 -1.30403e-56)
(33.782 6.75061e-96 -5.89117e-98)
(34.8418 5.92706e-155 5.17247e-157)
(34.2804 2.55097e-155 -2.2262e-157)
(34.1224 9.80525e-120 -8.55691e-122)
(35.5018 2.57159e-128 2.24419e-130)
(29.9913 6.58324e-155 -5.74511e-157)
(33.3872 7.60018e-68 6.63257e-70)
(35.9082 5.32644e-157 -4.64832e-159)
(31.4021 2.94227e-58 2.56768e-60)
(30.3868 8.78179e-155 -7.66375e-157)
(36.2646 1.54329e-156 -1.34681e-158)
(34.7072 8.25939e-114 -7.20786e-116)
(32.01 4.12035e-31 3.59578e-33)
(34.7847 9.68117e-155 -8.44863e-157)
(31.5837 1.93945e-118 1.69253e-120)
(29.9522 9.89078e-156 -8.63155e-158)
(36.6329 1.72663e-54 -1.50681e-56)
(31.4662 2.80543e-119 -2.44826e-121)
(29.9272 2.98441e-155 2.60446e-157)
(32.9852 7.50187e-113 -6.54679e-115)
(34.1387 1.70518e-31 -1.48809e-33)
(36.7007 4.38726e-35 -3.8287e-37)
(30.0825 2.65359e-155 2.31576e-157)
(32.1121 1.86742e-118 1.62968e-120)
(36.1294 5.35706e-68 -4.67504e-70)
(36.299 2.15179 4.33681e-19)
(30.6371 3.2063e-96 -2.7981e-98)
(37.2859 0.454692 -2.1684e-19)
(36.9377 0.440858 -1.0842e-19)
(36.6478 0.511359 1.0842e-19)
(37.2601 0.463179 5.42101e-20)
(37.0109 0.325161 -2.1684e-19)
(36.1302 1.03574 4.33681e-19)
(37.1048 0.323055 1.0842e-19)
(36.845 0.2885 0)
(36.442 0.718347 2.1684e-19)
(36.2342 0.814317 -4.33681e-19)
(36.9714 0.118395 -5.42101e-20)
(37.0007 0.0906989 0)
(36.7508 0.0300098 -6.77626e-21)
(36.7814 0.239406 0)
(36.0676 0.631867 -2.98156e-19)
(36.6868 0.0939488 0)
(36.6947 0.00227141 0)
(36.3379 0.312624 1.21973e-19)
(36.2576 0.518919 -2.1684e-19)
(36.0365 0.329303 -1.35525e-20)
(35.9963 0.530503 4.33681e-19)
(36.4379 0.158162 -5.42101e-20)
(32.4969 9.15761e-156 7.99172e-158)
(35.9427 0.440584 0)
(36.4591 0.289874 -1.0842e-19)
(36.0902 0.202247 0)
(35.582 0.614781 0)
(35.3422 0.852309 -2.1684e-19)
(29.8775 2.70512e-155 -2.36072e-157)
(36.1667 0.0770888 -5.42101e-20)
(36.1638 0.121181 2.71051e-20)
(36.1411 0.0921469 2.71051e-20)
(36.0146 0.0927699 -2.71051e-20)
(35.6563 0.529619 -2.1684e-19)
(34.7042 4.74284e-114 4.13902e-116)
(36.1161 0.0974121 0)
(35.5584 0.961576 6.09864e-20)
(36.0038 0.139248 5.42101e-20)
(35.9387 0.143967 1.6263e-19)
(35.9131 0.156031 8.13152e-20)
(36.1849 0.0223792 -1.35525e-20)
(35.8548 0.232725 0)
(34.7429 1.10779 -2.1684e-19)
(35.1574 0.743609 0)
(35.7911 0.278651 -2.71051e-20)
(35.3505 0.580494 1.0842e-19)
(35.7848 0.0793644 0)
(35.739 0.181765 -2.71051e-20)
(35.6336 0.0384209 1.35525e-20)
(34.9301 0.929949 0)
(35.1238 0.6138 -4.33681e-19)
(35.5544 0.154884 -2.71051e-20)
(35.4087 0.0330644 1.35525e-20)
(35.4289 0.230718 -1.0842e-19)
(35.4635 0.0435569 -1.35525e-20)
(35.3653 0.43125 3.19755e-20)
(35.2876 0.381001 -5.42101e-20)
(34.9137 0.735457 0)
(35.2259 0.255873 0)
(34.3048 1.09725 -8.67362e-19)
(35.1817 0.25961 -2.1684e-19)
(34.5326 0.746603 1.76183e-19)
(35.1542 0.274973 1.0842e-19)
(34.9808 0.333786 5.42101e-20)
(35.0705 0.238488 5.42101e-20)
(34.9117 0.285386 5.42101e-20)
(35.0098 0.11839 0)
(34.5516 0.776238 0)
(33.494 2.76961e-69 2.41701e-71)
(34.4974 0.65695 0)
(34.6572 0.457583 -1.6263e-19)
(34.9812 0.077839 -5.42101e-20)
(34.5439 0.477729 -1.0842e-19)
(30.02 2.23444e-113 -1.94997e-115)
(34.8378 0.0121242 0)
(34.3751 0.224715 -1.0842e-19)
(34.6267 0.0837646 1.35525e-20)
(34.403 0.358676 0)
(34.2604 0.42594 2.1684e-19)
(34.4015 0.153715 1.35525e-20)
(34.3815 0.353872 0)
(34.2173 0.148422 1.01644e-20)
(34.3356 0.440054 -2.1684e-19)
(34.0345 0.67825 0)
(34.4401 0.00802016 4.23516e-21)
(34.239 0.389247 1.35525e-20)
(34.1969 0.293192 -3.38813e-20)
(34.4305 0.206782 0)
(34.3101 0.182446 0)
(34.3121 0.0829106 1.69407e-20)
(34.3324 0.0473871 0)
(34.3203 0.0269385 1.35525e-20)
(34.3326 0.182061 -5.42101e-20)
(34.3564 0.0261464 0)
(34.1412 0.00538586 -3.44107e-22)
(33.7281 0.706457 -2.1684e-19)
(34.0093 0.323404 0)
(34.1185 0.105728 -1.35525e-20)
(33.817 0.474678 -2.1684e-19)
(34.0858 0.0183137 0)
(33.8939 0.353112 -2.1684e-19)
(34.0762 0.0320898 0)
(34.0991 0.346615 1.0842e-19)
(33.9601 0.020198 -3.38813e-21)
(33.746 0.177667 3.89635e-20)
(33.3256 0.429014 -2.1684e-19)
(33.6745 0.280328 5.42101e-20)
(33.3675 0.612088 2.1684e-19)
(33.65 0.180636 0)
(33.4919 0.459682 0)
(33.4956 0.230838 1.69407e-21)
(33.4189 0.683265 0)
(33.0941 0.688836 0)
(33.1885 1.45027e-57 -1.26563e-59)
(33.4711 0.20096 0)
(33.1539 0.439373 -1.35525e-19)
(32.8537 0.668602 0)
(33.1299 0.375473 -3.25261e-19)
(33.1505 0.0395913 -3.01755e-21)
(32.8196 0.746128 0)
(33.1426 0.0464288 0)
(32.6609 4.94498e-156 4.31542e-158)
(33.0135 0.26359 -1.0842e-19)
(33.091 0.0372046 6.77626e-21)
(33.1096 0.176855 6.11981e-20)
(32.6366 0.677019 -2.1684e-19)
(32.8994 0.0568983 -6.77626e-21)
(32.6612 0.50406 -1.35525e-20)
(32.793 0.200693 0)
(29.8365 4.9665e-155 -4.3342e-157)
(32.5055 0.480173 2.1684e-19)
(32.7057 0.145517 1.37643e-20)
(32.4765 0.643988 0)
(32.5297 0.063245 0)
(32.7242 0.0196014 3.38813e-21)
(32.1447 0.784225 -2.1684e-19)
(32.3586 0.149871 2.03288e-20)
(32.4239 0.256285 -1.0842e-19)
(32.4108 0.0496563 0)
(32.5792 0.0259636 -6.77626e-21)
(32.3834 0.140625 0)
(32.2348 0.190165 1.0842e-19)
(32.2148 0.378229 2.1684e-19)
(32.0141 0.549888 0)
(32.1946 0.0344219 -1.35525e-20)
(31.9921 0.462189 0)
(29.8283 1.95511e-151 1.7062e-153)
(32.0827 0.142385 0)
(32.0791 0.217065 5.42101e-20)
(32.0163 0.333133 -2.1684e-19)
(32.0602 0.157766 0)
(32.0007 0.0376325 -1.35525e-20)
(31.976 0.234619 -2.71051e-20)
(31.9678 0.022511 -6.77626e-21)
(31.7731 0.776908 1.0842e-19)
(31.6979 0.293957 -1.6263e-19)
(31.6593 0.295532 0)
(31.7187 0.120266 -1.0842e-19)
(31.7384 0.0225955 -1.82112e-20)
(31.7803 0.024108 -3.38813e-21)
(31.4755 0.559312 0)
(31.6054 0.0387768 0)
(31.6061 0.160642 1.0842e-19)
(31.5544 0.0598145 0)
(31.5081 0.0822757 2.71051e-20)
(31.4213 0.538994 1.0842e-19)
(31.5263 0.0736531 0)
(31.4595 0.128399 5.42101e-20)
(31.6504 0.1666 -1.0842e-19)
(31.3388 0.231643 0)
(31.3938 0.0935049 6.77626e-21)
(31.3595 0.11272 5.42101e-20)
(31.1801 0.196111 0)
(31.1663 0.123874 5.42101e-20)
(30.9803 2.78282e-155 -2.42853e-157)
(31.0966 0.734136 -1.0842e-19)
(31.1899 0.0136144 0)
(31.0532 0.520447 -2.1684e-19)
(31.0002 0.348302 0)
(31.0639 0.254755 -1.6263e-19)
(31.0087 0.202246 0)
(30.9788 0.232337 0)
(30.8893 1.66347 1.6263e-19)
(29.8141 1.25841e-151 -1.0982e-153)
(30.8909 0.394274 0)
(30.9017 0.24777 0)
(30.7488 0.319609 -1.0842e-19)
(30.8323 0.0549491 0)
(30.5886 0.644678 0)
(30.6396 0.191394 0)
(30.5671 0.495277 0)
(30.564 0.135514 1.35525e-20)
(30.5387 0.22603 0)
(30.5398 0.176216 -2.71051e-20)
(30.389 0.949356 0)
(30.2602 0.573743 6.50521e-19)
(30.2532 0.129472 -5.42101e-20)
(30.235 0.148867 -5.42101e-20)
(30.1952 0.32342 -5.42101e-20)
(30.1535 0.592227 -2.1684e-19)
(30.0404 0.181589 1.35525e-20)
(29.9382 0.407006 -2.1684e-19)
(30.0801 0.743109 6.50521e-19)
(29.9022 0.0272473 0)
(29.8842 0.237006 9.48677e-20)
(40.9074 1.29661e-155 1.13153e-157)
(38.1511 1.23548e-30 1.07819e-32)
(38.422 6.00244e-156 -5.23825e-158)
(41.9501 4.07949e-157 -3.56011e-159)
(50.6806 1.98053e-38 1.72839e-40)
(41.2541 6.02166e-150 -5.25502e-152)
(41.3594 4.45033e-156 3.88375e-158)
(42.8147 8.31111e-156 7.253e-158)
(40.5955 1.41508e-155 1.23492e-157)
(44.1577 1.98013e-67 -1.72803e-69)
(42.1841 3.57898e-114 -3.12333e-116)
(45.0084 3.19925e-59 -2.79194e-61)
(39.1028 5.56213e-103 -4.85399e-105)
(41.8981 2.51955e-72 -2.19878e-74)
(44.1664 2.38899e-151 -2.08484e-153)
(45.0735 1.9067e-151 1.66395e-153)
(38.976 1.05911e-119 -9.24271e-122)
(42.0247 2.1039e-72 -1.83604e-74)
(49.0613 0 0)
(48.0445 2.79262e-145 2.43708e-147)
(39.4729 7.85289e-37 -6.85311e-39)
(37.9661 1.85993e-155 1.62314e-157)
(51.0895 0 0)
(40.2559 3.16607e-155 -2.76299e-157)
(50.3755 1.08756e-155 -9.49096e-158)
(43.5849 4.05709e-156 3.54056e-158)
(50.1422 2.15732e-124 1.88266e-126)
(42.1511 1.68007e-114 -1.46618e-116)
(42.8497 1.45697e-59 1.27148e-61)
(39.9523 9.38824e-68 8.19299e-70)
(38.4546 4.74026e-69 4.13676e-71)
(43.7022 1.30514e-73 -1.13898e-75)
(48.5406 9.39509e-39 8.19897e-41)
(46.3859 1.74756e-113 -1.52508e-115)
(41.6732 9.45225e-119 -8.24885e-121)
(47.0286 1.24016e-155 -1.08227e-157)
(47.0817 3.83035e-49 3.3427e-51)
(45.0173 2.35891e-151 -2.05859e-153)
(47.9551 3.55461e-156 3.10206e-158)
(40.7337 2.97753e-83 -2.59846e-85)
(45.1108 5.09004e-54 4.44201e-56)
(45.3872 7.34516e-157 -6.41003e-159)
(39.7167 1.73474e-113 -1.51389e-115)
(49.2552 1.02146e-128 -8.91412e-131)
(40.7729 1.66745e-155 1.45516e-157)
(38.5756 2.77284e-90 -2.41982e-92)
(41.7775 1.60504e-156 1.4007e-158)
(51.3237 0 0)
(46.1295 1.18982e-102 1.03834e-104)
(49.6009 1.23126e-155 1.07451e-157)
(41.6985 4.76845e-134 -4.16136e-136)
(47.5631 1.73659e-133 -1.51549e-135)
(45.0106 4.36301e-155 3.80754e-157)
(38.5644 6.35123e-69 -5.54263e-71)
(52.7592 0 0)
(41.1472 2.45416e-121 -2.14171e-123)
(47.0944 3.81586e-102 3.33005e-104)
(43.8751 9.29479e-156 -8.11144e-158)
(39.7295 3.90367e-155 3.40668e-157)
(49.3778 2.01699e-105 -1.7602e-107)
(38.0012 1.18757e-156 1.03637e-158)
(39.0895 3.88776e-102 -3.3928e-104)
(45.3544 4.09065e-53 3.56986e-55)
(41.312 2.33105e-68 2.03427e-70)
(40.3446 3.33085e-155 2.90679e-157)
(45.6907 1.58552e-134 1.38367e-136)
(50.7898 1.83371e-155 1.60026e-157)
(41.5875 1.17433e-68 1.02482e-70)
(38.5733 5.28199e-157 -4.60952e-159)
(51.8104 0 0)
(50.2675 7.58997e-52 6.62367e-54)
(51.4468 0 0)
(38.0507 1.99959e-68 1.74501e-70)
(41.7977 3.30815e-156 -2.88698e-158)
(47.0507 4.64881e-156 4.05695e-158)
(49.3712 0 0)
(46.6974 9.53511e-156 8.32116e-158)
(46.7695 6.15297e-156 -5.36962e-158)
(52.0024 1.03123e-155 8.99943e-158)
(40.8106 5.75679e-84 -5.02387e-86)
(40.3398 1.97182e-155 1.72078e-157)
(39.5654 1.36445e-33 1.19074e-35)
(37.8717 1.00877e-30 -8.80338e-33)
(43.0263 4.67203e-59 4.07722e-61)
(51.7195 0 0)
(52.8003 3.61451e-95 3.15433e-97)
(39.4348 5.07488e-37 -4.42878e-39)
(49.643 5.51154e-156 4.80985e-158)
(37.6544 3.49551e-156 3.05049e-158)
(45.9937 2.87349e-156 -2.50766e-158)
(52.0746 8.42412e-156 -7.35161e-158)
(37.6877 3.03744e-68 2.65073e-70)
(51.5513 0 0)
(41.3828 1.87795e-31 1.63886e-33)
(46.7845 2.76588e-155 -2.41375e-157)
(42.6586 4.20322e-133 -3.6681e-135)
(43.815 4.36169e-155 3.80639e-157)
(51.9558 2.12794e-113 -1.85702e-115)
(42.8314 1.08399e-144 9.45987e-147)
(48.1834 0 0)
(38.4754 7.04221e-69 6.14565e-71)
(41.6718 7.8447e-72 6.84596e-74)
(38.0165 7.79551e-158 -6.80304e-160)
(44.9707 6.31482e-128 -5.51086e-130)
(44.7391 7.8204e-22 -6.82476e-24)
(43.085 2.32851e-68 2.03206e-70)
(38.9568 2.03893e-23 -1.77934e-25)
(50.1612 3.93572e-90 3.43465e-92)
(46.8788 1.86871e-82 -1.6308e-84)
(49.3749 9.85091e-101 -8.59676e-103)
(39.1488 4.06268e-139 -3.54545e-141)
(41.9888 1.06626e-113 -9.30513e-116)
(39.5833 1.67117e-33 1.45841e-35)
(51.8894 0 0)
(43.8482 3.97829e-82 3.4718e-84)
(39.8466 1.6282e-155 1.42091e-157)
(39.9091 5.79233e-156 -5.05489e-158)
(42.9125 3.42882e-119 2.99228e-121)
(37.528 8.73024e-150 7.61877e-152)
(46.0101 9.36213e-37 8.17021e-39)
(41.3458 3.00049e-68 2.61849e-70)
(37.9926 2.13594e-158 -1.86401e-160)
(44.6464 4.28444e-155 3.73897e-157)
(45.6499 1.08022e-156 -9.42695e-159)
(46.5455 7.83422e-115 -6.83682e-117)
(41.2036 3.51535e-150 -3.0678e-152)
(51.4963 0 0)
(48.2658 0 0)
(45.6664 5.05655e-59 4.41279e-61)
(47.0403 2.6537e-114 -2.31585e-116)
(40.0875 1.30118e-33 1.13552e-35)
(43.0399 6.60377e-22 5.76302e-24)
(39.0336 1.52735e-151 1.3329e-153)
(45.4013 3.59567e-156 -3.13789e-158)
(38.0278 1.33097e-121 -1.16152e-123)
(38.4194 5.26798e-156 4.59729e-158)
(43.3923 0.0109333 -3.38813e-21)
(40.0973 1.68756e-155 1.47271e-157)
(48.073 2.64872e-155 -2.3115e-157)
(37.8576 1.08145e-155 9.43764e-158)
(37.42 1.47219e-155 1.28476e-157)
(47.0587 1.76819e-60 -1.54308e-62)
(41.3933 8.5555e-157 -7.46627e-159)
(43.2193 6.95296e-155 6.06776e-157)
(44.7475 2.25932e-156 1.97168e-158)
(44.2401 3.90289e-31 -3.406e-33)
(42.5585 8.65603e-158 -7.554e-160)
(39.1883 1.74758e-156 -1.52509e-158)
(45.5309 7.09319e-156 -6.19013e-158)
(52.117 0 0)
(46.1115 5.57996e-69 4.86956e-71)
(46.1257 9.47277e-156 -8.26676e-158)
(41.943 2.92171e-155 2.54974e-157)
(48.6125 1.91723e-155 1.67314e-157)
(37.9801 1.58625e-150 -1.3843e-152)
(38.1691 2.01506e-155 -1.75852e-157)
(41.5285 1.11787e-68 -9.75549e-71)
(48.7421 9.29188e-156 8.1089e-158)
(45.8244 9.6971e-145 8.46253e-147)
(39.7106 6.25628e-33 -5.45977e-35)
(42.6094 2.111e-144 -1.84224e-146)
(39.1048 4.4203e-68 3.85754e-70)
(51.4005 0 0)
(39.3925 2.68531e-155 2.34344e-157)
(39.0431 7.03251e-60 6.13718e-62)
(41.1784 1.61537e-155 -1.40972e-157)
(42.7954 3.11272e-48 2.71643e-50)
(47.2676 4.82018e-59 -4.2065e-61)
(39.8065 4.03843e-155 3.52428e-157)
(47.3439 1.88417e-155 -1.64429e-157)
(50.3807 6.58825e-156 5.74948e-158)
(52.7079 0 0)
(39.5011 3.0764e-91 -2.68474e-93)
(39.2925 1.1898e-37 1.03832e-39)
(52.0883 1.51996e-76 -1.32645e-78)
(48.5053 5.80051e-153 -5.06203e-155)
(44.0181 1.0537e-156 -9.19547e-159)
(52.9642 1.48074e-136 -1.29223e-138)
(48.8618 4.45998e-106 -3.89217e-108)
(38.7846 1.94468e-119 1.6971e-121)
(51.9801 1.41898 0)
(52.9801 0.999603 0)
(51.6668 1.32999 -4.33681e-19)
(50.2371 4.04396 0)
(52.2808 0.52832 -2.1684e-19)
(52.6111 0.958786 -2.1684e-19)
(51.104 2.47111 -9.75782e-19)
(52.0458 0.697226 -1.0842e-19)
(51.8282 1.28414 0)
(52.9223 0.64636 4.33681e-19)
(52.7083 0.556428 -2.1684e-19)
(52.8321 0.661794 -1.6263e-19)
(46.5703 2.49708e-155 2.17916e-157)
(46.8341 4.32715e-59 -3.77624e-61)
(52.887 0.203016 -1.0842e-19)
(43.8154 3.92628e-157 3.42641e-159)
(52.2816 0.632899 0)
(46.9087 9.22593e-156 -8.05134e-158)
(52.5953 0.168749 0)
(52.4135 0.416871 -2.1684e-19)
(51.5437 0.946657 -2.71051e-19)
(51.1746 1.33879 0)
(51.3754 0.90394 4.33681e-19)
(52.408 0.288385 0)
(52.5377 0.0526131 1.35525e-20)
(48.6513 0 0)
(51.8357 0.871694 8.67362e-19)
(51.0536 0.972354 4.33681e-19)
(52.358 0.313371 2.1684e-19)
(37.6496 2.43527e-149 2.12523e-151)
(52.258 0.245814 1.0842e-19)
(51.8502 0.66575 3.25261e-19)
(52.2753 0.407931 9.48677e-20)
(52.1996 0.0107684 1.69407e-21)
(52.997 0.265268 0)
(51.2528 0.778487 2.1684e-19)
(51.7694 0.203949 2.71051e-20)
(52.3216 0.484807 0)
(51.9857 0.0266125 0)
(52.2292 0.224424 -2.57498e-19)
(52.0339 0.0222605 -1.52466e-20)
(51.6584 0.154218 2.71051e-20)
(51.7452 0.218609 1.0842e-19)
(51.7681 0.556013 -2.1684e-19)
(51.6265 0.307671 1.0842e-19)
(50.315 0.875881 -5.42101e-20)
(51.6547 0.225719 -1.0842e-19)
(51.4977 0.352222 -5.42101e-20)
(51.1635 0.494044 -2.1684e-19)
(51.606 0.175734 0)
(44.2924 1.79891e-31 -1.56989e-33)
(50.5134 0.864744 0)
(51.4951 0.144105 2.71051e-20)
(51.5151 0.0852353 -2.71051e-20)
(51.3183 0.382554 0)
(51.4976 0.124942 0)
(51.1452 0.486112 1.49078e-19)
(51.5604 0.169795 0)
(49.7651 1.04154 0)
(49.9861 1.26679 -5.42101e-20)
(51.1961 0.312207 0)
(50.9207 0.610604 0)
(51.0632 0.851304 4.33681e-19)
(50.0633 1.20591 4.33681e-19)
(50.1975 1.40733 0)
(51.182 0.188611 1.0842e-19)
(51.5286 0.364731 2.71051e-20)
(50.7594 0.206991 0)
(50.5098 0.619996 0)
(50.8105 0.0759773 -6.09864e-20)
(50.289 0.576904 -2.1684e-19)
(50.4161 0.420488 0)
(49.4227 1.11733 4.33681e-19)
(50.7204 0.0710794 -2.71051e-20)
(50.8931 0.99502 2.1684e-19)
(50.5007 0.00230197 0)
(50.5784 0.358711 0)
(50.3778 0.653647 3.32037e-19)
(45.5691 3.27189e-149 -2.85534e-151)
(50.4757 0.0265313 0)
(50.6198 0.148917 0)
(50.2646 0.0635715 1.35525e-20)
(50.5102 0.156465 0)
(39.1638 4.94496e-119 -4.3154e-121)
(50.017 0.753389 0)
(48.4875 0 0)
(50.0686 0.0137437 -3.38813e-21)
(45.721 4.78431e-77 -4.1752e-79)
(49.5717 0.621504 -1.49078e-19)
(48.3864 1.18542 0)
(50.019 0.140419 0)
(50.0408 0.356808 1.0842e-19)
(49.9162 0.987953 4.33681e-19)
(48.773 0.717443 -4.33681e-19)
(49.1166 0.509365 2.43945e-19)
(49.7365 0.252952 -6.43745e-20)
(49.5582 0.366215 -1.0842e-19)
(50.1725 0.0860357 0)
(48.937 0.242937 8.13152e-20)
(49.6403 0.150622 0)
(49.4034 0.205933 -1.0842e-19)
(49.6036 0.399109 -2.1684e-19)
(49.5195 0.0781602 0)
(49.6455 0.532562 3.25261e-19)
(48.8573 0.84838 -2.1684e-19)
(40.8544 1.51779e-133 1.32456e-135)
(49.2221 0.619988 -1.0842e-19)
(49.4419 0.328693 0)
(37.169 5.45561e-157 -4.76104e-159)
(48.8592 0.836432 0)
(49.7562 0.319061 1.0842e-19)
(48.8533 0.438507 2.1684e-19)
(46.6833 2.20556e-102 -1.92476e-104)
(49.308 0.498281 0)
(49.0691 0.192357 8.13152e-20)
(48.6931 0.810819 0)
(49.4203 0.119773 0)
(48.2297 0.414224 0)
(49.2965 0.240614 -1.0842e-19)
(48.9715 0.0432698 1.35525e-20)
(48.9695 0.139245 2.03288e-20)
(48.0091 1.01676 4.33681e-19)
(48.6239 0.361213 1.0842e-19)
(49.0014 0.686821 0)
(48.9834 0.38623 4.06576e-20)
(48.9206 0.262296 0)
(48.9426 0.280844 1.0842e-19)
(49.033 0.186022 2.71051e-20)
(48.7492 0.0950424 0)
(48.6871 0.421542 0)
(48.7015 0.068536 1.35525e-20)
(47.9194 0.974828 -4.33681e-19)
(48.8079 0.457944 0)
(48.5504 0.303833 -1.0842e-19)
(48.4357 0.133629 7.11508e-20)
(47.3454 1.15444 0)
(48.4686 0.137925 -1.35525e-20)
(48.213 0.7795 -4.33681e-19)
(48.5043 0.356772 -5.42101e-20)
(48.6169 0.0287302 1.01644e-20)
(48.2883 0.385341 0)
(48.4148 0.412709 -5.42101e-20)
(47.9639 0.668752 0)
(48.6152 0.451701 1.59242e-19)
(48.3197 0.139209 0)
(48.1849 0.119627 -2.71051e-20)
(48.1979 0.440078 -2.1684e-19)
(48.0291 0.531574 0)
(48.7279 0.0415775 2.71051e-20)
(48.0224 0.432177 -2.71051e-19)
(47.7456 0.900665 -3.25261e-19)
(47.1428 1.11958 4.60786e-19)
(48.9276 0.547803 -1.0842e-19)
(47.7547 0.383853 0)
(47.7486 0.28145 -1.0842e-19)
(47.8706 4.16223e-74 -3.63233e-76)
(46.6898 0.912074 4.33681e-19)
(47.7004 0.434812 0)
(47.714 0.221175 -1.0842e-19)
(47.6194 0.335599 -2.1684e-19)
(48.034 0.115475 3.26108e-20)
(47.1387 0.0994992 0)
(47.4537 0.632172 0)
(47.6235 0.039035 -2.71051e-20)
(45.9519 2.35609 1.73472e-18)
(47.3765 0.324819 -1.35525e-20)
(39.2163 2.3293e-155 -2.03275e-157)
(41.8235 1.15715e-58 -1.00983e-60)
(46.7275 0.55599 -2.1684e-19)
(47.641 0.0969479 -2.71051e-20)
(42.3968 9.93315e-156 -8.66853e-158)
(47.2693 0.518682 2.1684e-19)
(46.8749 0.861181 -2.1684e-19)
(47.3306 0.286143 0)
(46.8169 0.712499 -6.09864e-20)
(47.3052 0.331362 0)
(47.1318 0.254558 1.0842e-19)
(47.3641 0.121366 0)
(46.6116 0.870885 0)
(47.127 0.0911529 5.42101e-20)
(47.1168 0.0587252 -2.71051e-20)
(46.6745 0.41051 2.1684e-19)
(46.8787 0.183213 -2.71051e-20)
(46.7385 0.0155465 0)
(38.3721 3.04863e-151 2.66049e-153)
(45.2852 1.68367 -2.1684e-19)
(46.3139 0.814492 -1.999e-19)
(46.2944 0.622588 0)
(46.464 0.271951 0)
(46.5114 0.373585 0)
(46.6985 0.273102 0)
(46.3509 0.5587 0)
(46.7587 0.00361463 0)
(45.9131 0.55196 -1.0842e-19)
(43.9756 4.11189 4.33681e-19)
(46.2588 0.625225 2.71051e-20)
(46.2955 0.0240005 0)
(46.2717 0.00302676 4.23516e-22)
(46.2002 0.072624 -2.71051e-20)
(45.7502 0.855016 0)
(45.2385 1.09368 2.98156e-19)
(46.4 0.509313 0)
(45.9335 0.554778 0)
(45.8255 0.149366 0)
(45.236 0.529906 -1.0842e-19)
(46.4216 0.00271954 0)
(45.9041 0.0411089 -1.35525e-20)
(45.6835 0.805434 3.25261e-19)
(45.399 0.683471 -8.13152e-20)
(45.9302 0.449037 2.03288e-19)
(45.2851 0.242089 -1.6263e-19)
(37.5973 2.53342e-155 -2.21088e-157)
(45.4261 0.313998 0)
(45.162 0.444273 -2.1684e-19)
(45.5234 0.424115 2.1684e-19)
(45.638 0.356908 -2.1684e-19)
(44.5869 1.12118 0)
(45.5845 0.500819 0)
(43.5638 2.44146e-156 -2.13063e-158)
(44.1867 1.32604 8.67362e-19)
(45.4309 0.245717 5.42101e-20)
(45.4002 0.0465315 6.77626e-21)
(45.2505 0.419699 -1.0842e-19)
(44.1553 2.27334 8.67362e-19)
(45.3428 0.118375 1.35525e-20)
(45.1404 0.625069 -2.50722e-19)
(45.2445 0.219948 5.42101e-20)
(43.3655 3.45128 0)
(37.6505 1.95974e-31 -1.71024e-33)
(45.1864 0.00427882 0)
(44.5639 0.957574 4.33681e-19)
(44.9363 0.178659 -5.42101e-20)
(44.9735 0.0947849 2.71051e-20)
(44.9352 0.689869 1.0842e-19)
(44.8274 0.11892 0)
(45.0946 0.0557404 5.42101e-20)
(44.6627 0.0538854 -2.71051e-20)
(44.7509 0.788343 4.33681e-19)
(44.5863 0.0517771 -2.71051e-20)
(44.3181 0.677682 2.1684e-19)
(44.5184 0.0248127 0)
(44.5117 0.462054 -1.6263e-19)
(44.5465 0.183531 -1.0842e-19)
(44.4504 0.0385903 0)
(44.3983 0.223616 0)
(43.9703 1.06945 -5.42101e-20)
(44.1731 0.194612 -1.0842e-19)
(44.2666 0.545551 -2.1684e-19)
(39.5628 3.47432e-134 3.03199e-136)
(44.0271 0.162287 4.06576e-20)
(44.068 0.12073 1.0842e-19)
(44.2774 0.38647 1.0842e-19)
(43.4853 0.991101 0)
(43.5863 1.6978 2.1684e-19)
(43.9916 0.284454 -5.42101e-20)
(43.9737 0.386547 0)
(43.8582 0.714835 4.33681e-19)
(44.2134 0.0273986 2.71051e-20)
(43.9144 0.601409 1.6263e-19)
(43.6998 0.73407 -3.25261e-19)
(43.7985 0.618143 -4.33681e-19)
(43.6274 0.697912 0)
(43.651 0.36078 0)
(43.7367 0.0206314 3.38813e-21)
(43.6231 0.38182 0)
(43.7466 0.169971 0)
(42.1975 3.44786 0)
(43.5452 0.535007 2.71051e-20)
(43.8172 0.426502 -2.1684e-19)
(43.026 0.932411 -1.73472e-18)
(43.4489 0.227379 -1.0842e-19)
(43.7488 0.409235 0)
(43.5245 0.194907 -4.65868e-21)
(42.7383 1.24909 0)
(43.5389 0.0374588 3.38813e-21)
(43.2494 0.854359 0)
(43.435 0.0869805 0)
(43.6391 0.455694 -5.42101e-20)
(43.2787 0.0953246 -5.42101e-20)
(43.2368 0.096923 2.71051e-20)
(43.1713 0.744098 0)
(42.7642 1.17537 4.33681e-19)
(43.0767 0.265496 -3.38813e-20)
(42.6859 0.958856 1.6263e-19)
(42.8898 0.326145 1.0842e-19)
(42.9552 0.494631 0)
(38.3514 3.34468e-156 -2.91886e-158)
(42.9175 0.372328 2.1684e-19)
(42.8364 0.386341 -1.0842e-19)
(42.8617 0.120943 -1.01644e-20)
(37.0846 6.27913e-70 -5.47971e-72)
(42.596 0.0498107 -1.35525e-20)
(42.6145 0.215852 -2.71051e-20)
(42.6067 0.22254 0)
(42.5251 0.0438439 1.35525e-20)
(42.672 0.406714 1.28749e-19)
(42.4678 0.0273574 0)
(42.1133 0.932846 -4.33681e-19)
(42.3313 0.249874 1.0842e-19)
(42.3631 0.963465 -4.33681e-19)
(42.4947 0.544301 0)
(41.4769 1.38977e-133 1.21283e-135)
(42.2763 0.14749 0)
(37.0792 3.56934e-149 3.11491e-151)
(42.4309 0.363582 0)
(41.6237 4.94064e-156 4.31163e-158)
(42.1464 0.0836594 0)
(41.9364 0.666043 0)
(41.8978 0.317075 -1.0842e-19)
(41.9332 0.238794 -5.42101e-20)
(42.0154 0.408364 -2.1684e-19)
(42.0118 0.0729528 -2.71051e-20)
(41.3534 1.0152 0)
(41.6632 0.152711 0)
(41.6848 0.327798 2.1684e-19)
(41.6748 0.562874 2.1684e-19)
(41.7872 0.0732677 0)
(41.6738 0.426474 -2.1684e-19)
(41.4307 0.323223 0)
(41.4869 0.09167 3.38813e-21)
(41.401 0.0202454 -2.5411e-21)
(41.4225 0.133535 0)
(41.432 0.0110672 -1.69407e-21)
(41.4008 0.0351844 1.35525e-20)
(41.307 0.17996 0)
(40.7841 5.20673e-65 4.54384e-67)
(40.6363 5.98403e-42 5.22218e-44)
(41.4806 0.327778 0)
(41.4307 0.357301 0)
(41.1344 0.150565 -2.71051e-20)
(41.155 0.550788 -2.1684e-19)
(40.6455 1.00316 4.33681e-19)
(41.0225 0.0290041 6.77626e-21)
(40.9796 0.600815 -6.50521e-19)
(40.6574 1.78209 0)
(40.8527 0.151786 0)
(39.5176 2.44761e-102 -2.13599e-104)
(37.0616 6.85001e-151 5.97791e-153)
(40.4936 0.60667 0)
(40.5345 0.0569435 0)
(40.5811 0.0201814 3.38813e-21)
(40.7708 0.35088 3.38813e-20)
(40.7307 0.362769 -2.1684e-19)
(40.5337 0.156215 0)
(40.2618 0.725468 -2.1684e-19)
(40.2117 0.955684 4.33681e-19)
(40.2432 0.272808 0)
(40.2646 0.095549 5.42101e-20)
(40.3637 0.575959 4.06576e-20)
(40.182 0.344353 0)
(40.3377 0.346512 -5.42101e-20)
(37.1513 9.45355e-156 -8.24999e-158)
(40.1423 0.529646 2.1684e-19)
(40.0829 0.508185 -2.71051e-19)
(40.2267 0.454504 0)
(40.2579 0.307959 1.0842e-19)
(39.793 0.21167 0)
(39.6155 0.377942 -5.42101e-20)
(39.7014 0.0571485 0)
(39.9137 0.479621 0)
(39.5315 0.00215154 0)
(39.66 0.167145 2.71051e-20)
(39.4782 0.337067 -1.0842e-19)
(39.7799 0.388223 1.0842e-19)
(39.8969 0.430709 2.1684e-19)
(39.433 0.239832 -1.0842e-19)
(39.2801 0.559963 0)
(39.3311 1.20119 -2.1684e-19)
(39.5453 0.682139 0)
(39.4008 0.183164 0)
(39.3727 0.0731325 3.38813e-21)
(39.6216 0.336905 5.42101e-20)
(39.3281 0.285293 0)
(39.5011 0.445541 0)
(39.4771 0.396041 5.42101e-20)
(39.1648 0.303587 0)
(39.4062 0.501572 6.50521e-19)
(39.1449 0.175998 5.42101e-20)
(39.1718 0.0863311 0)
(39.3227 0.397283 -2.71051e-20)
(39.0408 0.094996 0)
(38.9367 0.122102 0)
(39.0597 0.0778519 -1.35525e-20)
(38.9811 0.301957 -1.35525e-20)
(38.9643 0.283192 -5.42101e-20)
(39.1181 0.445879 0)
(38.8867 0.176049 5.42101e-20)
(38.8767 0.13003 1.6263e-19)
(38.9595 0.746544 -9.48677e-20)
(38.7173 0.0547873 -6.77626e-21)
(38.7716 0.056715 1.35525e-20)
(38.7272 0.0692458 -6.77626e-21)
(38.9241 0.422536 0)
(38.6544 0.101206 0)
(38.6451 0.170903 -1.0842e-19)
(38.7753 1.03525 -2.1684e-19)
(38.6556 0.0134159 0)
(38.6647 0.810707 0)
(38.5462 0.323055 2.1684e-19)
(38.7266 0.754013 -2.1684e-19)
(38.3414 0.00461858 3.81165e-21)
(38.3692 1.15536 4.33681e-19)
(38.3984 0.993496 8.67362e-19)
(38.4304 0.646183 2.98156e-19)
(38.2196 0.126502 -5.42101e-20)
(38.2327 0.586703 0)
(37.031 8.48033e-120 -7.40067e-122)
(38.2038 1.98773 1.73472e-18)
(38.2438 0.507894 2.1684e-19)
(38.2449 0.33685 0)
(38.1835 0.677888 -4.33681e-19)
(38.1589 0.372767 0)
(37.8366 0.00408192 0)
(38.0201 0.733003 -2.1684e-19)
(38.0434 0.439077 -1.23667e-19)
(37.8371 0.489967 0)
(37.8338 0.562161 1.0842e-19)
(37.5522 0.110966 -5.42101e-20)
(37.4631 0.228639 1.0842e-19)
(37.4031 0.262253 -2.71051e-20)
(37.4299 0.182568 0)
(37.3991 0.151273 5.42101e-20)
(37.4019 0.0259186 0)
(37.5782 2.61943 2.1684e-19)
(37.3697 0.143023 -1.0842e-19)
(37.2958 0.20638 0)
(37.5396 0.520213 -1.0842e-19)
(37.2537 0.147906 5.42101e-20)
(37.4779 2.02047 0)
(37.4176 0.570921 0)
(37.425 0.362697 0)
(37.0856 0.269692 0)
(37.0581 0.135703 -5.42101e-20)
)


// ************************************************************************* //
