/*--------------------------------*- C++ -*----------------------------------*\
  =========                 |
  \\      /  F ield         | OpenFOAM: The Open Source CFD Toolbox
   \\    /   O peration     | Website:  https://openfoam.org
    \\  /    A nd           | Version:  7
     \\/     M anipulation  |
\*---------------------------------------------------------------------------*/
FoamFile
{
    version     2.0;
    format      ascii;
    class       vectorField;
    location    "0.7/lagrangian/reactingCloud1";
    object      UTurb;
}
// * * * * * * * * * * * * * * * * * * * * * * * * * * * * * * * * * * * * * //


2457
(
(0 0 0)
(0 0 0)
(0 0 0)
(0 0 0)
(0 0 0)
(0 0 0)
(0 0 0)
(0 0 0)
(0 0 0)
(0 0 0)
(0 0 0)
(0 0 0)
(0 0 0)
(0 0 0)
(0 0 0)
(0 0 0)
(1.88429 -3.08835 -1.86376)
(0 0 0)
(0 0 0)
(0 0 0)
(0 0 0)
(0 0 0)
(0 0 0)
(0 0 0)
(0 0 0)
(0 0 0)
(0 0 0)
(0 0 0)
(0 0 0)
(0 0 0)
(0 0 0)
(0 0 0)
(0 0 0)
(0 0 0)
(0 0 0)
(0 0 0)
(0 0 0)
(0 0 0)
(0 0 0)
(0 0 0)
(0 0 0)
(0.117841 -2.22628 9.03249)
(-4.1467 -2.51922 -0.637128)
(0.085791 1.62633 -2.17101)
(-15.7067 -3.63161 -2.04433)
(3.50446 -6.61609 0.449525)
(-1.75655 -0.538681 -0.153165)
(4.08078 -1.2844 1.18914)
(0 0 0)
(0 0 0)
(1.68149 -0.665413 -2.22364)
(0 0 0)
(14.9289 -1.79172 -3.77103)
(0 0 0)
(0 0 0)
(0 0 0)
(0 0 0)
(0.0357442 1.01852 1.77871)
(0 0 0)
(0 0 0)
(0 0 0)
(0 0 0)
(0 0 0)
(3.06108 -0.777727 0.675925)
(1.09072 -1.89171 1.83326)
(0 0 0)
(0 0 0)
(0 0 0)
(-2.0063 -5.29718 -0.244779)
(0 0 0)
(0 0 0)
(0 0 0)
(0 0 0)
(0 0 0)
(0.00248799 0.347975 0.354992)
(3.02577 3.72696 -4.8696)
(0 0 0)
(0 0 0)
(0 0 0)
(0 0 0)
(0 0 0)
(0 0 0)
(0 0 0)
(0 0 0)
(0 0 0)
(0 0 0)
(-6.4519 -3.4782 3.17657)
(0 0 0)
(0 0 0)
(0 0 0)
(0 0 0)
(0 0 0)
(0 0 0)
(0.237816 1.21073 -1.32514)
(0 0 0)
(0 0 0)
(0 0 0)
(-0.202768 -3.81273 2.70218)
(0 0 0)
(0 0 0)
(0 0 0)
(0 0 0)
(0 0 0)
(-4.04711 -0.98633 -4.47588)
(0 0 0)
(0 0 0)
(0 0 0)
(0 0 0)
(0 0 0)
(-9.30768 0.0796814 5.67648)
(0 0 0)
(-1.01796 -1.72962 -2.3781)
(-2.9403 2.40284 -2.98526)
(-1.32549 -8.33675 1.97502)
(0 0 0)
(-1.93622 -1.44099 -2.76498)
(0 0 0)
(5.31204 2.91271 0.28525)
(-0.0575242 0.128002 0.026405)
(2.11655 0.516931 0.122501)
(0 0 0)
(-0.7462 0.410767 -1.11665)
(0 0 0)
(0 0 0)
(0 0 0)
(3.09083 -7.90022 -3.22228)
(0 0 0)
(0.347795 1.04405 0.397607)
(0 0 0)
(-2.05559 0.365562 -0.635564)
(0 0 0)
(2.68883 2.93878 1.70877)
(0 0 0)
(0 0 0)
(0 0 0)
(0 0 0)
(0 0 0)
(0 0 0)
(-0.164296 1.67098 0.79921)
(0.0077335 -0.0092899 0.0160576)
(0 0 0)
(-5.52834 -11.6201 -1.95291)
(0 0 0)
(-1.05517 -9.88374 -7.92257)
(0 0 0)
(-4.89543 7.87262 5.33752)
(-1.22773 1.06577 0.428083)
(0 0 0)
(0.719104 1.33913 -1.33548)
(-3.39897 -0.0969745 -0.785424)
(-1.7456 1.51533 0.608656)
(4.04663 -2.81029 0.826455)
(-4.51676 -0.749772 -0.208777)
(-3.11336 1.44723 -2.07788)
(0 0 0)
(0 0 0)
(-2.501 4.31111 -3.19681)
(-0.208684 2.12243 1.01513)
(-2.59322 4.17031 2.82741)
(-0.456463 -0.27751 -0.207876)
(-11.2781 -21.6776 2.39022)
(0 0 0)
(11.2101 -5.13824 -2.14859)
(7.18309 0.0402299 0.347716)
(-8.09042 6.47275 -4.27597)
(0 0 0)
(0 0 0)
(-12.4793 2.50773 2.56159)
(0 0 0)
(-0.347674 0.264742 0.999151)
(-13.8099 -5.07872 -1.26175)
(5.93057 -1.86477 7.33743)
(-6.08666 -0.173656 -1.40649)
(-0.180866 -0.185673 0.0906298)
(-1.78993 2.27598 1.48813)
(0 0 0)
(-0.784299 -0.47682 -0.357174)
(0 0 0)
(1.62652 -2.50868 0.898565)
(0 0 0)
(-0.0730299 0.636153 -0.359693)
(0 0 0)
(-0.138616 -0.66001 2.59861)
(-5.91941 -3.34733 1.53924)
(1.40491 -0.0708977 -0.161175)
(13.3645 8.66978 -1.58011)
(10.4926 -6.72803 0.964329)
(0 0 0)
(-0.181277 -1.77155 -0.335431)
(-11.7072 -5.79413 -4.89801)
(-1.48986 -0.569378 1.27669)
(2.39656 -0.375208 -2.50725)
(0.658137 -9.90188 0.57751)
(0 0 0)
(-8.81899 -4.07466 -0.416046)
(0.688642 0.138688 0.235472)
(0 0 0)
(7.48501 1.08828 1.79126)
(0 0 0)
(11.8885 -2.21267 2.76288)
(0 0 0)
(2.62192 0.453208 -1.36677)
(4.24043 3.20173 8.04272)
(1.5555 10.0964 2.53525)
(0 0 0)
(4.14061 -1.98277 -2.08387)
(-0.378623 -1.80731 -0.591819)
(0.0914573 -2.10165 0.829559)
(-0.625858 -0.903525 1.16212)
(-6.66757 -7.26531 -0.710289)
(-4.1057 -1.64493 1.47348)
(0.188106 -1.90114 -0.62283)
(1.15535 -1.93941 2.8595)
(-0.740041 7.54002 1.39391)
(4.2287 18.2727 1.57682)
(-13.8384 -5.21713 -1.67872)
(0.0818742 1.50458 1.56081)
(-0.0180459 -4.06662 -2.63078)
(3.32976 0.422118 1.59323)
(0 0 0)
(6.38686 1.60883 0.198779)
(-6.99448 -5.36416 -0.0475434)
(0.591631 -4.81138 -1.69352)
(-1.50436 5.66226 -1.929)
(0 0 0)
(-0.971745 -2.77457 -2.16337)
(-2.06082 3.72218 1.81177)
(5.57143 6.8688 -2.74984)
(0.30118 -0.159234 0.326887)
(-0.911186 -1.33294 -1.26937)
(0 0 0)
(-9.72561 2.09892 3.09039)
(-0.653211 -0.801172 1.96906)
(0.380749 -1.0896 -2.63424)
(-22.4752 10.742 -0.688187)
(2.8945 1.97599 0.895972)
(-0.461819 0.304136 0.220679)
(-0.609577 0.767409 -0.385119)
(0 0 0)
(4.62162 -2.48308 -3.36907)
(0.253373 2.97601 -1.78059)
(0.32706 -4.59435 -0.945864)
(0.2078 -1.71645 -5.90895)
(5.30175 7.23426 -5.47748)
(0.0686507 1.58271 1.82636)
(-2.78296 0.336765 -0.428688)
(0 0 0)
(-1.21008 2.50316 -2.54516)
(-1.13476 3.70336 3.23116)
(-6.03508 -0.16207 -2.55816)
(-1.65814 -2.90617 3.88291)
(-0.656118 -0.21173 0.474381)
(0.428736 -0.186197 0.30323)
(0 0 0)
(-3.53758 0.0591847 7.09212)
(10.3529 12.7813 -0.0612258)
(-2.78917 -12.4086 -0.118739)
(0.998097 -0.269616 0.664574)
(-1.43553 -0.448938 -1.01879)
(0.508558 -0.0112725 -0.514926)
(-1.13005 0.963592 -1.68549)
(-0.535888 0.899654 1.80585)
(2.29131 -1.0097 3.64302)
(3.37913 -1.77502 -2.51395)
(9.0009 -3.35739 -1.29558)
(0 0 0)
(0.0260637 -0.472445 0.48976)
(-0.710522 0.580868 -0.681273)
(0.0164289 -1.93119 2.17427)
(0.207624 0.585113 0.45909)
(0 0 0)
(6.69633 -4.72585 -4.14527)
(2.55296 0.0886497 1.56155)
(0 0 0)
(10.9139 -30.3121 -5.27575)
(0 0 0)
(-6.20588 -4.75937 -0.0421831)
(-0.235698 -7.01468 0.620965)
(-3.24527 3.8613 7.333)
(8.94029 8.20632 0.753866)
(0.64827 6.6565 -2.69339)
(9.52806 4.63494 -2.54059)
(-2.68109 -0.787903 -0.626665)
(-5.41679 -6.67977 1.57931)
(0 0 0)
(1.67689 10.1441 -0.453557)
(-4.14657 7.4211 -2.19778)
(0.0722865 0.33973 1.56123)
(3.50127 4.338 4.37514)
(3.14987 -5.93618 3.71689)
(0 0 0)
(0 0 0)
(3.29875 -4.78345 -1.10681)
(0 0 0)
(-4.19882 4.53292 -0.429626)
(-4.90904 5.97545 -2.22705)
(0.020389 -2.42037 0.126778)
(0 0 0)
(0.691985 3.78829 2.93882)
(-0.0691907 0.264509 -0.139228)
(0 0 0)
(1.12606 -0.886992 -0.597358)
(-2.34269 7.67668 2.71194)
(2.30045 6.0368 -2.53167)
(-3.79465 8.59571 0.956291)
(2.39528 -4.07155 2.0137)
(0.373601 -0.0700114 -0.0273993)
(0.4641 2.63539 -4.181)
(-0.225801 0.437686 0.67351)
(6.16938 2.78521 -0.124)
(-1.96071 5.17542 1.93181)
(0 0 0)
(-0.904177 -0.291137 2.08927)
(0.987016 -0.957034 -0.832182)
(-0.369435 -2.85034 0.0199735)
(1.09186 -0.012188 0.369849)
(-4.43495 -2.16 1.95863)
(-1.13915e-05 -0.0134888 -0.00715483)
(-0.837144 -0.197485 2.75394)
(-0.0644455 -0.0216958 -0.230209)
(-2.35533 -0.140842 1.03253)
(0.176362 -0.315698 0.339679)
(1.48044 -1.20092 -2.15372)
(0.00449538 -0.528424 0.594938)
(3.18834 10.8159 -1.99564)
(8.27908 -3.56697 1.81634)
(0.886826 7.30687 -1.9287)
(-3.18866 -3.42175 -7.12892)
(1.53997 0.0457874 1.66499)
(2.89694 2.86806 2.26626)
(-0.719221 0.298329 -1.72135)
(-14.8024 -10.2888 0.915214)
(-4.568 4.93796 -1.50339)
(1.51782 -7.50983 9.46494)
(0.0966906 0.0322327 -0.362491)
(4.01359 2.30965 -0.713235)
(17.4126 -7.97938 25.7821)
(-3.70198 3.60144 -1.59662)
(3.94201 -1.15574 1.83965)
(-0.42326 3.1832 -1.7888)
(0.00793172 -0.143775 0.149044)
(-3.6513 -3.06582 0.971298)
(9.23421 0.785141 2.37318)
(-1.35127 -0.470746 -0.0567919)
(0.486922 2.76498 -4.3866)
(-5.67143 -1.82366 1.54977)
(1.1145 0.338232 0.057065)
(-1.09592 0.243435 -0.0440349)
(5.5656 -0.851051 0.495678)
(7.46621 -0.227707 2.06025)
(-0.989976 1.1779 2.23695)
(5.98329 -3.44681 -7.08244)
(-0.00593515 -0.0386549 0.0456363)
(2.37837 1.59418 1.12403)
(0.0356611 -0.27164 0.384513)
(-1.62434 -1.7951 -0.956311)
(-4.74827 8.07611 -2.48353)
(-1.38465 -0.402056 -0.641461)
(-0.0282308 0.968357 0.406468)
(13.6588 8.14719 1.82847)
(1.77216 5.31119 0.489555)
(4.71505 9.84528 -30.7568)
(5.18233 2.53807 -0.0974929)
(-2.42467 1.79874 0.316423)
(-0.95853 -2.0335 0.424528)
(-0.330801 2.23961 -1.36069)
(0.216596 5.56542 -0.664116)
(0.43583 0.400412 -0.0184623)
(1.49684 1.01039 2.70965)
(3.3713 -5.66712 1.93266)
(-0.786598 0.514271 -0.852878)
(-1.33479 0.876571 -2.68901)
(2.93058 -0.602611 -2.26491)
(-0.0686156 -0.0176592 -0.0170679)
(-19.5098 -1.0155 -2.67394)
(-2.38737 -4.97868 -2.82271)
(0.492564 0.263672 -1.54884)
(0.660384 0.241197 -0.000934092)
(0.127593 -1.20415 -0.253433)
(-1.08598 -4.4636 -0.140213)
(-0.024614 -0.0885476 -0.0606549)
(-0.214637 -2.0707 -0.781539)
(-0.988852 -0.523156 0.600301)
(0.129759 0.547237 0.579037)
(0.281715 5.8904 -2.10909)
(0 0 0)
(0.455985 0.284063 0.372873)
(-0.652087 -0.435559 0.0475504)
(-3.20966 -7.03425 0.57319)
(12.6244 6.30424 -0.257057)
(0.629053 0.758382 -1.33584)
(2.05937 2.53289 4.17795)
(-0.623323 0.654125 -0.331826)
(-0.101405 -0.0370824 -0.909909)
(1.53452 0.0456253 1.6591)
(9.25882 -11.486 -11.3806)
(0 0 0)
(0.60639 7.51071 3.55036)
(0.709766 6.63368 1.33584)
(0 0 0)
(3.06885 1.12321 3.07184)
(0.636467 4.04055 -1.13694)
(-0.159108 -0.520091 0.0461118)
(-1.28198 -1.77928 1.26455)
(-0.0977289 -0.0357768 0.0887619)
(-2.06257 -0.847352 1.25678)
(0.360586 -0.364376 -0.474731)
(-2.6434 -0.758154 1.74074)
(0.049098 -1.42519 1.84912)
(-0.079051 -2.01498 0.876886)
(-0.657946 -0.0687198 -0.304059)
(0.21837 -3.46707 0.00557904)
(0.657778 -2.07208 0.971798)
(0.211052 -2.96473 -0.610365)
(-0.987884 -0.581946 -0.189909)
(2.40756 -2.38657 3.72322)
(-3.24605 -0.842337 -2.02007)
(0.651421 -1.96125 1.83442)
(-0.374818 -2.0164 2.95166)
(-0.499798 -0.711448 -0.279673)
(0.536282 -0.788704 -0.572226)
(2.13183 -3.20938 0.717546)
(-3.55495 -0.657346 -0.498975)
(-0.0818821 -0.185821 -0.680568)
(0.44863 -0.0537714 -0.158293)
(5.25354 -0.79116 -1.2372)
(-0.0182734 -1.1076 0.32845)
(-1.45463 -0.504302 4.79577)
(0.289952 -0.513843 0.36046)
(0.899277 -4.55328 7.07548)
(2.43052 -1.74878 0.87628)
(-0.830021 -1.29176 -0.354884)
(1.33499 -0.314234 0.337333)
(-0.821529 -8.16506 2.46393)
(1.02308 -0.424467 0.933343)
(1.45141 -2.69199 0.791034)
(1.25396 -2.16755 -0.915746)
(6.56398 9.18027 -1.71248)
(0.537183 5.30944 1.31359)
(3.62318 12.2911 -2.26782)
(2.67282 1.68544 -0.866455)
(-0.0709826 -0.0182684 -0.0176567)
(-19.9951 5.2452 0.904416)
(-3.27069 -5.09016 -1.39842)
(4.92429 14.7581 1.36032)
(-4.71298 8.01608 -2.46507)
(-4.71238 -0.813591 -9.37346)
(-0.0244832 -0.088077 -0.0603326)
(-3.96288 -3.65993 5.13718)
(4.1974 -5.4477 3.74676)
(3.46599 -0.578054 3.78918)
(-1.79653 -3.81129 0.795674)
(-7.38599 -18.6917 -1.1681)
(-8.08133 -21.9767 0.539523)
(1.5481 1.045 2.80246)
(0.808458 0.48683 0.481725)
(-1.41159 -0.664479 1.4459)
(3.43278 1.25641 3.43612)
(-1.00554 -4.13296 -0.129826)
(-0.0571321 1.27205 -0.530975)
(-2.04138 -1.36353 0.148858)
(19.9899 24.0527 -5.45436)
(0.399497 -3.77021 -0.793504)
(0.154918 0.0829284 -0.48713)
(16.1323 -7.55795 1.61373)
(-3.16885 0.901209 -3.84316)
(0.416343 -1.38443 -0.200818)
(0.687046 0.828298 -1.45899)
(-3.06173 -7.58978 -0.399792)
(-3.20017 6.26877 4.57565)
(3.07477 1.7694 -0.546401)
(-4.74074 1.43066 0.713431)
(0.60668 0.221582 -0.00085813)
(-7.39797 -2.0106 -6.10791)
(-1.23122 0.808554 -2.48035)
(1.46868 -0.586316 -1.38931)
(-11.4435 -8.40529 -0.250904)
(-3.45712 0.767925 -0.13891)
(3.31907 3.5236 3.02326)
(-1.75744 1.84429 -0.935577)
(-2.86392 2.44207 -4.2716)
(-0.806762 -1.11265 -1.87993)
(0.268907 1.13407 1.19997)
(-1.94461 6.70035 1.97194)
(1.17096 13.2002 -5.73329)
(0.276109 5.77318 -2.06712)
(-2.1242 -1.12381 1.28953)
(-0.180433 -0.5898 0.0522923)
(0.609524 6.25866 -2.53242)
(-0.31902 0.225386 -0.242072)
(-0.00540668 -0.035213 0.0415728)
(-6.22785 5.67243 -4.45187)
(1.2027 0.749243 0.983487)
(0.370323 -5.87963 0.00946122)
(4.37152 2.183 -0.0890126)
(0.2113 -0.050086 0.216741)
(-1.16337 -1.75321 1.05584)
(2.90049 0.239797 -0.0589554)
(0.0934112 -2.36222 1.55175)
(-1.90302 1.51995 -1.08799)
(0.707613 18.1821 -2.16965)
(-2.51601 0.859531 -1.96802)
(13.6113 6.19156 2.47987)
(-0.641058 0.283475 -0.435649)
(0.675629 0.620723 -0.0286205)
(-1.73184 -4.69316 -1.28159)
(2.97167 17.9768 -0.803763)
(6.7814 8.76883 2.61033)
(0.37101 -4.57502 2.89911)
(2.92973 -3.63447 -3.6011)
(0.60139 3.81787 -1.07428)
(-1.81312 5.44426 1.74168)
(2.34557 0.902724 -9.8276)
(1.55353 -1.69979 -0.724838)
(-6.95292 7.50616 -0.711427)
(-0.226429 -2.18447 -0.824477)
(-0.753499 1.26498 2.53917)
(-3.42844 -0.288839 -1.38071)
(0.218552 2.70697 1.2796)
(0.46991 2.10843 -0.329289)
(20.3774 -7.0197 -4.01835)
(1.55344 -2.12917 0.976491)
(0.787985 7.14349 -1.18431)
(-0.570182 -1.50022 -0.436544)
(-0.131018 -1.79119 1.09917)
(-0.975132 -0.645354 -1.43716)
(2.85901 -1.04039 -9.3495)
(-0.169264 -0.0987868 0.370379)
(6.61579 -3.47709 -3.15312)
(1.22617 -0.944236 -2.14304)
(0.958524 -0.977308 0.580366)
(5.98681 -0.337486 0.853488)
(-1.35416 -0.667358 1.06317)
(0.795353 -1.60383 1.08102)
(-1.01171 -1.89029 -1.61339)
(2.90809 -2.75074 -4.6136)
(0.164558 -1.10214 -4.48067)
(2.62285 -1.7772 -8.99244)
(1.80667 -5.69124 2.66917)
(2.61056 -0.699602 -0.617362)
(-0.203727 -0.00201212 -0.108646)
(6.7402 -1.99446 -0.327047)
(-0.118874 -0.337188 1.70049)
(3.06449 -3.58012 -1.22996)
(-0.604025 -0.325029 -0.202385)
(4.5148 -2.10908 16.7215)
(5.01874 -7.87949 0.747175)
(-12.8851 -3.64699 2.67198)
(0.315352 -0.54581 -1.18038)
(-0.196223 -0.119295 -0.0893608)
(1.36723 -3.17141 2.81603)
(-0.439567 -5.67383 0.618106)
(-0.887284 -0.117236 0.159747)
(0.0294109 -0.224031 0.317121)
(-0.0901761 -1.50923 0.331548)
(4.41213 -2.29108 -0.859453)
(-0.0244444 -0.0619262 -0.0136364)
(-0.020296 -0.00522346 -0.00504856)
(-0.580365 -0.657475 -0.404702)
(3.4401 -5.25283 4.5165)
(-8.89617 -0.606479 -1.38664)
(-10.9702 -0.50216 11.0296)
(6.87217 -1.87555 2.59166)
(-0.27261 -0.455733 -0.23418)
(0.514927 -0.259354 0.0151079)
(-2.4998 -0.773809 -1.49483)
(-0.0294372 -0.00421879 0.0104726)
(7.39589 -4.03874 -1.14153)
(-3.55919 -6.33369 -0.692577)
(0.140561 -2.85978 -0.591263)
(1.09317 -0.288763 -0.755225)
(0.470338 -1.19945 -0.414559)
(1.42667 -4.89604 -2.55255)
(0.616127 -3.05963 2.65224)
(-1.56279 -0.0299742 -3.40717)
(-1.89994 -0.202451 -0.566934)
(5.57435 -2.78889 -2.02417)
(2.44316 -0.810379 -0.114632)
(3.96175 -1.37996 -0.801725)
(-0.185921 -0.665229 -2.87896)
(0.132185 -0.0511279 0.577929)
(-0.609216 -15.1092 20.8084)
(-7.42787 -20.1996 0.495897)
(2.06107 -7.94015 -0.907568)
(4.78866 -1.41172 4.36933)
(-0.336624 -0.0335588 -0.141968)
(-0.28324 -0.0795092 -0.170498)
(-16.452 -3.5314 -8.8144)
(0.222702 -0.325752 1.33397)
(-0.48733 -0.187812 -0.276164)
(2.97639 -1.64223 1.74762)
(-27.8524 -1.98096 7.17266)
(-4.84893 -1.55919 1.32502)
(-3.1243 -2.62332 0.831108)
(0.0868712 -0.308762 -0.058456)
(-1.08002 -0.345531 1.16295)
(-0.635242 -0.565783 -0.133976)
(-0.279321 -0.927726 -2.10369)
(4.13348 -4.80235 -3.34676)
(-1.55474 -0.402534 4.65988)
(2.01481 -6.36008 0.566343)
(-1.04287 -5.53711 -4.02963)
(1.03495 -2.09076 0.985899)
(3.14489 -0.269896 0.281837)
(-4.21646 -2.44921 -11.4422)
(-2.80342 -0.267497 1.69907)
(-11.6729 1.13059 -5.93431)
(9.73598 17.1667 1.32146)
(0.720793 -1.91849 -10.1004)
(-2.48777 8.84117 2.63128)
(10.8224 9.93387 0.912567)
(0.754749 -9.05439 -0.736645)
(-3.58218 -16.9837 34.9234)
(-2.31204 7.57624 2.67646)
(0.121884 -0.186897 -0.116367)
(-4.76148 0.469805 -2.05703)
(-8.67604 -3.55371 -0.102646)
(3.63024 4.47558 -1.79175)
(-2.81398 -2.04314 -5.95796)
(-7.03907 1.0084 0.932573)
(-4.50007 8.05377 -2.38515)
(4.1191 0.522184 1.97092)
(-0.314474 -1.44935 0.0858159)
(-0.122903 14.637 2.64817)
(6.3707 -29.125 8.68619)
(1.99648 2.72421 -2.06265)
(2.00097 3.56908 -6.14067)
(-9.42049 -10.5064 2.59689)
(0.673487 5.56393 -6.64541)
(6.54552 0.370886 0.118527)
(-1.50537 1.27956 -1.348)
(14.7528 5.0483 -2.88628)
(7.7265 -0.664825 -2.91813)
(3.27019 4.62275 -5.50169)
(-0.751833 0.56384 0.50518)
(-14.7989 12.8502 -3.20986)
(0.111899 2.57978 2.97693)
(-2.85649 -0.386738 -4.49777)
(6.41931 2.89804 -0.129023)
(2.52027 0.39404 -0.908996)
(1.41094 2.34963 -2.08851)
(-22.5996 5.16742 12.2148)
(-2.74169 -1.58795 5.98884)
(-13.8966 -16.3505 -9.06888)
(-2.79678 6.19084 2.7303)
(-0.274569 0.532215 0.818972)
(21.626 3.67367 -5.17793)
(-5.51273 -9.43443 6.91833)
(4.65069 -6.48584 2.51679)
(0.402673 4.72962 -2.8298)
(-13.0722 1.99025 9.75126)
(-6.77871 -3.76405 5.2458)
(0.0752974 1.38372 1.43544)
(-5.08961 -15.433 -5.00633)
(-10.7068 1.18295 -1.38098)
(-7.7504 -6.9436 -15.3023)
(-1.05283 0.57084 -0.664183)
(-1.03748 3.90497 -1.33033)
(8.46233 2.13164 0.263374)
(0.610837 -4.96757 -1.7485)
(-1.74276 2.19399 -1.10104)
(0.482686 0.449484 0.602566)
(-0.612325 -1.36439 1.66537)
(-0.485052 -6.4643 -4.48446)
(2.23556 -3.32537 -1.54514)
(-8.12009 5.30414 -5.47228)
(6.94082 -4.99918 -0.901126)
(0.355802 -3.62402 -3.99544)
(-4.80461 1.47601 0.867633)
(0.792185 -0.329994 6.93197)
(7.64583 -1.44198 -2.28952)
(-2.65038 1.66488 1.06731)
(2.67351 0.120025 0.0675838)
(-0.362256 -2.39279 1.96738)
(-23.6924 -7.14953 13.4343)
(-0.858165 2.51117 -0.470578)
(-0.16039 13.3934 2.63745)
(-3.45091 -1.57504 0.43698)
(-2.75418 0.961612 3.18278)
(-9.97883 6.89765 -8.93569)
(9.33261 -0.851064 0.227522)
(0.726272 1.02113 2.51725)
(-6.86916 -7.33154 -9.57562)
(-14.1896 0.897393 2.40054)
(5.83002 5.4414 -3.35176)
(-1.38583 -1.6385 -0.715325)
(1.86317 11.1615 -0.177204)
(6.60656 -1.37978 -4.79769)
(-3.21987 13.1306 -4.25692)
(-2.30591 -0.245709 -0.688072)
(-3.68322 -4.6918 1.64901)
(-0.183776 -0.665013 -0.982645)
(6.89628 -1.11906 0.336465)
(6.06619 1.11103 -3.89083)
(2.19238 -3.76863 -1.2143)
(0.0999069 0.230406 0.242394)
(14.3809 10.142 -23.6173)
(8.92656 23.9744 -6.28779)
(3.13274 -2.23286 -1.30651)
(-2.76042 0.935987 -0.759481)
(-12.0659 1.59076 -0.539553)
(-1.3024 0.770177 -0.365966)
(7.82101 5.62511 5.35082)
(3.73704 1.83024 -0.0703033)
(-1.79342 3.56144 -3.27865)
(-2.19203 -3.7454 -0.168075)
(-2.55254 -0.332189 -0.688964)
(-1.385 -0.37641 -2.29034)
(8.47415 7.6768 -0.309472)
(-8.48607 -0.919596 -23.1952)
(3.32891 -5.59587 1.90836)
(1.52266 1.27711 2.34987)
(-0.873932 -0.156694 -0.0748223)
(-2.35931 3.57505 -8.66063)
(6.57351 8.50001 2.53031)
(0.0685953 0.0228669 -0.257162)
(12.2672 11.7812 -4.08434)
(-2.2929 7.19995 -4.7025)
(16.8265 10.0367 2.25252)
(-2.69948 2.0026 0.352286)
(-5.92165 5.8054 -3.23942)
(-8.04772 -3.03402 -0.976261)
(1.30949 1.44805 -6.1948)
(-0.621624 -6.79586 1.52157)
(0.917567 11.5472 -9.12804)
(5.72648 -6.61087 -0.676841)
(-0.466922 -2.5732 -0.448898)
(6.93888 7.10819 -2.21824)
(-1.55873 -1.72259 -0.917684)
(1.02238 -1.40129 0.642668)
(2.46658 2.442 1.9296)
(-2.4418 -6.42467 -1.8695)
(1.77726 -3.12806 0.368429)
(-6.64762 -3.05626 16.9518)
(-2.30985 -7.98717 -5.65988)
(0.544586 -0.610608 -0.802533)
(5.33075 -10.1305 -9.86105)
(5.17728 -1.77067 -0.122114)
(6.5433 -6.12899 1.56416)
(-5.34983 -6.19245 -6.89184)
(-0.451816 -0.668354 1.36776)
(0.469066 -1.88681 1.62409)
(7.85401 -6.47228 13.1049)
(-1.77029 -2.99518 2.67768)
(-6.6807 -1.34742 -11.7582)
(-13.3098 -3.86328 -1.57785)
(6.52842 -3.12753 -7.52249)
(-3.17042 -6.39309 -2.68723)
(-1.55546 -2.94349 0.104975)
(1.64744 -0.264759 0.58755)
(0.0937146 -14.9976 10.4371)
(0.0115312 -1.32733 0.795315)
(3.58274 -3.13188 1.89166)
(12.0822 -18.1892 4.06671)
(1.39835 -3.16944 -2.66963)
(-11.3486 -4.66229 6.91505)
(-0.530237 -4.73679 -0.0574525)
(-0.847989 -1.04007 2.5562)
(-8.14407 -5.3381 9.73391)
(-1.87334 -0.603198 4.3287)
(-8.53953 -11.2909 4.28732)
(8.72838 -1.35621 -6.35866)
(-1.24459 -2.77373 2.88163)
(3.30324 -12.7634 -7.28367)
(-2.76819 -2.15473 -1.59863)
(21.137 -6.84237 18.1985)
(3.92338 -0.0573784 -0.97786)
(-14.5557 -11.2934 -17.2606)
(-1.89649 -0.724778 1.62514)
(-18.2149 -3.17427 -12.1895)
(-0.588738 -3.58139 4.89308)
(-1.42052 -7.85163 -4.86241)
(-0.758962 -0.459597 -1.96158)
(1.57661 -6.27953 4.82656)
(-17.1977 -7.86716 11.0123)
(0.211686 -7.16698 -3.77085)
(-4.00562 -2.24428 27.4313)
(0.782215 -0.82454 -0.978765)
(16.9105 -3.90011 -10.791)
(2.18176 -2.48374 15.4865)
(6.46548 -0.969693 -1.1708)
(-3.62167 -1.70267 -1.79438)
(-5.39378 -1.98362 -0.492808)
(-6.72102 -4.65708 -2.17242)
(1.06325 -16.6198 -20.0201)
(28.0973 -8.43811 -18.2328)
(4.41221 -4.27818 -3.72007)
(1.6777 -2.53399 -1.78554)
(-3.5322 -15.7605 1.90303)
(-5.5324 -1.11582 -9.73712)
(3.71697 -3.69271 -2.06394)
(-11.8316 -4.81911 1.4584)
(1.35921 -0.13737 -2.96314)
(-0.0434455 -0.0166559 -0.0140979)
(-1.93979 -0.244144 -20.6068)
(-0.161395 -0.512082 -7.10523)
(20.8953 -4.16159 -31.9779)
(10.9267 -15.8446 -3.66618)
(8.47394 -2.41409 -0.496837)
(-12.0799 -14.7106 16.7834)
(-3.26906 -2.37313 2.34673)
(-24.4185 -12.5321 -15.0327)
(-3.48125 -7.05961 -0.140331)
(-1.64175 -3.63367 13.5763)
(-1.59348 -1.25332 -3.4809)
(37.1835 -11.0028 -1.80421)
(3.29477 -10.3789 4.86768)
(-0.919206 -2.20307 -0.015325)
(15.8468 -7.34589 4.64736)
(-0.496975 -0.378917 -1.55009)
(2.39829 -14.3752 13.5424)
(13.9838 -6.24294 -7.63945)
(0.156718 -0.402549 0.349762)
(13.0588 -4.33149 -0.612713)
(3.19792 -3.0843 -6.20262)
(11.9112 -4.23164 28.0113)
(-9.73903 -13.1872 11.7282)
(-0.851695 -7.23809 2.25868)
(0.692146 -6.71439 11.2586)
(-1.00764 -16.9913 -3.95937)
(-1.06517 -1.20583 -3.20903)
(-2.21589 -5.76285 0.346147)
(-0.933423 -1.02701 -3.50082)
(11.2443 -3.15407 12.5243)
(-18.6319 -4.83491 -11.5949)
(11.7892 -5.64537 -5.93321)
(5.42939 -2.25262 4.95318)
(4.89427 -2.48922 -7.70636)
(-0.0655998 -1.42725 -1.34833)
(0.720189 -1.2465 -2.6957)
(-2.84644 -5.61374 -4.90053)
(-8.72792 -9.97928 -5.50724)
(2.86657 -2.00029 -8.59476)
(-4.47637 -4.37305 12.7109)
(10.31 -12.5411 1.22407)
(3.22609 -9.71288 9.08477)
(-2.03004 -4.09353 -1.72065)
(15.3479 -4.61199 -0.874571)
(-5.00734 -1.30456 13.9425)
(0.15742 -1.19911 1.69737)
(-0.918801 -2.00741 -0.848862)
(1.69346 -3.92812 3.48795)
(-7.70963 -4.7022 -2.22964)
(-1.43243 -0.686774 0.0133245)
(-8.15814 -0.298826 5.00017)
(32.2546 -7.0708 -19.6921)
(2.73692 -24.2381 0.436265)
(5.83138 -8.99441 6.74905)
(14.7385 -2.7431 3.4252)
(8.12087 -1.8437 -6.17769)
(2.71434 -16.9019 5.65601)
(-1.54836 -5.32051 4.91457)
(4.4581 -3.34813 1.80383)
(5.10306 -9.48227 -7.09509)
(-23.9715 -8.05185 -18.6302)
(-9.03404 -13.3191 -4.6596)
(-4.37543 -5.56505 -1.14686)
(0.610354 -0.35238 -1.89752)
(-33.0771 -10.3579 -4.73978)
(-16.6636 -11.5153 11.8475)
(8.29557 -5.10639 1.1233)
(2.93233 -3.13853 10.8292)
(-15.1287 -15.394 -26.5425)
(0.722019 -0.0591677 -1.51629)
(-5.34669 -6.24906 -5.01262)
(5.29238 -0.967228 -11.2517)
(0.661297 -1.39642 0.107714)
(10.5262 -6.03054 7.23485)
(-0.260137 -1.46605 3.86017)
(2.96152 -14.0224 0.391193)
(-7.79152 -3.59198 7.29789)
(2.50405 -9.26879 -0.538302)
(0.700713 -6.17259 -5.80091)
(9.16372 -14.8984 -12.3536)
(-0.460806 -1.04574 -3.83001)
(-6.22841 -4.6222 1.28384)
(2.59539 -29.2996 -21.1014)
(-4.22522 -9.88206 -4.7946)
(-0.886612 -1.51674 10.7831)
(-2.06461 -8.67401 -2.75687)
(-12.212 -7.0573 10.076)
(-4.48887 -5.1128 4.24714)
(8.41845 -2.29757 3.1748)
(17.7765 -6.08554 4.08049)
(1.48337 -0.624072 -0.731309)
(-7.83466 -17.8763 0.903705)
(0.771304 -1.38068 1.48555)
(-13.8316 -2.09483 2.66768)
(1.64097 -0.826511 0.048146)
(9.31291 -6.56895 5.58579)
(-2.49515 -13.0732 -11.2613)
(16.4339 -22.8295 -20.8909)
(29.8243 -5.75603 -19.5393)
(8.71249 -9.01729 3.42952)
(0.786257 -3.36702 0.34582)
(-3.69575 -5.19897 -4.79338)
(-7.1632 -6.25663 5.02032)
(3.26328 -27.1953 -8.89315)
(10.5679 -34.6908 11.0283)
(-1.82449 -0.902658 1.60141)
(27.4452 -4.13314 -6.46333)
(-7.92297 -1.07752 15.5761)
(-7.02459 -12.5005 -1.3669)
(-5.1476 -17.8025 17.7217)
(-9.31912 -33.4086 -9.1199)
(-3.66693 -9.03704 -7.82879)
(1.32164 -0.363251 0.276964)
(4.35131 -3.2924 7.18264)
(9.86099 -15.9746 -2.03762)
(3.87921 -1.18098 -4.47904)
(0.676047 -7.77898 -3.10767)
(-13.9363 -15.961 11.8016)
(10.2792 -14.2096 9.11782)
(-4.14665 -3.00946 -6.42712)
(1.26228 -0.760015 4.50496)
(8.06673 -3.40993 6.47077)
(-0.840767 -5.44675 -8.95449)
(36.1689 -10.8409 1.31162)
(6.72072 -15.8799 1.94731)
(-0.778908 -1.32874 4.50776)
(-5.26368 -7.82238 2.64401)
(0.455991 -4.60859 -1.50981)
(21.2012 -21.4655 20.7534)
(-1.29661 -1.21125 -0.0353421)
(0.263316 -0.0249853 0.220819)
(-7.63629 -28.5954 2.26085)
(1.06598 -0.193145 3.88806)
(-37.4885 -16.7285 -10.7565)
(3.55666 -11.3457 -24.2135)
(-19.8936 -9.85154 -17.1967)
(20.0664 -7.23724 11.1149)
(7.36509 21.958 0.920725)
(-9.22607 -3.00907 1.57031)
(23.5546 -3.07305 -25.801)
(-0.745458 -6.08379 5.41383)
(-6.40316 -7.10365 -3.47731)
(-9.36683 10.4204 -3.56597)
(1.69729 -2.26296 9.58909)
(-15.1037 -2.13838 5.08238)
(-3.55256 1.13255 0.152096)
(1.45042 8.73603 0.82149)
(-2.25486 0.426275 1.50588)
(1.68422 0.528447 -1.31576)
(-14.0333 -34.3469 19.2695)
(-43.6561 17.0358 -2.12065)
(0.571739 -2.01464 0.705022)
(-0.0334821 3.60349 -2.37932)
(0.768843 2.1667 1.70003)
(-0.355207 -1.93656 -4.30187)
(0.518054 1.13318 0.929327)
(-2.24023 0.831064 1.5422)
(-2.15355 13.762 6.31427)
(0.604473 -0.233805 2.64284)
(3.3441 -1.47363 5.31689)
(12.8478 5.10746 -3.95924)
(11.4009 -3.97117 -2.30717)
(-2.02418 7.34951 3.86944)
(-12.088 16.564 -0.562815)
(-51.2571 10.5337 -10.7714)
(-1.70772 -10.048 -4.77265)
(-2.43331 -4.20073 -8.20828)
(-2.74444 -0.787859 -4.03593)
(18.1024 10.5204 1.063)
(-1.35387 -1.18912 0.707897)
(-22.1545 -10.7901 9.78422)
(0.294781 0.690754 -3.55152)
(7.44906 24.8745 -8.59043)
(4.62996 0.198249 -0.973831)
(1.61838 3.48323 0.903216)
(-17.3726 -5.59534 3.10576)
(-3.63008 6.08272 0.051085)
(1.9991 2.36806 -3.41773)
(-0.0764503 -0.272545 0.271974)
(25.8353 25.5857 -8.68834)
(-0.720431 3.91634 0.570133)
(2.21302 -0.0490532 -2.24074)
(-5.02333 7.74426 -3.59947)
(12.2103 2.98635 5.8457)
(-12.4911 -0.864647 -0.811129)
(-2.10258 0.102922 0.499253)
(10.6891 -14.0198 7.28647)
(0.108191 3.59694 -2.63156)
(0.134191 0.222989 2.90364)
(0.913046 0.0919996 -1.40322)
(-0.604433 1.27886 3.56391)
(27.6883 -16.7948 -8.16874)
(-8.18716 0.302215 2.43441)
(30.2751 -4.75501 0.577076)
(22.725 22.7163 0.211367)
(-6.8448 3.07371 -2.09731)
(-3.42514 11.2237 3.965)
(0.657907 2.11162 -1.62613)
(-1.43612 1.91722 -3.35834)
(-1.19578 0.977576 -1.14655)
(1.45165 0.295668 0.0220783)
(0.506616 -1.65765 0.542213)
(20.9152 -0.595516 14.9976)
(2.14476 0.682368 0.724911)
(40.3068 5.88307 8.66005)
(5.2441 -2.22899 5.11674)
(-12.1958 6.79009 14.2692)
(0.810035 8.50127 -0.63001)
(-0.468201 -0.548269 0.444557)
(2.713 -0.103169 1.43709)
(-3.11215 -0.609015 5.01593)
(-5.80991 4.6481 -0.104644)
(-0.773088 -3.95319 1.88807)
(-0.707144 -0.62488 0.589323)
(-20.0167 -18.8742 0.825595)
(9.78466 -0.0946453 4.15537)
(10.5233 12.3422 -5.77447)
(-0.243715 0.0407939 0.222526)
(-24.157 -7.13288 -33.8863)
(-0.606286 -1.17713 -1.42279)
(-1.96968 11.903 6.6778)
(0.637357 14.3811 3.68777)
(-18.3068 -3.37948 4.89628)
(0.234098 -0.242268 0.394277)
(10.987 10.4548 4.67589)
(0.497198 -0.0786968 0.716937)
(-14.2816 18.0823 -1.83024)
(3.09979 -1.63682 5.40652)
(-2.9306 -2.36549 -0.130144)
(3.56505 -4.94836 2.3799)
(8.61084 -12.816 -18.3635)
(-7.66932 -1.74597 -5.06853)
(1.03719 2.70321 3.93677)
(-20.8009 -10.9377 8.38326)
(-7.62962 -2.40017 -5.85168)
(1.5731 2.34641 2.37793)
(-14.6063 4.09991 -11.6094)
(13.5014 -5.03609 -1.94337)
(-0.00218393 0.000875088 -0.00512804)
(-8.15323 1.3811 20.3391)
(5.56734 8.04652 -0.354057)
(16.366 -1.1919 2.91975)
(-47.0218 -14.1535 14.4906)
(0.359263 1.01245 0.794387)
(0.172037 -15.3778 -31.695)
(-5.62351 2.85571 -9.40568)
(0.667305 0.218517 -0.886947)
(0.499015 0.701223 -3.00414)
(-0.25334 -1.88821 -8.08737)
(6.69428 4.05295 -7.66274)
(0.141103 -0.102373 0.304841)
(2.8424 6.28987 -8.21496)
(9.84466 3.9837 -0.544793)
(0.611681 -0.220484 0.00602624)
(-6.25366 6.24029 -0.891114)
(-0.0562712 0.215119 -0.113231)
(3.65078 -0.486442 11.7162)
(2.08313 0.530043 1.94477)
(6.07044 0.210791 3.71306)
(1.06747 9.97691 2.00907)
(7.63998 -0.725252 -4.28831)
(0.333079 1.5654 7.19378)
(-5.17407 6.52534 -1.96521)
(-0.445261 -1.35628 -0.0183248)
(-1.19021 2.37076 -0.52768)
(4.07841 -0.705232 7.68236)
(-0.223834 -8.85086 3.35065)
(-0.663756 2.40639 0.519794)
(-1.84196 1.32966 -1.9708)
(13.1237 6.38403 -3.49932)
(-5.8876 -1.73021 -1.37614)
(1.25698 2.382 -2.3864)
(-0.263112 0.425177 -0.265476)
(-5.78998 -1.77211 -1.39943)
(-60.4299 35.1371 15.3971)
(-6.22861 14.1697 9.26171)
(-3.90706 -7.97437 -3.93585)
(6.36449 10.1787 -0.152092)
(-15.2943 16.6896 10.9266)
(2.00172 -3.01754 3.86475)
(1.984 0.122438 1.23389)
(-9.00464 1.94333 2.8613)
(-0.355391 0.234046 0.169822)
(-5.95186 4.2875 -5.05826)
(-6.23365 -12.3485 -2.07549)
(7.43136 2.51284 9.92705)
(0.848841 -0.15907 -0.0622526)
(-4.33203 5.27309 -1.96528)
(-2.65274 -6.97969 -2.031)
(-5.50722 -7.44126 3.01597)
(-2.75017 -12.5021 -19.3483)
(-20.2584 -10.5733 6.28642)
(9.54834 -20.4563 4.53204)
(9.5457 -10.4616 -12.9079)
(1.26966 -3.90076 -3.81775)
(4.51474 -6.80364 4.38372)
(-12.1966 -6.65302 -1.76862)
(17.6377 -11.448 0.510794)
(7.24698 -6.78812 1.73238)
(-10.318 -20.5599 -3.27058)
(-7.00209 -9.71829 6.90686)
(5.12174 -7.66816 -8.66127)
(-13.3133 -5.00394 15.0833)
(5.7308 -4.11459 -0.469224)
(1.3184 -0.0838347 -0.567747)
(0.744236 -6.9045 25.2014)
(-14.3172 -19.1167 0.5257)
(-1.76043 -2.97849 2.66276)
(0.208654 -7.0643 -3.71683)
(-2.78673 -0.89156 3.0007)
(7.55637 -15.5423 -4.1857)
(2.52621 -11.3241 10.864)
(6.16303 -5.63923 -0.294974)
(-1.08192 -1.16913 11.5437)
(-6.4403 -1.29893 -11.335)
(-0.228664 -0.969424 -0.487483)
(3.04653 -14.1511 -2.01308)
(27.9533 -10.4324 16.6367)
(8.01975 -1.56849 7.95121)
(-5.2516 -2.32102 2.67506)
(-0.819544 -1.97031 1.08902)
(-8.56771 -15.1068 11.9797)
(-3.39956 -5.3398 4.51026)
(12.8089 -10.8522 -11.2782)
(-2.23013 -2.99758 0.130082)
(-4.21304 -1.3854 -2.1805)
(-2.24934 -0.433629 -1.44888)
(6.50842 -2.40866 -2.18384)
(12.0206 -4.53836 -8.62847)
(24.2331 -9.80801 9.23068)
(-3.33015 -3.89396 -1.63727)
(2.31072 -7.24076 1.75629)
(-0.531871 -7.24873 -5.68478)
(-1.33522 -1.97662 2.44634)
(1.42826 -0.639072 -1.35958)
(3.14019 -12.1334 -6.92415)
(-0.124841 -2.0894 0.459)
(17.7141 -18.9491 -18.3212)
(3.09652 -0.681135 -0.85456)
(0.00422191 -5.25183 27.6501)
(-1.87786 -3.0471 8.37395)
(-2.06524 -5.37105 0.322614)
(11.4818 -17.0919 3.7534)
(0.100628 -0.254409 -1.68083)
(15.378 -0.866882 2.19231)
(13.4658 -2.08841 -8.46009)
(-6.78943 -5.28482 -3.92089)
(5.74882 -0.338262 -1.04687)
(-18.6709 -2.1455 -3.86379)
(1.37904 -2.78083 1.87434)
(1.20191 -11.6835 9.27146)
(-4.28328 -1.37918 9.8973)
(0.222329 -2.98262 -0.694004)
(-6.96684 -4.30871 3.60553)
(22.3016 -2.14297 -0.744855)
(-8.54683 -2.04203 -7.16975)
(23.3686 -22.8191 22.4199)
(-0.180259 -5.11847 -2.86265)
(-2.58406 -2.19194 5.95389)
(-13.5065 -2.81368 1.22794)
(-2.60385 -2.21524 -0.954218)
(5.81265 -3.40286 0.203941)
(-3.4015 -1.39075 -0.175772)
(1.20754 -3.8877 6.66393)
(27.854 -24.9731 -5.42415)
(0.456033 -9.07528 -1.9714)
(1.97728 -1.99806 -2.6032)
(-7.09775 -0.0857821 4.19248)
(-6.72905 -1.11701 -0.311036)
(-9.27716 -7.07051 -5.37617)
(-0.67374 -2.35446 0.623272)
(1.40925 -1.36733 -0.626969)
(-3.29853 -1.77496 -1.10521)
(-0.212904 -8.35058 7.31198)
(6.59064 -9.22514 1.19672)
(-21.8529 -14.4263 -17.3491)
(-2.0661 -0.260041 -21.9486)
(-11.0975 -20.2299 29.2373)
(8.58486 -4.27445 -17.2086)
(8.18865 -3.1888 -9.22622)
(0.0381887 -0.0219007 -0.0265591)
(3.59491 -3.57145 -1.99616)
(-0.577304 -0.68982 -3.44508)
(-0.213627 -8.37891 7.33679)
(-1.02851 -5.63481 -4.50141)
(4.13679 -0.834088 0.394722)
(4.60743 -8.37737 23.2046)
(12.8866 -6.17087 -6.48551)
(-0.172556 -0.547493 -7.59656)
(1.3673 -4.20073 -4.11133)
(1.11229 -10.2379 -12.1724)
(1.05588 -5.89847 4.98403)
(10.3858 -9.82387 -16.4768)
(-1.37611 -2.03715 2.52126)
(-19.4124 -12.2896 11.2031)
(-0.627395 -6.13129 -1.16092)
(-15.1111 -13.3444 20.3841)
(-15.2074 -18.0329 8.22457)
(-3.27024 -5.73901 -1.05768)
(2.63809 -1.44823 6.17304)
(2.22172 -2.22068 -0.563507)
(3.33273 -2.14005 1.25702)
(-0.172432 -0.144342 -0.526848)
(-0.462062 -0.352299 -1.44119)
(1.21109 -1.67432 -0.449293)
(18.3073 -9.39381 -23.1432)
(-0.664697 -1.88542 9.50846)
(-5.04708 -11.8043 -5.72722)
(6.94242 -7.86272 -2.30392)
(-0.856498 -2.05277 -0.0142795)
(-5.3674 -3.55221 -7.91055)
(-2.68304 -12.8048 1.7217)
(11.2576 -5.22017 -0.104179)
(-5.46069 -11.3221 4.19856)
(-8.95272 -2.13901 -7.51024)
(-13.7826 -7.99418 -4.79014)
(-43.9113 -7.46184 -11.796)
(-6.29387 -8.74739 -28.4303)
(-2.42234 -18.4635 3.7874)
(-1.23543 -1.00385 7.45132)
(21.6407 -1.95894 -4.00023)
(2.54315 -1.99499 -1.10622)
(7.68875 -2.99413 -8.66298)
(-30.887 -16.0582 2.83658)
(1.48179 -2.77044 1.78696)
(-0.931495 -1.28049 1.44059)
(-0.0266642 -0.0467292 0.0317329)
(-8.94849 -9.81159 -2.11588)
(-9.13421 -4.9189 7.07807)
(5.95076 -2.17836 1.19558)
(-8.61277 -2.22991 25.8143)
(4.53788 -8.25091 22.8544)
(-5.97567 -11.3931 -3.64441)
(-2.9797 -5.87655 -5.12995)
(-19.0588 -15.8481 -2.96997)
(-0.432318 -0.246358 -5.28221)
(55.4315 -22.8936 -5.34762)
(-0.217698 -3.09778 -2.46197)
(1.66685 -1.34549 -2.20541)
(-2.26219 -2.07664 0.967425)
(11.2866 -1.7308 5.35288)
(-7.42097 -7.28162 -32.1283)
(-4.11714 -4.02211 11.6909)
(9.59954 -11.6769 1.13972)
(-6.47248 -2.64637 -0.334465)
(11.8411 -7.76181 6.56995)
(2.78368 -1.94245 -8.34622)
(3.318 -9.98958 9.34358)
(2.59254 -1.53502 7.94183)
(-1.34435 -1.99014 2.46307)
(-1.34337 -15.3784 -11.2349)
(-1.43662 -2.40166 -1.2341)
(5.64469 -8.70646 6.53298)
(4.21371 -3.45333 5.20327)
(1.37575 -1.90195 -0.510378)
(-4.83874 -1.26064 13.4731)
(-0.390912 -4.52881 -1.54447)
(-0.0672463 -15.1538 -9.80335)
(-3.47331 -5.08096 -4.83865)
(9.87045 -1.79745 -18.4615)
(-9.19432 -25.3647 9.89581)
(14.9369 -2.78003 3.47132)
(0.579381 -0.584166 -0.14168)
(29.1042 -10.8619 17.3216)
(-7.3738 -1.34973 -4.31603)
(5.07695 -7.49176 1.48564)
(-1.6443 -4.19411 -1.28636)
(0.491568 -1.64276 -0.694127)
(-17.5678 -18.2936 7.00529)
(-0.89533 -3.14957 -5.52693)
(13.9426 -6.98774 40.6624)
(12.5712 -4.43609 -20.5474)
(18.1743 -4.30789 5.57115)
(-0.735 -3.83851 -19.6441)
(-5.04867 -2.24265 8.60247)
(22.1739 -2.00721 -4.0988)
(19.5614 -7.25057 10.7597)
(-6.53829 -2.67327 -0.337866)
(-0.644932 -2.79769 -2.74544)
(0.769696 -0.92581 -0.658518)
(8.66234 -4.31303 -17.3639)
(-8.57799 -0.164526 -18.7017)
(0.34275 -1.81309 0.067297)
(-5.02304 -5.81419 -6.47086)
(-0.605905 -0.622008 0.303611)
(-1.13765 -0.011236 -0.606696)
(-5.16481 -1.49698 -0.800086)
(3.78836 -1.29185 0.640698)
(-2.65961 -3.78589 -1.48825)
(-10.3928 -13.9433 13.7936)
(-3.36881 -1.81278 -1.12876)
(-8.84154 -4.33376 21.5295)
(2.93884 -3.1455 10.8532)
(22.0934 -22.0389 18.9186)
(-5.26608 -7.71689 10.6685)
(-8.52817 -3.93158 7.98787)
(-3.39151 -1.24203 8.34005)
(-2.59734 -0.366405 14.655)
(-13.251 -4.22324 6.80945)
(8.22136 -5.06071 1.11325)
(24.2556 -7.98799 37.9515)
(-5.27804 -6.16883 -4.94826)
(-19.1941 -3.54917 -2.69409)
(-0.766567 -0.868417 -0.534545)
(-27.005 -8.73067 -4.69308)
(-5.64711 17.3647 1.81545)
(-7.51745 8.86003 1.65799)
(-5.33229 -3.2035 -6.43599)
(-8.61999 -2.25907 1.39485)
(11.4644 34.1794 1.43318)
(12.1572 18.5267 -0.882994)
(0.00196587 -0.253353 -2.92428)
(-0.558715 -1.56055 0.692713)
(-14.3332 -7.02148 7.6819)
(-1.71954 0.460393 0.585637)
(2.42431 7.74314 3.68789)
(4.95774 -4.73075 0.131943)
(-4.50478 -2.2369 3.12813)
(-0.0621349 -7.00811 -11.5016)
(-9.31125 -5.01424 7.21526)
(-0.1413 0.302463 0.571309)
(-4.65645 -3.56698 -9.117)
(-0.533292 -0.465456 0.331138)
(0.0520637 0.790962 -0.594907)
(-1.04028 0.03117 -2.1297)
(29.428 18.0298 3.06273)
(5.69277 5.10869 -0.839453)
(-11.012 16.7206 3.07006)
(-8.26208 14.1003 -6.55485)
(-8.83119 6.84675 -4.09652)
(13.2993 -15.8308 8.86366)
(4.58076 -4.71703 3.19815)
(-0.384238 -1.04301 8.40905)
(3.39801 2.14538 3.87814)
(-1.70898 0.904311 -1.19704)
(-1.08346 -0.0379968 0.857032)
(32.3522 5.58395 -11.9621)
(1.57607 0.239245 0.589555)
(10.6884 -5.55111 -5.81458)
(0.00105703 -0.000919913 -0.000233503)
(9.96469 8.58277 8.09776)
(11.9491 -17.9888 4.0219)
(2.93863 -4.18157 2.27802)
(8.4431 2.90171 -5.62072)
(2.55197 -3.52129 -6.99638)
(12.002 -18.3263 15.7574)
(7.6596 9.7831 -0.182902)
(2.35229 -3.13799 -3.01036)
(-5.28309 5.27884 -7.02283)
(1.22434 -0.0563151 -1.09368)
(-2.40962 20.9279 0.0415652)
(-2.45409 -2.21908 -1.60324)
(-2.76713 4.24658 -5.19469)
(-5.50487 7.91548 -3.22255)
(-4.57402 5.81609 3.80281)
(-1.76136 -2.34595 -4.49261)
(0.513775 0.148457 2.31466)
(-13.5603 -9.11152 17.6445)
(-9.13054 -0.30564 3.68908)
(1.06148 0.55448 0.705585)
(-5.84832 -3.64932 -10.7972)
(-1.43541 -1.20202 0.717838)
(18.4598 10.1219 0.99127)
(13.8589 14.808 4.65118)
(1.369 6.08557 8.92604)
(-3.54214 1.51021 2.5972)
(4.22997 -3.41446 -5.59667)
(7.33895 2.23832 -1.67278)
(-0.972634 9.10309 5.40248)
(21.2349 13.4111 4.24398)
(-0.497178 0.0458991 0.081258)
(-0.412022 -0.321329 3.44416)
(-22.2272 -9.40888 1.93956)
(33.456 20.1179 -7.34658)
(-1.01658 1.27756 -3.62691)
(1.7141 1.37377 -3.97696)
(-13.3167 25.9182 -12.7973)
(0.231529 -2.54501 -2.49538)
(8.33459 2.44917 3.51771)
(1.72509 3.2125 -3.20375)
(1.67 -2.72792 -0.43224)
(-3.62071 1.65365 0.207148)
(16.1213 7.10222 3.09517)
(14.9657 1.97638 5.49651)
(9.8753 -0.0294943 -5.6615)
(5.739 3.61261 0.687688)
(-6.72703 1.70445 2.30734)
(7.31976 -0.463571 11.8952)
(3.19685 4.82201 -1.51871)
(17.9245 27.3157 -1.30189)
(-6.60722 -2.90097 -4.83895)
(7.5593 2.26102 -2.1973)
(-0.937032 0.71352 2.69286)
(-0.370067 -0.695239 0.818737)
(-2.74515 -10.6133 2.27822)
(-9.21169 0.936866 -1.22326)
(-0.352974 -0.373298 -1.13792)
(-9.2885 4.42408 0.76051)
(-5.87443 1.04017 -0.907118)
(1.21668 6.29737 4.18282)
(-1.47093 6.2226 4.7286)
(1.67496 -0.713574 -0.450467)
(16.3287 -8.16938 -5.92933)
(2.48917 1.39431 0.1102)
(-0.00685428 -0.212675 -0.132927)
(0.0842763 -1.47083 0.478178)
(5.08875 0.695296 -2.08746)
(30.9554 1.14537 12.2853)
(-3.20384 -0.268911 -0.338148)
(-4.05321 -7.57307 -6.46372)
(-5.60042 1.91524 0.707012)
(3.5793 4.75559 7.45145)
(-0.0391611 0.19184 -0.169362)
(-8.70661 -2.94373 -5.6621)
(9.22501 -1.43337 -6.72046)
(0.617465 1.71685 -0.37772)
(-2.18344 1.5029 -2.60222)
(1.08087 1.59164 2.98851)
(0.0763549 0.0199568 0.00286334)
(-5.01589 -5.96913 11.2565)
(-1.04293 1.24506 0.987824)
(-2.8994 7.29951 11.4995)
(4.82906 8.57133 7.44514)
(2.51394 0.525411 1.47839)
(6.07311 3.95154 3.00428)
(13.3968 9.67118 -1.00245)
(4.61461 15.7324 -6.37556)
(0.976823 0.503578 -0.543465)
(0.306617 0.914768 -3.50946)
(-11.2361 18.7694 0.724897)
(-6.80675 -3.88302 -3.6573)
(-12.3006 -4.98461 -1.42822)
(3.9477 1.17517 0.48113)
(-2.80894 -2.58536 2.79907)
(-8.01317 -2.31319 -3.93719)
(-6.865 -1.58347 -2.85207)
(-8.57579 -11.6079 -6.28274)
(-0.883219 1.25323 -0.205966)
(-3.38891 -0.102201 4.66499)
(16.4239 2.28453 0.960906)
(-0.0681961 0.0299999 -0.579878)
(-5.90838 19.2864 -5.95053)
(23.0057 11.4554 28.1175)
(2.44499 -1.62274 0.0544684)
(1.63412 0.923803 -1.16059)
(8.08969 -15.0043 4.40896)
(-2.53334 7.92734 -0.0284141)
(-4.01099 1.57279 -0.802311)
(-3.19621 -15.083 13.8926)
(-1.13294 -1.41089 -1.92738)
(-2.42063 -6.36897 -1.85329)
(1.21403 -2.26982 1.46406)
(-7.95225 -10.7774 22.5636)
(-5.3129 -12.9089 -3.91582)
(-6.13355 -2.81992 15.6409)
(-18.7506 -9.78636 5.81852)
(-28.065 -17.1828 -20.4909)
(4.61095 -2.96084 1.73913)
(-22.8221 -13.8819 -1.24604)
(-9.64581 -10.3569 -22.9898)
(16.1698 -10.4952 0.468283)
(-4.89869 -1.65716 2.65262)
(-13.0288 -13.059 13.1083)
(6.0338 -8.73654 -1.32212)
(-2.39594 -1.08246 -2.97455)
(-6.464 -8.02792 -4.32865)
(16.2592 -6.9476 -12.7874)
(-4.90176 -19.1536 3.532)
(-2.45097 -4.51488 6.43833)
(1.15055 -3.49363 1.83664)
(-0.674494 -1.02668 -0.371114)
(6.72212 -14.0195 3.72182)
(-2.22433 -1.33554 -1.09308)
(0.0583296 -0.0889495 -0.335653)
(5.59815 -3.95917 1.12346)
(1.14013 -2.02094 -5.95933)
(-3.82908 -1.80018 -1.89714)
(-6.73992 -14.9686 -6.74257)
(-5.76682 -1.1631 -10.1497)
(-1.37193 -2.59618 0.0925894)
(1.69278 -0.272046 0.60372)
(-58.6194 -7.21501 -11.6275)
(-7.28698 -16.1836 -7.28985)
(-4.64506 -13.3215 -1.53472)
(6.79311 -1.78215 7.81744)
(-0.221359 -3.02628 1.85709)
(0.52199 -6.0911 -3.30003)
(-20.0715 -9.42856 -3.70059)
(0.32479 -1.07969 0.205394)
(6.17398 -3.90503 7.83506)
(3.75196 -2.27581 -4.17351)
(0.681384 -0.230399 4.19678)
(4.85968 -4.95491 2.94243)
(-1.64668 -0.361113 -0.299247)
(-1.90265 -1.54562 -1.82305)
(0.732629 -0.832937 3.19878)
(1.81792 -2.77446 -3.34168)
(-7.33798 -9.70219 3.68408)
(24.8312 -29.9009 9.38104)
(7.06443 -1.38165 7.00406)
(-3.21284 -5.04651 4.26252)
(9.19823 -11.1887 1.09207)
(1.09848 -1.00657 0.926763)
(0.785851 -3.60265 -1.65804)
(-4.22647 -2.41742 1.82206)
(3.97318 -26.0556 -13.4237)
(-4.78076 -6.68411 0.495662)
(-1.65127 -2.67942 7.36352)
(-5.29255 -12.5395 -6.77223)
(2.27523 -4.23274 3.69962)
(0.190187 -6.47591 7.56078)
(22.1236 -5.94295 -4.37161)
(2.49247 -3.74723 -3.89317)
(1.47018 -5.85564 4.50074)
(10.6396 -6.07844 -30.6906)
(-9.66324 -3.17763 -5.00131)
(-2.77027 -7.3973 -1.69172)
(0.0824677 -0.645293 -0.452618)
(-37.3522 -4.17239 25.5947)
(-6.07744 -4.73062 -3.50972)
(0.0913457 -0.23094 -1.52578)
(0.0162584 -0.0462225 0.0123586)
(-16.4434 -1.88954 -3.40282)
(4.44309 -4.30813 -3.7461)
(-4.41947 -5.72385 5.97756)
(-6.1658 -3.03863 4.84086)
(-1.88508 -0.265302 6.47864)
(-1.30669 -5.65876 -3.62698)
(1.38824 -5.52927 4.2499)
(24.0716 -21.6375 1.24722)
(1.65384 -2.49794 -1.76013)
(0.743231 -0.0739677 -1.49041)
(-0.675465 -0.975142 1.25423)
(-7.9915 -1.90935 -6.70389)
(-6.81225 -5.54176 -8.74686)
(8.90984 -8.8565 -13.4214)
(0.0425733 -4.13027 -1.94962)
(24.5027 -21.9684 -4.77154)
(-15.7048 -1.17215 -4.56562)
(-15.1839 -2.70123 8.81904)
(-7.64979 -1.16987 -0.963183)
(-15.2394 -2.27943 13.5977)
(11.6011 -3.84801 -0.544322)
(-8.10465 -4.54 5.47004)
(-13.373 -2.60658 10.3744)
(-0.873735 -1.24613 0.637001)
(-4.92608 -15.7368 9.94114)
(-2.77602 -7.60852 12.0903)
(-6.43865 -4.97124 -0.50294)
(-1.07141 -4.84487 -1.59294)
(0.53393 -28.3727 9.13639)
(25.4217 -7.63458 -16.4966)
(-10.1258 -4.12432 1.24813)
(5.92512 -4.19041 1.18908)
(3.15696 -3.13636 -1.75298)
(4.61068 -6.91743 40.3436)
(-2.9725 -8.11818 6.68989)
(-19.1415 -14.6799 -0.13011)
(11.1283 -5.32889 -5.60059)
(1.72558 -43.4191 -15.9888)
(-2.53047 -5.61019 -12.1424)
(-6.96446 -0.59743 5.99314)
(6.23206 -1.50657 -2.39132)
(-2.75974 -4.84312 -0.89257)
(-2.37053 -7.79885 -0.695153)
(23.021 -50.1356 -27.287)
(-3.39768 -1.9455 -3.48894)
(-5.30664 -2.89963 1.50252)
(10.5197 -10.0558 0.603527)
(2.44359 -7.99544 2.61529)
(-4.74884 -9.84612 3.65124)
(9.82379 -14.2453 -3.29612)
(-1.66767 -12.8668 0.0901625)
(-20.7967 -9.34575 12.5709)
(-0.573943 -5.60893 -1.06201)
(-0.317235 -4.61463 9.52614)
(-29.7113 -3.2174 -4.02381)
(0.973747 -10.0468 -4.08487)
(1.00121 -0.0418895 0.00415583)
(16.8318 -0.357719 -4.35776)
(-0.899847 -4.92989 -3.93828)
(3.14342 -9.90216 4.64407)
(-4.30202 -2.53425 -0.827012)
(-25.2748 -8.17128 -4.39239)
(-2.36251 -5.21228 0.437184)
(-1.4396 -2.09009 15.3205)
(-2.99554 -3.61092 -1.03341)
(-1.82239 -1.43336 -3.98094)
(-8.97733 -4.8955 -14.9526)
(-11.8018 -6.84526 -4.10171)
(10.1639 -9.71558 0.58311)
(13.5685 -6.28976 3.97921)
(-1.14345 -6.53139 -5.04407)
(-21.4113 -6.92222 -3.72097)
(1.01437 -8.02717 -26.7494)
(-0.996416 -9.3663 6.25243)
(8.40166 -4.63866 22.5447)
(-0.00828724 -0.0738652 -0.00863827)
(0.635479 -6.16468 10.3368)
(1.84527 -0.406106 0.0737117)
(7.36064 -2.86636 -8.2933)
(0.12476 -4.8206 -5.77924)
(1.23695 -1.20015 -0.550313)
(4.80849 -2.24628 17.8092)
(18.8687 -9.71318 6.96144)
(-7.6964 -8.43873 -1.81982)
(-10.6725 -0.738764 -0.693037)
(-27.7246 -14.4141 2.54615)
(-0.307439 -0.376624 -1.45714)
(1.71503 -3.97817 3.53239)
(-18.1767 -14.3908 2.88818)
(-3.80191 -4.13837 5.01707)
(-0.0622749 -1.35491 -1.27999)
(4.7382 -0.239109 -0.543579)
(1.87227 -24.5165 -13.8035)
(-5.81678 -1.87278 0.429458)
(-1.10045 -0.214016 -3.26457)
(-3.7722 -0.498417 0.67915)
(5.96696 -9.36819 0.888342)
(-16.8311 -13.9957 -2.62283)
(-1.45705 -5.00673 4.62473)
(5.50404 -1.19554 0.406315)
(21.9015 -2.35241 -10.5517)
(-2.41074 -8.98683 2.16155)
(14.7105 -23.0557 -21.3878)
(-1.16733 -0.668603 -1.7369)
(-7.8947 -9.02661 -4.98149)
(-6.26573 -12.878 5.89133)
(-0.956814 -0.910218 3.08649)
(-1.42003 -2.10516 4.57252)
(3.72691 -1.68057 0.055414)
(-13.4955 -21.095 10.7472)
(-14.6565 -13.3117 11.1)
(2.38277 -1.30301 -0.786766)
(-0.951708 -0.545103 -1.41607)
(5.04769 -1.11321 -20.8949)
(-5.37728 -4.26785 -3.91698)
(-0.0596636 -13.4451 -8.69792)
(-1.01259 -1.14631 -3.05061)
(17.3816 -2.06489 3.19609)
(14.4824 -3.62241 2.98957)
(-1.25731 -14.3933 -10.5152)
(-0.109912 -1.83954 0.404112)
(1.84113 23.3487 -0.176651)
(2.82599 -4.15401 9.47205)
(5.03323 -7.76334 5.8253)
(2.71644 -3.99504 -2.89851)
(-5.70002 -4.11308 3.84457)
(8.59985 17.8871 4.56993)
(-4.86697 22.6385 -8.25994)
(1.61424 3.58025 2.09123)
(9.47494 0.363655 1.09791)
(-36.3875 2.88223 -1.70091)
(2.94093 7.21172 -4.79429)
(0.504531 -0.0166724 -0.118408)
(-0.786841 -0.40364 -1.06694)
(-0.0175033 2.17425 -3.91678)
(-0.734551 -1.06044 1.36395)
(3.90176 5.4535 -1.38429)
(0.712504 0.820532 0.122342)
(0.0168196 1.11469 0.209657)
(-0.0897705 -0.173436 0.142103)
(-10.6994 8.56005 -5.65486)
(5.10612 -1.34879 -3.5276)
(-19.8111 10.8356 6.91181)
(-0.00546683 0.0200338 0.0301856)
(-2.6691 -8.34306 8.06687)
(-1.37562 -4.72695 4.3663)
(-8.53643 2.20365 -0.16683)
(12.9085 -6.70297 -2.51448)
(-0.394041 -2.67371 0.666633)
(-17.7098 12.6736 3.22057)
(-9.94499 16.2727 2.16718)
(-3.44732 -3.56372 6.25113)
(-0.802864 2.0913 -0.316283)
(1.91134 -0.462349 0.188311)
(-1.07856 -1.42364 -1.96782)
(-14.3456 4.7366 -0.610582)
(-0.0114175 0.247899 -0.294602)
(-6.60425 -1.20887 -3.8656)
(3.11482 2.26492 2.02859)
(11.4806 15.2199 0.806117)
(-5.63943e-05 -0.0667775 -0.0354205)
(3.67093 -13.178 -1.68741)
(-0.681396 -0.295521 0.154051)
(10.2031 -3.60044 -16.6768)
(0.425196 1.75087 -0.0425917)
(-0.641224 -0.245056 0.549478)
(1.88846 -11.7592 3.93507)
(6.29608 3.62312 -1.11884)
(4.43812 0.510468 1.99594)
(0.271217 0.710216 0.730455)
(7.29053 11.3146 3.33257)
(1.19075 2.58104 -1.43172)
(0.0362818 13.3733 -5.40892)
(-11.6095 17.7952 -16.7659)
(0.633242 -0.365594 -1.96868)
(-4.83215 1.20006 2.84679)
(0.935595 4.6497 2.36207)
(-0.244351 -1.37709 3.62593)
(7.58664 9.34889 -3.86825)
(4.71972 4.18219 -4.54428)
(1.12152 1.60581 0.663713)
(-0.327467 -0.110243 -1.16976)
(-2.34154 1.54115 -2.20589)
(2.23391 -0.0293971 -3.53653)
(-12.1491 2.28203 -2.40049)
(1.24988 10.5961 2.0168)
(-0.511331 0.071142 -1.86079)
(-2.76373 11.9589 7.2913)
(-0.535244 -6.84825 1.14482)
(-0.623659 -3.25704 -16.6683)
(-0.481475 3.30766 -1.2702)
(2.12024 -0.88145 -1.34673)
(-0.471393 6.84906 -3.20041)
(0.505895 6.71214 3.25801)
(-4.14785 16.7315 -17.7141)
(-3.09167 2.22312 -7.65542)
(-3.20674 -3.74965 -1.5766)
(8.95167 -0.190263 -4.06467)
(-10.742 -10.2394 -4.51398)
(-0.0246732 -0.0432399 0.0293634)
(-3.08367 7.56212 3.41153)
(-6.0159 5.73373 -2.63631)
(2.47969 -21.9601 0.395263)
(2.15994 1.29642 0.51227)
(-16.4846 -1.1238 -2.56945)
(-0.0718856 17.4124 4.77706)
(-13.7869 2.51874 5.13075)
(-1.62865 0.216377 -2.4044)
(3.72922 -4.18194 1.85287)
(-2.01716 -7.268 -1.25886)
(-2.81993 7.11774 -0.178657)
(2.00089 -1.77963 -0.651878)
(-1.76056 1.40135 0.597529)
(1.51645 2.81371 -5.26812)
(16.4293 7.26444 4.71634)
(10.5001 -10.0478 1.98971)
(5.52146 -2.02121 1.10932)
(1.38512 0.611513 -0.55411)
(2.61063 5.75937 2.82158)
(-0.336948 0.280392 0.194766)
(2.39932 -8.88115 -0.515789)
(-0.846879 -1.16418 1.30973)
(-2.13887 -1.73826 -8.415)
(0.784319 2.1261 -1.6998)
(0.168964 -4.74263 -0.315892)
(12.712 6.35433 0.486341)
(0.0232095 -2.72824 3.07165)
(-5.69015 -10.8487 -3.47027)
(-3.00636 -0.416363 2.25063)
(22.9158 0.297967 -14.8336)
(-2.50968 10.1131 1.17983)
(-2.26073 -1.73244 6.41479)
(1.17575 8.9206 5.52452)
(1.04128 1.25536 -2.21123)
(21.5216 17.3055 10.6175)
(0.612424 -5.68164 20.738)
(-22.2261 -7.46558 -17.2737)
(10.3181 -5.91127 7.09176)
(3.64142 -2.85653 -1.58395)
(-7.32245 16.8415 -3.61732)
(9.62995 5.74277 4.07663)
(0.702533 -0.0575709 -1.47537)
(-1.18446 -2.91906 2.4447)
(0.358146 0.189432 -0.680496)
(-2.3564 -5.90582 -1.9899)
(0.881298 -0.644387 -6.20754)
(6.88195 0.725806 7.65472)
(16.8565 11.5721 4.0892)
(5.28376 9.11433 0.630625)
(-0.341009 -3.28987 -1.24169)
(-1.29974 18.2136 3.88891)
(0.417846 -0.346641 -0.2218)
(0.674463 -6.54285 10.9709)
(0.442346 -1.57221 -0.297657)
(-0.236758 1.167 -12.1045)
(-0.502521 -1.55813 0.324635)
(-11.4701 -7.35016 6.06668)
(10.4002 -0.168802 10.7945)
(-3.00651 21.3751 3.66261)
(-13.2648 -2.91693 11.293)
(5.76605 1.7499 0.295236)
(0.9503 -14.8567 -10.9755)
(25.2492 -7.6574 1.43684)
(8.06451 -1.89824 2.03779)
(-3.33486 1.47467 -2.2663)
(11.4136 -0.348096 3.14951)
(3.90204 7.43753 -6.59179)
(2.29998 0.932128 -0.350143)
(-1.87012 -10.0607 14.7271)
(1.37581 -2.5723 1.65916)
(-3.52033 2.30157 -3.81696)
(1.06774 4.21435 -0.1309)
(0.344651 2.7009 -2.66806)
(1.27684 12.4346 2.07763)
(-0.752151 2.35708 4.00362)
(10.8403 0.896214 -0.220339)
(3.20442 -1.66465 -1.03155)
(17.9027 9.0803 3.00655)
(-1.22878 0.863853 -0.881958)
(-8.31601 6.04299 1.75312)
(-3.3557 -0.507198 -1.95496)
(0.130051 1.51831 1.69745)
(11.6484 -1.78119 1.03742)
(2.41895 3.47979 6.15931)
(0.148416 -3.7532 2.46549)
(9.65236 19.8796 -10.4852)
(2.99227 -21.6174 -1.8306)
(-3.67573 2.10846 -0.862717)
(11.4364 6.31666 3.03008)
(12.0397 1.02368 3.0942)
(0.67738 -1.43038 0.110333)
(42.5859 3.07259 -0.0599969)
(-7.32839 -2.12791 -3.39499)
(0.0498418 0.191446 -0.0436231)
(10.9497 5.91494 7.32957)
(4.55799 3.05514 2.15413)
(-0.427863 -0.970982 -3.55621)
(-8.48293 -12.5066 -4.37535)
(-7.34355 10.5327 1.53358)
(12.9842 -6.5074 37.8673)
(8.23502 0.758102 -2.04288)
(5.26234 -2.04988 5.38029)
(8.71596 -3.77966 3.17512)
(2.90962 14.2122 -2.4294)
(0.314395 1.46063 1.09753)
(5.25291 31.7769 -1.42078)
(-4.89421 -1.65564 2.65019)
(-0.452243 1.42381 2.43226)
(0.238628 -1.42407 2.05541)
(-27.4871 24.3662 -3.97253)
(-2.42967 2.22063 -0.537712)
(-33.1246 33.7282 0.0788609)
(-6.55014 4.50218 0.429045)
(5.94059 29.2469 6.81098)
(-2.90813 4.56458 -0.800998)
(0.0476094 -0.0226785 -0.884162)
(5.88976 2.33034 2.39515)
(1.51416 0.158302 -4.48397)
(-1.00972 1.99087 3.73609)
(-3.06786 9.31331 -6.38825)
(-12.8186 -2.13747 5.28971)
(6.76793 0.771958 -4.99066)
(-1.87819 -7.89081 -2.50794)
(2.44309 0.456686 2.85618)
(-0.18097 -0.432565 -0.573397)
(17.8618 9.51755 -2.666)
(2.7172 -1.7247 -0.494192)
(13.8086 5.95143 35.2961)
(-2.12483 -9.65938 -14.9489)
(7.5418 -9.38313 8.52387)
(-2.12733 -5.59725 -1.62873)
(-28.6317 -0.435129 11.5792)
(-12.7127 -6.14905 2.12084)
(3.85614 -2.47615 1.45443)
(6.08295 -3.7444 0.823688)
(30.2754 -12.0181 20.0568)
(-16.3897 -8.55418 5.08593)
(6.85784 -8.53219 7.75085)
(1.08429 -2.02725 1.3076)
(-6.46557 -4.38338 9.30752)
(-0.434336 -0.642496 1.31484)
(13.1353 -8.52565 0.380402)
(-1.67024 -2.24501 0.0974242)
(-3.64293 -7.30044 5.24801)
(2.09543 -2.34947 -3.08794)
(6.59309 -7.11917 -0.699721)
(-1.01185 -4.72076 -7.06933)
(1.64801 -6.10016 -0.354278)
(2.35949 -4.15281 0.489125)
(-16.3827 -11.4662 5.04521)
(11.6791 -5.99278 -14.7642)
(29.4524 -16.4581 -9.69136)
(-0.0570512 -5.87162 3.81677)
(4.84356 -2.45422 0.388866)
(-5.17378 -4.80688 -17.0727)
(-2.10638 -0.951644 -2.61507)
(5.02719 -2.40834 -5.79267)
(9.38512 -7.98013 22.7506)
(-0.926525 -1.72233 -4.39528)
(-18.1497 -8.80625 -7.13765)
(4.61182 -2.91697 5.85262)
(-5.90326 -10.4088 8.25414)
(1.96916 -22.2301 -16.0099)
(5.39835 -5.23975 1.24815)
(-4.12449 -1.31955 4.44118)
(-26.8488 -9.03191 10.5148)
(8.89055 -2.38257 -2.10249)
(-2.21696 -1.32786 -2.18556)
(-5.89498 -2.37199 2.77545)
(-17.2445 -0.395474 14.4115)
(0.966518 -8.63071 12.5061)
(0.0465251 -0.436208 -0.281571)
(-4.59814 -10.8942 -5.88368)
(-30.7618 -10.3482 12.0472)
(0.00880584 -1.01362 0.607344)
(-0.0744155 -0.028019 -0.0417225)
(0.486336 -1.95628 1.68389)
(2.13634 -8.25461 -4.71066)
(-0.655152 -2.30467 -4.04429)
(-4.07821 -7.85206 10.455)
(3.76445 -23.3453 3.60426)
(5.50407 -2.42319 -4.68011)
(-7.57742 -6.0129 3.32307)
(-12.1874 -0.0295303 4.34563)
(17.1243 -4.60001 -3.38375)
(-6.43624 -8.50992 3.23135)
(7.01188 -8.73808 14.3777)
(0.386048 -1.28333 0.244133)
(0.306416 -1.01861 0.193775)
(-7.33751 -4.49077 -5.75919)
(-12.4416 -19.0626 13.2534)
(9.18641 -6.47972 5.50992)
(7.93891 -17.3144 -13.8058)
(-0.348465 -0.94632 -2.35003)
(-0.118735 -3.3715 -1.8856)
(0.712046 -3.2643 -1.50232)
(-2.82635 -0.553567 -1.73533)
(-0.46984 -3.02066 5.00481)
(3.10943 -3.01498 -2.62165)
(5.79308 -3.19843 15.5449)
(0.300887 -6.68171 -2.89732)
(2.73273 -3.52855 0.903776)
(2.86404 -2.32458 -3.38527)
(-3.90209 -2.10214 0.51473)
(9.01638 -6.09789 -3.50687)
(-5.05522 -3.93494 -2.91939)
(-0.687218 -6.45984 4.31224)
(4.36317 -0.256729 -0.79454)
(8.8061 -13.1088 2.8787)
(10.3906 -1.61147 -6.52801)
(5.18407 -7.25631 0.941319)
(-20.2085 -6.05848 -18.7886)
(-4.63699 -5.82865 -0.960071)
(-28.8679 -10.8833 -3.50194)
(2.48423 -2.68373 5.15099)
(-0.835931 -3.78004 -1.24283)
(-2.00612 -1.20158 -1.97771)
(-0.0487628 -1.74629 4.88345)
(-14.6934 -6.60303 8.8817)
(0.989006 -9.6139 7.62912)
(-1.15225 -2.55026 9.52843)
(0.996677 -1.37789 -0.369748)
(-7.58687 -13.8303 19.9883)
(21.0195 -18.8454 -4.09322)
(4.29268 -18.283 18.364)
(2.23589 -3.8695 4.14394)
(-12.8952 -9.52572 3.33574)
(-1.83287 -6.03 -0.537486)
(0.190734 -2.55876 -0.595379)
(-9.37174 -26.5452 4.5114)
(1.05152 -0.066864 -0.452817)
(21.7869 -4.35957 6.15515)
(0.640258 -15.2934 -7.25929)
(17.9273 -7.31121 -6.10209)
(-3.43997 -0.359291 -1.58973)
(0.630602 -0.664724 -0.789057)
(-3.48696 -8.1554 -3.95685)
(1.6417 -28.82 10.3519)
(-0.0702839 -7.63573 -4.60117)
(7.99729 -11.5967 -2.68329)
(-0.564788 -1.97372 0.522481)
(11.8638 -4.03592 2.17439)
(-1.96944 -7.34173 1.76587)
(7.96656 -7.53552 -12.6387)
(-2.62511 -2.2635 -2.99263)
(-9.20958 -6.91199 -21.1122)
(0.722104 -1.5383 -4.15903)
(-2.50457 -4.39532 -0.810043)
(28.1865 -8.34052 -1.36766)
(0.0315869 -0.0181147 -0.0219677)
(10.9327 -12.7722 -4.3879)
(0.492256 -0.576989 -0.17995)
(-2.18348 -0.46662 1.7338)
(-0.509616 -1.44553 7.29003)
(-0.91976 -1.88332 1.54968)
(15.0218 -13.6724 -12.8978)
(-21.8023 -11.3351 2.00227)
(-2.84578 -1.53133 -0.953509)
(-0.688996 -1.65132 -0.0114869)
(1.25762 -12.7907 1.4712)
(-9.34937 -6.55399 -4.06966)
(4.14415 -1.93593 15.3487)
(0.031924 -0.018308 -0.0222022)
(11.0034 -4.91235 -6.01121)
(-3.19499 0.674971 3.72154)
(3.9299 -9.98735 1.3838)
(11.3276 -17.7537 -16.4693)
(-10.8891 -6.31592 -3.78452)
(3.22876 -7.9592 -11.5245)
(-3.16625 -0.418354 0.570055)
(2.02135 -0.709176 -1.66511)
(-15.1123 -36.9035 16.6897)
(7.88336 -1.20891 3.73883)
(1.5369 -3.32559 -2.19889)
(-0.0348026 -0.125169 -0.026462)
(6.21071 -2.41856 -6.99766)
(-1.88017 -6.08954 4.79088)
(1.89844 -1.03815 -0.626845)
(-0.51307 -0.526706 0.257093)
(4.05747 -6.25831 4.69598)
(1.02243 -16.6711 12.504)
(-1.37597 -7.40228 10.8357)
(43.7899 -18.0855 -4.22452)
(-31.2826 -17.2836 -17.3665)
(1.33962 -3.10737 2.75918)
(-16.7465 -5.625 -13.015)
(1.84234 -16.3157 0.29367)
(-2.96271 -7.38901 -0.515167)
(-11.8677 -18.5505 9.4509)
(3.36101 -2.93805 1.77459)
(1.58251 -15.9294 -16.1889)
(1.04977 -3.18762 1.67577)
(0.123512 -0.940822 1.33176)
(-1.05121 -12.034 -8.79155)
(-0.0921822 -1.5428 0.338924)
(-2.14827 -6.71507 6.49277)
(26.5252 -14.6582 1.80269)
(1.98096 -2.12026 7.31575)
(2.56275 -2.87386 1.27331)
(0.814617 -1.44428 2.33814)
(6.13686 -1.92963 7.59265)
(2.48611 -0.629194 -1.75529)
(0.467102 -0.47096 -0.114224)
(6.17221 -7.29425 2.1532)
(-0.876809 -0.964719 -3.28849)
(-0.757419 -0.818476 8.08141)
(5.94388 -0.923553 -4.33014)
(-5.43928 -3.92494 3.66871)
(5.00332 0.626114 -2.29713)
(4.88967 -4.33671 -5.50426)
(-1.71606 0.442993 -0.0335373)
(-22.5869 22.9985 0.0537735)
(-3.089 -3.51835 2.92265)
(0.00215223 -0.277371 -3.2015)
(1.95359 1.99819 2.18568)
(-7.69715 -8.01514 3.0693)
(0.2919 3.87289 1.87986)
(-3.97562 2.11356 0.033159)
(-0.547331 -0.620052 -0.381667)
(1.8936 6.64801 0.57438)
(-9.41838 -6.32847 12.2551)
(6.29729 -10.2381 -8.48938)
(-0.143568 -2.04293 -1.62363)
(0.294227 -0.359473 -0.53195)
(-19.9027 17.6429 -2.87641)
(-1.86609 -7.21469 1.54868)
(-1.63197 -1.3263 -6.42067)
(-0.256779 -1.00105 -0.192816)
(3.08621 -0.0276553 -2.23632)
(0.866661 5.86358 3.00682)
(4.384 -3.33544 2.10397)
(-0.00773265 1.79075 0.696096)
(-5.52911 -1.39614 2.5881)
(11.3677 -19.7925 8.54532)
(5.98287 -3.42762 4.11212)
(-2.06954 -3.86676 -3.30033)
(-2.24271 6.80835 -4.67003)
(-1.78265 -4.63612 0.27847)
(-0.414817 -0.341159 2.39985)
(2.82493 -2.22518 -1.49858)
(0.936827 4.16445 6.10823)
(-1.09329 0.226671 -1.68611)
(14.0928 -1.67418 2.59134)
(-0.534306 -0.274092 -0.724506)
(-2.09491 3.28816 -0.577009)
(1.67202 -0.200403 -0.58995)
(-0.279533 -1.39235 -1.44237)
(6.8554 0.259367 -0.811244)
(0.716767 -1.24058 -2.68289)
(-10.1903 -4.99196 5.4615)
(-9.60003 -7.4484 -11.384)
(-0.270345 -0.0988612 -2.4258)
(-0.188423 1.1941 1.72691)
(-21.692 11.1409 -1.27809)
(0.329599 1.60521 1.56655)
(-0.345172 2.33524 0.262907)
(-6.23099 1.49598 -2.57765)
(2.33291 1.47292 2.66255)
(-9.19263 -1.53285 3.79342)
(2.46329 -2.01878 3.04177)
(-0.740518 2.36284 -2.76981)
(-0.0481989 -0.17335 -0.0366478)
(-16.7988 23.4918 -0.277924)
(0.377546 1.7567 1.19658)
(4.41771 -6.18362 0.802165)
(4.24976 1.14276 -1.97167)
(-10.0343 6.48227 1.99133)
(-4.32718 14.758 0.600972)
(-9.33216 1.76802 -1.93907)
(0.982866 8.33241 1.58595)
(9.98267 13.0955 2.19746)
(-5.07485 21.7294 -1.27795)
(-0.791356 5.65342 7.74076)
(3.25486 2.2064 1.44114)
(0.359641 -0.190142 0.390339)
(-0.141864 -0.118753 -0.43345)
(1.59761 -0.560511 -1.31605)
(0.928323 -2.75907 11.9147)
(-8.8734 3.3709 -8.6273)
(1.07219 0.560075 0.712705)
(-0.292452 4.24916 -1.98554)
(0.250211 1.9608 -1.93696)
(20.5489 15.9426 1.05888)
(-0.39114 0.0544197 -1.4234)
(-0.135632 -0.375984 0.311426)
(5.63588 -4.3816 -3.38216)
(10.146 -15.4923 13.3207)
(-0.546657 -0.200121 0.496499)
(10.5188 4.62223 -4.19875)
(0.16529 0.139047 -0.00203545)
(7.15971 6.16679 5.81831)
(2.43462 -11.5276 0.321594)
(5.93097 3.84718 4.27962)
(2.34306 -0.75855 2.68073)
(-3.77425 0.222787 -0.501353)
(11.3325 -43.3561 10.4854)
(-3.76189 0.915056 -3.25526)
(-0.161655 -0.43881 3.53781)
(0.400596 0.00457777 -1.12987)
(0.00894476 -0.059269 0.0414829)
(4.45824 21.9489 5.11144)
(-21.2032 7.23433 0.244511)
(-13.4677 8.14373 -2.09809)
(-1.39238 1.47023 1.56778)
(0.0349355 -0.0166414 -0.648794)
(1.64295 -13.4034 -5.61883)
(-18.4217 5.58699 -1.87545)
(-0.44761 -0.163862 0.40654)
(-5.61466 2.84245 -0.793705)
(5.14989 -0.32615 8.36903)
(-1.97688 3.03382 -3.71117)
(4.13492 3.99631 -9.88519)
(0.243403 1.47822 0.836046)
(4.02544 -9.74898 -10.8547)
(-2.26934 9.81967 5.98701)
(2.61964 1.84552 -0.889613)
(-2.0948 -0.386063 -0.254008)
(4.73051 0.178974 -0.559792)
(6.43895 -1.39861 0.475331)
(19.8281 -11.9811 1.02965)
(3.68272 -3.5141 0.0980099)
(2.08503 0.435769 1.22615)
(-0.170575 6.41247 -18.857)
(-1.14787 -1.52884 -2.92781)
(-3.71457 1.23764 -5.14565)
(-15.0771 -2.7879 -2.11623)
(0.993935 3.41634 0.446573)
(1.3967 2.04724 8.16616)
(-4.10002 -3.59831 -0.0353814)
(-6.41539 -3.70746 5.29329)
(-4.39096 -8.37172 -2.67793)
(15.5287 7.8762 2.60787)
(-0.809443 -0.890599 -3.03583)
(0.606238 2.2982 -3.31949)
(3.05728 5.82736 -5.16472)
(2.42824 0.202723 0.528046)
(-4.3174 6.74521 1.47442)
(1.6312 5.72677 0.494786)
(1.23023 2.28264 -4.2738)
(19.4837 6.33526 9.32242)
(2.94853 3.19894 3.09182)
(0.409307 2.48578 1.4059)
(-4.81948 -0.636794 0.867704)
(-0.787598 3.21617 1.54183)
(-1.49265 -3.05639 2.51493)
(6.22691 -9.83768 -2.59937)
(1.00776 9.8141 1.63979)
(8.09853 -13.5864 0.52973)
(-2.01814 6.28731 1.87818)
(0.241111 -0.36806 0.467246)
(-1.2833 0.459351 -0.897434)
(13.5075 9.27301 3.27677)
(0.00205471 0.587302 0.0121252)
(0.34944 -6.95403 -1.51061)
(1.98756 -1.98664 -0.504117)
(0.566118 -0.803474 -0.485188)
(15.1318 -4.54705 -0.862257)
(-1.16084 -2.37695 1.95587)
(2.68472 18.8632 -2.46511)
(-0.768878 3.25265 2.47171)
(26.7582 4.36994 1.15818)
(-0.608227 -7.87456 -1.86316)
(-1.73892 -0.890277 -1.38012)
(9.12989 -5.19196 -22.9507)
(-26.048 26.5226 0.0620134)
(-0.340759 0.805026 -0.668089)
(-2.23335 2.87357 3.4909)
(0.056429 0.407129 -0.737561)
(7.4288 1.66967 2.11365)
(-16.1655 -4.57549 3.35225)
(-0.340151 7.79934 1.04055)
(-1.25034 1.09388 5.36966)
(-2.53053 21.978 0.0436509)
(-0.54583 0.975633 1.17519)
(-1.22041 -3.00764 2.51889)
(8.76563 -20.9311 2.93169)
(-5.75767 -3.77392 6.88165)
(25.7387 4.44247 -9.51681)
(-3.72238 -4.4298 8.35366)
(1.33407 1.28426 2.04767)
(1.09806 7.40734 -1.03766)
(-0.722492 10.92 7.7108)
(-3.8837 0.139912 -6.11091)
(0.159082 -1.21177 1.71529)
(-1.25278 9.32157 1.09161)
(6.08385 0.804293 3.09751)
(0.649172 6.28686 -2.00667)
(0.985905 1.82645 -1.11939)
(5.33089 -0.0595066 1.80575)
(-4.6453 -3.20675 -2.50733)
(0.510644 -6.71288 -3.58451)
(-6.06294 1.66416 5.20594)
(-7.01738 -3.77896 5.43775)
(-0.552975 -0.226092 -0.0285749)
(3.82888 4.16549 -0.387464)
(-1.57897 -0.603433 1.35305)
(0.552751 -4.86919 -4.57599)
(2.38695 5.52003 1.15864)
(2.30147 -2.50271 3.9119)
(2.124 -1.1615 -0.701322)
(0.955829 -1.35211 3.09499)
(-13.4896 1.68187 -4.36562)
(-35.9271 36.5818 0.0855332)
(-1.41532 5.66133 1.91541)
(-3.23739 -8.07405 -0.562929)
(-0.794241 -1.14661 1.47478)
(0.191125 -1.14058 1.64624)
(-4.93216 4.58179 -18.6874)
(-1.52509 5.0301 11.1771)
(9.97913 4.44202 -0.45183)
(0.259046 -0.316491 -0.468344)
(-11.0735 2.93448 -21.4275)
(-19.6436 10.0889 -1.1574)
(9.48559 -14.2801 3.19272)
(-0.0426722 -0.153473 -0.0324456)
(0.391508 -1.12039 -2.70868)
(0.0392123 0.595721 -0.44806)
(-1.083 -0.062762 -0.792693)
(-10.4289 6.42784 -5.98692)
(-15.3053 -10.6384 0.946312)
(-7.90642 13.4933 -6.27268)
(-14.776 2.77546 -2.91954)
(0.125947 -0.281467 -0.0466403)
(1.78579 -0.393018 0.0713359)
(-1.59328 3.67791 1.01465)
(6.08567 1.36779 1.7315)
(-4.51673 -3.35194 0.931018)
(-2.62565 2.11254 2.12959)
(-16.8051 5.42608 14.5914)
(-0.251998 -1.2552 -1.30029)
(-1.84917 16.0604 0.0318977)
(-0.401 -0.341153 -0.146952)
(-0.00276549 0.0194277 -0.00429469)
(-0.383379 -3.42486 -0.04154)
(0.611311 -0.3232 0.663491)
(-25.951 26.4239 0.0617826)
(2.71363 -1.4097 -0.873557)
(-1.6092 -0.451725 -0.968667)
(1.45938 5.2654 -2.15943)
(-0.381916 -0.3141 2.20951)
(0.658137 -1.1391 -2.46344)
(15.9276 18.2096 2.74378)
(-1.20311 -1.58804 -2.19506)
(10.4903 0.402626 1.21556)
(6.53355 -33.4914 -15.9569)
(9.26905 3.61305 -1.09212)
(-5.58217 1.34021 -2.30924)
(-3.32499 20.556 -1.88862)
(-1.77867 9.92947 -4.78726)
(-3.8646 -3.85749 0.42378)
(0.0193298 1.38772 3.17812)
(0.427046 0.760639 0.381459)
(1.91523 -0.831769 1.35458)
(-2.32279 15.9137 -12.8122)
(-7.49723 4.48226 -3.89678)
(0.343673 0.168762 0.267382)
(1.88325 -1.88238 -0.47766)
(-4.88263 -3.54448 3.50505)
(-6.45376 -14.7255 0.744422)
(0.350291 1.62988 1.1102)
(-4.73523 -10.3777 0.845631)
(20.3307 25.0995 -0.120234)
(1.87213 1.83497 -14.5094)
(-7.72945 -0.283124 4.73742)
(-0.771308 7.21884 4.28421)
(2.67223 -4.5423 2.24653)
(-2.72879 -8.42769 1.35225)
(0.0422584 0.304889 -0.552342)
(1.33379 1.90973 0.789331)
(0.379565 -1.34907 -0.255411)
(0.0341741 6.71047 -0.607394)
(-4.51563 -3.11724 -2.43734)
(-4.65725 15.2024 -4.69048)
(-0.156841 -0.0224777 0.0557978)
(-27.0401 37.8135 -0.447358)
(-5.02397 2.54341 -0.710203)
(14.5366 4.57981 11.5603)
(-6.1891 1.04094 -1.31986)
(-5.97714 3.50547 7.55453)
(1.36188 2.95196 -1.63747)
(0.604296 -1.08172 1.16389)
(-0.19273 0.203506 0.217009)
(2.01012 -4.34957 -2.87594)
(5.69186 0.963102 -4.61998)
(4.62426 0.469879 -5.34272)
(17.9688 4.03528 -3.95735)
(-0.123774 -0.343111 0.284198)
(-0.314783 -0.305304 -0.272132)
(4.53019 0.144317 -3.2073)
(-2.83637 29.4994 -1.49641)
(-1.06173 -0.509042 0.00987622)
(-0.574633 0.941862 -0.448452)
(-1.81299 5.41262 -1.9495)
(2.40185 14.5999 10.1555)
(2.80993 -3.02024 9.73055)
(3.56847 -2.28601 -0.750224)
(-1.2432 1.46819 3.2667)
(-2.69188 12.7321 -4.52599)
(-7.27967 -0.174972 -3.57091)
(4.56792 2.32059 -26.069)
(0.0889431 -0.874316 -0.501191)
(-0.479831 0.823221 -0.716022)
(-0.126454 -0.320351 -0.0705425)
(1.25059 -0.629887 0.0366922)
(-0.464 -3.14841 0.78499)
(-3.53179 8.35932 -0.490103)
(-3.37614 -0.467575 2.52745)
(8.86774 12.1945 -0.866509)
(4.17719 -1.73309 3.81081)
(7.27957 -3.81663 1.17895)
(-0.505161 -6.52051 0.710344)
(-6.44125 -5.98446 -21.2552)
(1.38285 2.80831 3.33813)
(-2.79958 -4.09539 -3.90008)
(2.62568 -3.54147 1.99167)
(-1.77037 -5.73393 4.51111)
(-4.71135 3.69869 7.53057)
(-2.07303 4.78536 1.32016)
(-10.0704 -3.11727 -6.02189)
(8.17965 3.64102 -0.370354)
(-4.41205 1.37812 -4.17155)
(9.06218 -5.94021 5.02807)
(4.52976 6.33125 -1.6071)
(-3.22445 8.13877 -0.204285)
(11.7484 -5.99362 5.78632)
(0.44951 2.22981 -1.91902)
(-2.1459 11.6531 -4.82514)
(0.558361 -0.792465 -0.47854)
(-6.04262 -9.58868 11.4373)
(-1.20069 4.80279 1.62493)
(-5.18642 7.14359 16.0748)
(1.55283 0.685556 -0.621203)
(-1.37261 -0.38531 -0.826249)
(2.27598 -2.23034 -2.74896)
(-13.0582 -16.1028 3.80721)
(3.97335 -0.0443529 1.34591)
(3.07503 0.416717 -1.09033)
(-0.124754 0.121729 -0.244752)
(-0.326228 2.3371 -2.66384)
(-12.3787 4.08717 -0.526865)
(-0.63293 -0.776298 1.90792)
(1.40328 5.06298 -2.07642)
(16.3153 14.7802 -0.595828)
(-2.21958 -2.03753 0.949205)
(-0.290433 -3.36473 -1.14748)
(-0.0115781 -0.114849 -0.0287342)
(-20.8534 4.19051 4.28051)
(-4.24714 -5.40188 -1.11323)
(1.27336 6.34646 -4.4216)
(3.05486 -1.95698 -0.642245)
(0.915926 2.48285 -1.98502)
(9.26671 4.33906 -3.31063)
(-5.5063 -3.35836 -1.59243)
(7.29051 11.8151 -15.2921)
(0.953068 3.27587 0.428211)
(-0.872806 2.78495 -3.26462)
(0.0373082 -0.256866 0.17686)
(-0.611825 6.00517 -2.89758)
(0.965348 -1.60813 2.6004)
(-3.60086 -3.91953 4.75178)
(-5.23403 9.4535 4.60148)
(-1.87219 -7.16739 5.74817)
(9.22244 3.31979 5.47763)
(12.9352 -2.40748 3.00613)
(2.57283 -0.651142 -1.81652)
(2.53408 16.4481 4.13019)
(7.04753 0.993904 -5.48328)
(18.382 5.82015 5.92148)
(-6.41064 0.398738 -6.61536)
(14.1358 -4.24777 -0.805506)
(-0.912897 0.614018 6.11457)
(6.80462 -2.1396 8.41882)
(23.6115 3.43299 5.65055)
(-3.89131 0.610892 -0.887741)
(-43.4023 3.43787 -2.02881)
(0.973405 0.131912 -0.345147)
(0.0491351 0.00596424 -0.0319861)
(0.134543 0.478459 -3.74432)
(1.19616 7.50336 -2.81899)
(4.5923 -1.3042 1.0698)
(3.70665 -1.9571 0.880808)
(-0.205527 -0.871331 -0.438156)
(-4.46285 9.90323 -6.32801)
(-5.54404 -1.78497 0.409322)
(4.49622 6.43168 -1.91584)
(-1.13117 -1.89102 -0.971708)
(1.77878 -3.15229 2.21133)
(-0.0126198 0.0539069 0.0587995)
(-3.72716 2.6991 -6.09344)
(-14.0776 -16.6931 7.6135)
(5.65691 4.27125 10.7293)
(5.1321 6.19467 1.66351)
(2.41868 6.92506 -0.590386)
(-1.45359 -0.139144 -0.822297)
(-0.470933 -2.2423 8.82848)
(0.00193703 0.553667 0.0114307)
(0.449071 -0.45278 -0.109814)
(-7.61173 1.28021 -1.62325)
(-6.27225 -1.38275 2.5432)
(1.77456 0.940136 -2.5102)
(0.408088 1.98746 1.9396)
(-1.37399 0.284868 -2.11901)
(0.200016 -0.198287 0.0978712)
(9.50064 41.0533 3.54265)
(2.71319 -6.91912 -2.39142)
(-11.6104 -12.0901 4.62975)
(-1.03044 1.21692 2.70763)
(7.83286 8.70028 -1.88428)
(0.367534 0.654638 0.3283)
(-4.94809 9.34154 -1.49012)
(-8.47457 17.4514 -0.500983)
(-5.38411 18.3627 0.747762)
(-0.459805 0.570801 -0.106848)
(-36.9268 17.6491 -1.13069)
(0.127743 -0.973051 1.37738)
(16.5799 20.469 -0.0980518)
(-10.6873 17.0632 6.862)
(-4.01911 2.10742 2.17772)
(6.16917 -1.4006 -4.693)
(-2.72944 -2.11735 1.46317)
(0.184018 0.128923 0.345156)
(-0.373452 2.52657 0.284446)
(11.6175 10.4445 6.97205)
(0.770827 1.86264 5.7566)
(3.3708 12.2549 -3.35227)
(-0.290002 0.499066 -9.71928)
(5.82692 3.67438 -1.88893)
(-12.6278 4.86954 3.25701)
(17.5234 -5.08918 6.18225)
(-3.60964 8.95261 7.37106)
(-0.948596 0.533028 -0.182201)
(-16.7666 23.4468 -0.277391)
(-11.3104 20.9524 -9.47178)
(-0.806142 0.0449255 -2.46073)
(0.324784 0.159487 0.252686)
(3.57991 -1.99973 -0.398982)
(2.37842 30.1625 -0.228202)
(-14.0029 0.369107 1.64658)
(-0.497043 4.87856 -2.35398)
(-8.6187 -0.114643 1.79241)
(-7.61757 3.60552 -1.34586)
)


// ************************************************************************* //
