/*--------------------------------*- C++ -*----------------------------------*\
  =========                 |
  \\      /  F ield         | OpenFOAM: The Open Source CFD Toolbox
   \\    /   O peration     | Website:  https://openfoam.org
    \\  /    A nd           | Version:  7
     \\/     M anipulation  |
\*---------------------------------------------------------------------------*/
FoamFile
{
    version     2.0;
    format      ascii;
    class       vectorField;
    location    "0.7/lagrangian/reactingCloud1";
    object      coordinates;
}
// * * * * * * * * * * * * * * * * * * * * * * * * * * * * * * * * * * * * * //


2546
(
(-1.04923 0.365617 4.08983e-10)
(-1.06225 0.362238 1.47816e-10)
(-1.06337 0.394404 5.60599e-10)
(-1.07767 0.386603 -3.94742e-13)
(-1.10188 0.219478 -6.39361e-11)
(-1.11145 0.315252 -4.09493e-10)
(-1.12276 0.330337 -5.08255e-10)
(-1.14402 0.248573 -7.21519e-10)
(-1.16497 0.0825953 -1.25355e-10)
(-1.17423 0.252354 -2.81573e-10)
(-1.19409 0.184294 -3.23343e-11)
(-1.20738 0.244273 -3.57212e-11)
(-1.2274 0.0529142 -4.59675e-14)
(-1.2389 0.189793 -3.20145e-10)
(-1.25584 0.175354 -1.52373e-10)
(-1.27243 0.0877128 -7.8319e-11)
(-1.28154 0.353657 -2.10707e-09)
(-1.2998 0.301913 -6.36883e-10)
(-1.30108 0.350737 3.29325e-10)
(-1.31591 0.285898 2.31314e-11)
(-1.33256 0.327677 2.40872e-10)
(-1.35264 0.0729029 4.85139e-13)
(-1.36752 0.270297 1.95735e-11)
(-1.38441 0.150662 3.28671e-12)
(-1.39898 0.271191 -1.20202e-10)
(-1.41497 0.132138 -1.089e-10)
(-1.43068 0.356948 3.6941e-12)
(-1.44713 0.0458786 -6.07516e-11)
(-1.46481 0.260185 2.05479e-11)
(-1.48108 0.24708 3.16784e-11)
(-1.49501 0.24659 7.29904e-12)
(-1.51273 0.255816 -8.66819e-12)
(-1.52918 0.304553 1.49225e-10)
(-1.54553 0.255368 4.81982e-12)
(-1.56176 0.316423 1.12338e-10)
(-1.5774 0.28862 2.19525e-11)
(-1.5913 0.149167 -6.99082e-12)
(-1.60943 0.297137 4.8859e-12)
(-1.62324 0.221215 -1.05604e-11)
(-1.62511 0.300451 4.5688e-12)
(-1.64251 0.355102 1.14139e-11)
(-1.65955 0.38529 -8.33555e-11)
(-1.67437 0.382209 -3.32067e-11)
(-0.823421 0.479141 -6.25154e-06)
(-0.462169 0.427342 -7.00444e-09)
(-0.446751 0.431416 9.81083e-07)
(-0.535802 0.440115 -6.53739e-06)
(-0.322489 0.34799 1.60251e-06)
(-0.352148 0.348314 1.68533e-09)
(-0.343175 0.330678 4.96362e-10)
(-0.369437 0.297869 6.98141e-06)
(-0.320954 0.237299 1.05182e-09)
(-0.51657 0.430328 -1.12946e-06)
(-0.419836 0.388345 2.79713e-07)
(-0.45052 0.401353 9.5891e-07)
(-0.4202 0.369154 2.26681e-07)
(-0.397176 0.266314 -2.78014e-12)
(-0.425247 0.325062 1.75536e-09)
(-0.424262 0.283164 -4.70013e-12)
(-0.420379 0.201983 2.29157e-10)
(-0.424962 0.142396 3.36495e-11)
(-0.485684 0.341736 -7.22175e-12)
(-0.429214 0.054705 3.94018e-12)
(-0.489756 0.317299 -4.27966e-12)
(-0.488637 0.148824 -2.80098e-12)
(-0.5112 0.229756 -2.24619e-11)
(-0.5358 0.31221 -4.59767e-11)
(-0.618441 0.426682 8.89012e-07)
(-0.548375 0.248645 2.88633e-10)
(-0.539436 0.35449 -1.83516e-06)
(-0.572824 0.266186 6.05061e-10)
(-0.726657 0.467145 -3.4118e-06)
(-0.60242 0.317346 4.28711e-10)
(-0.605481 0.23828 -8.65702e-12)
(-0.90227 0.447334 7.36966e-07)
(-0.615321 0.216797 -3.02506e-11)
(-0.623356 0.173591 7.9852e-10)
(-0.635017 0.186223 -1.33158e-11)
(-0.657849 0.167881 -1.12788e-13)
(-0.646036 0.10769 -5.37661e-12)
(-0.677513 0.297419 1.7503e-10)
(-0.688457 0.296186 -1.19747e-10)
(-0.718946 0.42067 -5.46092e-07)
(-0.720383 0.396641 8.44135e-10)
(-0.727666 0.376882 7.65894e-11)
(-0.728181 0.163246 -5.7457e-12)
(-0.744866 0.278462 -5.17775e-11)
(-0.766799 0.301176 -1.35906e-11)
(-0.752127 0.139783 2.28259e-10)
(-0.776701 0.173504 2.32629e-10)
(-0.787576 0.186802 -5.01811e-12)
(-0.814155 0.321667 1.10578e-11)
(-0.799893 0.0746803 -9.51521e-13)
(-0.838309 0.345019 5.93871e-10)
(-0.82339 0.162772 -1.89692e-11)
(-0.867221 0.428552 -3.56531e-07)
(-0.866309 0.396472 1.78248e-10)
(-0.874439 0.0969154 -4.21589e-12)
(-0.887098 0.225215 1.57548e-10)
(-0.897237 0.306039 3.17888e-11)
(-0.898199 0.202232 -5.37612e-12)
(-0.911534 0.203581 -1.68663e-11)
(-0.924367 0.287978 4.2994e-10)
(-0.927009 0.115333 2.1299e-11)
(-0.938646 0.206233 -9.26556e-12)
(-0.946562 0.378702 9.74417e-11)
(-0.960873 0.379863 1.04052e-09)
(-0.974687 0.24038 -5.26568e-11)
(-0.975603 0.291236 2.4257e-10)
(-0.990153 0.224494 -7.67569e-12)
(-0.998652 0.319388 -8.99185e-11)
(-1.0092 0.377833 9.63812e-10)
(-1.02449 0.339533 1.75476e-10)
(-1.04603 0.184716 -5.93467e-11)
(0.0779305 0.224571 1.08822e-06)
(0.0598973 0.132412 -7.81324e-11)
(0.0320983 0.199952 -6.74395e-10)
(0.00138497 0.263912 2.76703e-07)
(-0.000403718 0.146346 8.04862e-11)
(-0.0441454 0.247727 1.4932e-06)
(-0.0882501 0.305261 2.0691e-06)
(-0.0680824 0.209353 1.97809e-10)
(-0.0910486 0.275494 1.56453e-06)
(-0.0833254 0.227675 1.55069e-11)
(-0.0937004 0.187506 4.34224e-11)
(-0.113813 0.18333 1.71387e-11)
(-0.130916 0.263194 2.05158e-09)
(-0.155267 0.267775 -9.69331e-06)
(-0.163207 0.205568 4.94523e-11)
(-0.18249 0.209899 2.72995e-11)
(-0.188952 0.136712 1.71614e-10)
(-0.20161 0.296235 2.06108e-09)
(-0.214296 0.0849054 1.85887e-14)
(0.597282 0.234377 3.02761e-06)
(0.526568 0.12907 -1.18442e-10)
(0.47481 0.192443 -3.38522e-07)
(0.371866 0.2498 1.38245e-06)
(0.373866 0.155789 1.31549e-14)
(0.2808 0.253138 -3.90089e-07)
(0.241474 0.198777 -2.67941e-06)
(0.239055 0.220652 7.22313e-07)
(0.230797 0.184699 -2.73593e-07)
(0.211933 0.174985 -2.34681e-06)
(0.185442 0.234678 2.1789e-06)
(0.182709 0.170086 -2.61975e-10)
(0.180792 0.248599 -5.33969e-06)
(1.21039 0.264043 -1.98264e-06)
(1.1003 0.277402 8.95101e-06)
(1.1838 0.187982 1.44196e-06)
(1.15431 0.20761 3.9838e-07)
(1.04667 0.160257 2.36383e-06)
(0.999871 0.181373 3.78824e-06)
(0.998859 0.21865 8.35721e-06)
(0.979408 0.212238 -1.03683e-06)
(0.961115 0.201739 -1.04897e-05)
(0.927903 0.121025 1.35838e-11)
(0.881341 0.205575 2.02527e-06)
(0.86682 0.164609 3.65847e-06)
(0.867764 0.245545 7.46413e-07)
(0.836341 0.252517 3.3503e-07)
(0.840852 0.153144 -1.09829e-11)
(0.819834 0.224188 -4.55914e-07)
(0.765722 0.187025 3.03558e-06)
(0.757588 0.155171 2.80029e-06)
(0.718445 0.0300549 -1.03344e-12)
(0.678063 0.172298 -7.48342e-07)
(1.55959 -2.22514e-33 1.94185e-35)
(2.07595 0.149612 2.4384e-13)
(2.07035 0.114984 3.82761e-13)
(1.99167 0.259299 6.90861e-07)
(2.0368 0.0277097 4.41127e-14)
(1.97098 0.223944 8.41374e-07)
(1.89548 0.244333 1.56818e-08)
(1.82125 0.140662 -1.10692e-13)
(1.80679 0.112591 5.45194e-12)
(1.80423 0.166239 -3.48689e-06)
(1.70197 0.159048 -4.30155e-13)
(1.68817 0.235178 1.97991e-06)
(1.49563 0.147156 3.42835e-06)
(1.48355 0.240921 2.11004e-06)
(1.42641 0.240227 -9.54495e-07)
(1.38611 0.265926 -4.48765e-06)
(1.40096 0.10602 3.90902e-13)
(1.36505 0.241453 5.33549e-07)
(1.3577 0.219771 6.65088e-07)
(1.32912 0.200877 4.24094e-06)
(1.2775 0.233903 -1.16114e-07)
(2.42927 -2.15143e-33 1.87752e-35)
(3.29717 -2.07787e-33 1.81333e-35)
(2.5675 -2.13972e-33 1.8673e-35)
(3.31971 0.245127 1.88823e-06)
(3.3204 0.252212 2.17606e-06)
(3.35734 0.156844 2.10952e-07)
(3.3302 0.188106 1.19298e-07)
(3.25823 0.228349 -1.01766e-06)
(3.26621 0.175581 2.20791e-07)
(3.238 0.193822 1.96634e-06)
(3.18744 0.143719 -4.41066e-14)
(3.14981 0.233793 1.96538e-06)
(3.12 0.0849032 -1.807e-12)
(3.08324 0.0674917 -1.5714e-12)
(2.78067 0.344455 3.21995e-06)
(2.92963 0.196861 -5.55847e-06)
(2.82532 0.0648403 5.12194e-14)
(2.80352 0.152585 1.2815e-06)
(2.70014 0.208824 -2.08846e-07)
(2.69733 0.161754 2.72281e-06)
(2.61257 0.255115 -6.34344e-07)
(2.61387 0.193068 -2.41573e-06)
(2.57253 0.143851 -4.11223e-12)
(2.52025 0.233923 -1.67495e-06)
(2.3703 0.35209 8.22706e-06)
(2.32819 0.212252 1.82327e-07)
(2.30534 0.14342 -1.1742e-06)
(2.29847 0.103503 -5.52167e-12)
(2.26524 0.211638 7.44024e-08)
(2.17503 0.235515 -1.27136e-06)
(2.13327 0.262864 -1.36893e-06)
(3.90215 -2.0266e-33 1.76859e-35)
(4.92321 -1.94006e-33 1.69307e-35)
(5.22168 0.517188 -6.55772e-06)
(5.18014 0.0582915 4.78242e-16)
(5.05813 0.223665 2.68389e-07)
(5.09345 0.170776 1.03898e-06)
(5.11924 0.163043 -5.11377e-07)
(5.11898 0.0855423 4.04266e-14)
(5.0836 0.177626 -8.3643e-07)
(4.92967 0.181371 1.13263e-06)
(4.94225 0.225331 2.15876e-06)
(4.9815 0.154685 -4.70241e-07)
(4.81278 0.257958 -3.00378e-06)
(4.79415 0.261957 3.15451e-06)
(4.80693 0.15501 -2.84616e-07)
(4.79779 0.189942 -6.3358e-07)
(4.78892 0.177459 1.50655e-07)
(4.68377 0.211295 -2.21573e-06)
(4.73838 0.139289 4.71463e-08)
(4.57974 0.187997 3.06066e-06)
(4.58479 0.182993 -4.13315e-06)
(4.37321 0.255495 -6.99288e-06)
(4.52983 0.0420357 -1.25897e-15)
(4.32009 0.244608 2.119e-08)
(4.33595 0.116454 1.7877e-13)
(4.33033 0.186087 -7.39429e-08)
(4.15697 0.368828 -9.59321e-07)
(4.29261 0.111411 7.62843e-14)
(4.13789 0.235667 -7.12894e-08)
(4.08125 0.249358 -5.63059e-08)
(4.12987 0.141699 4.30248e-06)
(4.12994 0.167511 -3.87705e-06)
(4.00655 0.260046 -4.1902e-09)
(3.93745 0.15543 2.5257e-07)
(3.90898 0.16174 7.44477e-07)
(3.88272 0.145588 -1.08824e-06)
(3.85226 0.215137 -2.77673e-07)
(3.77183 0.241839 5.44535e-07)
(3.73081 0.114958 3.01892e-13)
(3.69215 0.226144 -5.98107e-07)
(3.70184 0.0908343 -1.39471e-13)
(3.65406 0.241672 -4.66565e-07)
(3.60014 0.0243937 -9.25347e-14)
(3.56894 0.18236 -1.51185e-06)
(3.54422 0.176506 7.66961e-09)
(3.4619 0.23662 -2.98979e-06)
(3.46066 0.225326 3.77005e-06)
(3.41895 0.167967 -5.74362e-06)
(7.38513 -1.73141e-33 1.51098e-35)
(7.31017 -1.73776e-33 1.51652e-35)
(7.00292 -1.7638e-33 1.53925e-35)
(7.49651 -1.72197e-33 1.50274e-35)
(7.33638 -1.73554e-33 1.51458e-35)
(6.40983 -1.81407e-33 1.58311e-35)
(6.80861 -1.78027e-33 1.55362e-35)
(5.37338 -1.90191e-33 1.65977e-35)
(5.69959 -1.87426e-33 1.63564e-35)
(5.75015 -1.86998e-33 1.6319e-35)
(7.62418 -1.71115e-33 1.4933e-35)
(5.86711 -1.86006e-33 1.62325e-35)
(6.79074 -1.78179e-33 1.55494e-35)
(7.39773 -1.73034e-33 1.51005e-35)
(6.79533 -1.7814e-33 1.5546e-35)
(5.78281 -1.86721e-33 1.62949e-35)
(6.34308 -1.81973e-33 1.58805e-35)
(5.24718 -1.91261e-33 1.66911e-35)
(5.31834 -1.90657e-33 1.66384e-35)
(7.74246 -1.70112e-33 1.48455e-35)
(6.77685 -1.78296e-33 1.55597e-35)
(6.12959 -1.83782e-33 1.60384e-35)
(5.85338 -1.86123e-33 1.62427e-35)
(6.74971 -1.78526e-33 1.55797e-35)
(7.07115 -1.75802e-33 1.5342e-35)
(6.55484 -1.80178e-33 1.57239e-35)
(7.21881 -1.74551e-33 1.52328e-35)
(7.40372 -1.72983e-33 1.5096e-35)
(5.25037 -1.91233e-33 1.66887e-35)
(7.55505 -1.71701e-33 1.49841e-35)
(7.20707 -1.7465e-33 1.52415e-35)
(5.893 -1.85787e-33 1.62134e-35)
(7.17688 -1.74906e-33 1.52638e-35)
(7.77102 -1.6987e-33 1.48244e-35)
(7.70687 -1.70414e-33 1.48718e-35)
(5.80764 -1.86511e-33 1.62765e-35)
(7.47117 7.57374e-29 6.6098e-31)
(7.41515 -1.72887e-33 1.50876e-35)
(7.67208 -1.70709e-33 1.48975e-35)
(5.90492 -1.85686e-33 1.62046e-35)
(7.61358 0.419667 3.72618e-07)
(7.72172 0.252587 4.83452e-07)
(7.64516 0.218874 -1.80305e-06)
(7.7995 0.166762 4.32319e-07)
(7.42102 0.363911 1.88123e-06)
(7.74765 0.176003 -1.4134e-07)
(7.70217 0.0175583 3.14466e-06)
(7.72947 0.0974858 4.88305e-07)
(7.68923 0.169659 -8.28178e-07)
(7.69572 0.0411492 6.05263e-06)
(7.46278 0.0842305 3.65371e-06)
(7.35207 0.197886 -3.76089e-07)
(7.43672 0.0939494 -8.77266e-07)
(7.0886 0.283683 -1.30981e-08)
(7.2863 0.213586 -1.39879e-06)
(7.34626 0.104113 -1.56346e-06)
(7.10973 0.295057 -8.65701e-06)
(7.27788 0.126897 -5.53232e-07)
(7.11569 0.154548 2.1745e-07)
(7.01013 0.192544 1.72006e-07)
(7.10139 0.128582 1.42799e-07)
(7.08576 0.0863603 2.72163e-13)
(6.92853 0.206311 -5.36037e-07)
(6.94861 0.202305 2.60323e-06)
(6.84973 0.0397515 -1.71617e-13)
(6.79663 0.209149 -5.11822e-07)
(6.86742 0.0841461 -2.32421e-13)
(6.84301 0.173705 2.88097e-06)
(6.47117 0.474469 5.2165e-06)
(6.75382 0.18247 4.43664e-06)
(6.6579 0.240312 7.26179e-06)
(6.75454 0.112835 -3.14637e-06)
(6.68004 0.0767598 3.13571e-06)
(6.34498 0.368227 -1.57098e-06)
(6.2321 0.444646 -5.64889e-07)
(6.41164 0.198427 -9.10214e-07)
(6.32808 0.00151515 -7.66365e-08)
(6.17545 0.32078 -2.9731e-06)
(6.2701 0.10085 1.59334e-14)
(6.2593 0.151564 -5.36518e-07)
(6.21685 0.192093 1.80865e-06)
(6.25363 0.152548 -1.30063e-07)
(6.24466 0.135622 -2.99722e-06)
(6.14043 0.129422 -2.5078e-07)
(6.04829 0.242503 -2.48619e-06)
(5.98665 0.141949 -8.20191e-08)
(5.92063 0.0619789 8.26169e-07)
(5.81295 0.351065 -6.98107e-06)
(5.82946 0.270498 -3.50099e-06)
(5.89279 0.113618 -1.77202e-07)
(5.82784 0.209977 -1.38263e-07)
(5.69869 0.482286 -4.12424e-07)
(5.83052 0.0975533 -8.68441e-07)
(5.76992 0.0610495 -3.61493e-07)
(5.76704 0.0969111 1.30242e-14)
(5.56295 0.0437618 1.64223e-14)
(5.45408 0.160264 2.51445e-06)
(5.3985 0.196549 -1.60793e-06)
(5.38436 0.212324 2.51977e-06)
(9.02652 -1.5923e-33 1.38958e-35)
(9.94294 -1.51463e-33 1.3218e-35)
(9.36095 -1.56395e-33 1.36484e-35)
(9.28458 -1.57043e-33 1.37049e-35)
(9.49609 -1.5525e-33 1.35485e-35)
(8.34105 -1.65039e-33 1.44028e-35)
(9.46375 -1.55524e-33 1.35724e-35)
(10.6517 -1.45456e-33 1.26937e-35)
(9.52519 -1.55003e-33 1.35269e-35)
(10.1933 -1.49341e-33 1.30328e-35)
(10.5366 -1.46432e-33 1.27789e-35)
(9.23434 -1.57468e-33 1.37421e-35)
(8.80039 -1.61146e-33 1.4063e-35)
(8.83126 -1.60885e-33 1.40402e-35)
(10.1469 -1.49734e-33 1.30671e-35)
(9.20735 -1.57697e-33 1.3762e-35)
(9.4277 -1.5583e-33 1.35991e-35)
(9.41733 -1.55918e-33 1.36067e-35)
(8.34166 -1.65034e-33 1.44023e-35)
(7.84399 -1.69252e-33 1.47704e-35)
(9.56071 -1.54702e-33 1.35007e-35)
(10.4778 -1.4693e-33 1.28224e-35)
(9.62718 -1.54139e-33 1.34515e-35)
(9.24904 -1.57344e-33 1.37312e-35)
(10.7031 -1.4502e-33 1.26557e-35)
(10.1725 -1.49517e-33 1.30482e-35)
(9.7186 -1.53364e-33 1.33839e-35)
(7.90121 -1.68767e-33 1.47281e-35)
(9.17433 -1.57977e-33 1.37865e-35)
(8.89736 -1.60324e-33 1.39913e-35)
(7.81912 -1.69463e-33 1.47888e-35)
(10.7971 -1.44223e-33 1.25862e-35)
(9.89291 -1.51887e-33 1.3255e-35)
(10.7395 -1.44712e-33 1.26288e-35)
(8.39156 -1.64611e-33 1.43654e-35)
(9.48682 -1.55329e-33 1.35553e-35)
(8.66273 -1.62313e-33 1.41648e-35)
(8.16474 -1.66534e-33 1.45332e-35)
(10.8131 -1.44088e-33 1.25744e-35)
(9.54314 -1.54851e-33 1.35137e-35)
(9.11627 -1.58469e-33 1.38294e-35)
(9.90473 -1.51787e-33 1.32462e-35)
(9.57265 -1.54601e-33 1.34918e-35)
(10.7325 -1.44771e-33 1.2634e-35)
(10.5224 -1.46552e-33 1.27894e-35)
(10.2975 -1.48458e-33 1.29557e-35)
(9.1058 -1.58558e-33 1.38371e-35)
(9.88932 -1.51917e-33 1.32576e-35)
(9.71082 -1.5343e-33 1.33897e-35)
(10.9081 -1.43283e-33 1.25041e-35)
(9.90327 -1.51799e-33 1.32473e-35)
(7.91689 -1.68634e-33 1.47165e-35)
(9.58016 -1.54538e-33 1.34863e-35)
(9.27527 -1.57122e-33 1.37118e-35)
(10.619 -1.45733e-33 1.2718e-35)
(8.31461 2.9117e-20 2.541e-22)
(10.82 -1.4403e-33 1.25693e-35)
(9.70527 -1.53477e-33 1.33937e-35)
(9.2916 -1.56983e-33 1.36997e-35)
(9.27145 -1.57154e-33 1.37146e-35)
(9.89334 -1.51883e-33 1.32546e-35)
(10.4575 -1.47102e-33 1.28374e-35)
(8.171 -1.66481e-33 1.45285e-35)
(10.6933 -1.45103e-33 1.2663e-35)
(10.1624 -1.49603e-33 1.30557e-35)
(10.5581 -1.4625e-33 1.2763e-35)
(10.2281 -1.49046e-33 1.3007e-35)
(8.7657 -1.6144e-33 1.40887e-35)
(9.46874 -1.55482e-33 1.35687e-35)
(8.58236 -1.62994e-33 1.42243e-35)
(10.9061 0.45877 2.35857e-06)
(10.8225 0.317679 -8.16409e-06)
(9.15911 7.17169e-11 6.25864e-13)
(10.4094 0.4291 -4.00167e-07)
(10.8723 0.168557 2.41911e-06)
(10.9054 0.00149737 3.52833e-07)
(10.7655 0.134905 -1.14934e-06)
(10.5753 0.161332 1.12476e-06)
(10.6518 0.106795 -5.48607e-07)
(10.6472 0.105493 1.63991e-07)
(10.3949 0.213447 -5.78363e-06)
(10.4478 0.198657 -1.54279e-06)
(10.5461 0.0450523 -3.25272e-07)
(10.5279 0.131967 -2.46676e-06)
(10.4535 0.0799032 1.51566e-06)
(10.4469 0.0472276 1.40468e-06)
(10.3079 0.0462779 -5.32788e-07)
(10.3402 0.0658398 -1.72506e-06)
(10.2768 0.174418 2.04142e-08)
(10.3751 0.00613515 -2.54806e-07)
(10.3848 0.10753 6.89369e-07)
(9.84091 0.381817 8.75379e-07)
(10.1033 0.189051 3.64501e-06)
(10.1195 0.185044 6.98849e-08)
(10.1359 0.060306 -2.45125e-06)
(9.81039 0.241434 3.25818e-07)
(10.0738 0.122782 1.56681e-07)
(10.1016 0.0429285 -9.22383e-07)
(9.59862 0.334527 7.37755e-07)
(9.9569 0.106753 6.32571e-07)
(9.91618 0.0886069 2.95353e-06)
(9.84588 0.118248 -1.40002e-06)
(9.71498 0.177852 -3.28625e-06)
(9.65882 0.165548 3.00331e-06)
(9.75249 0.0972005 7.70329e-07)
(9.32381 0.399724 -1.35741e-06)
(9.56677 0.162872 9.8019e-07)
(9.60809 0.0368645 4.1253e-07)
(9.08638 0.545589 5.87082e-06)
(9.12618 0.372892 8.51773e-06)
(9.31996 0.103756 7.18942e-08)
(9.26723 0.0798254 -4.50691e-06)
(9.05973 0.160437 -6.04299e-06)
(9.06759 0.152212 -2.2267e-06)
(8.91191 0.236261 -2.54895e-06)
(9.01946 0.0976302 -3.3153e-06)
(9.00938 0.160225 3.18458e-06)
(8.88174 0.191348 1.63995e-06)
(8.9108 0.154396 4.22128e-07)
(8.76477 0.254501 6.72711e-07)
(8.91894 0.0470957 1.44009e-07)
(8.85456 0.151706 5.58387e-06)
(8.69609 0.26258 1.29153e-06)
(8.81762 0.145063 8.84419e-07)
(8.72742 0.0350395 -1.32203e-13)
(8.59513 0.258786 1.14223e-06)
(8.5565 0.101512 2.07744e-07)
(8.50395 0.193356 -4.17343e-06)
(8.47161 0.0644624 -8.27487e-07)
(8.41591 0.174447 -1.4937e-07)
(8.3062 0.276234 -6.87242e-06)
(8.34009 0.0479402 2.35106e-14)
(8.25003 0.199512 -7.99145e-07)
(8.13011 0.268676 6.29283e-06)
(8.05868 0.170811 1.11291e-06)
(8.06269 0.0434515 1.7325e-14)
(8.04648 0.168778 1.29663e-06)
(7.98921 0.23999 4.97697e-06)
(7.95447 0.368359 1.36513e-06)
(7.91345 0.0632271 3.75858e-14)
(12.363 -1.30952e-33 1.1428e-35)
(13.0186 -1.25396e-33 1.09431e-35)
(13.2497 -1.23437e-33 1.07722e-35)
(14.0854 -1.16355e-33 1.01541e-35)
(11.4338 -1.38828e-33 1.21153e-35)
(13.0061 -1.25502e-33 1.09524e-35)
(11.2035 -1.40779e-33 1.22856e-35)
(11.8383 -1.354e-33 1.18161e-35)
(13.8834 -1.18066e-33 1.03035e-35)
(13.1427 -1.24344e-33 1.08513e-35)
(14.0504 -1.16651e-33 1.018e-35)
(11.8733 -1.35103e-33 1.17903e-35)
(11.4219 -1.38929e-33 1.21241e-35)
(13.891 -1.18002e-33 1.02979e-35)
(12.4082 -1.30569e-33 1.13946e-35)
(13.5359 -1.21012e-33 1.05605e-35)
(12.154 -1.32724e-33 1.15826e-35)
(12.5779 -1.29131e-33 1.12691e-35)
(12.819 -1.27087e-33 1.10907e-35)
(12.2068 -1.32276e-33 1.15436e-35)
(13.0076 -1.2549e-33 1.09513e-35)
(12.6612 -1.28425e-33 1.12075e-35)
(12.4638 -1.30098e-33 1.13535e-35)
(14.0008 -1.17071e-33 1.02167e-35)
(11.5947 -1.37464e-33 1.19963e-35)
(12.5206 -1.29616e-33 1.13115e-35)
(13.0432 -1.25187e-33 1.09249e-35)
(12.9003 -1.26399e-33 1.10306e-35)
(11.1775 -1.41e-33 1.23048e-35)
(11.1538 -1.41201e-33 1.23224e-35)
(13.7682 -1.19043e-33 1.03888e-35)
(11.148 -1.4125e-33 1.23267e-35)
(12.7075 -1.28033e-33 1.11732e-35)
(13.1594 -1.24203e-33 1.0839e-35)
(13.5533 -1.20864e-33 1.05476e-35)
(13.9226 -1.17735e-33 1.02745e-35)
(12.8302 -1.26993e-33 1.10825e-35)
(11.981 -1.34189e-33 1.17105e-35)
(12.3727 -1.3087e-33 1.14209e-35)
(11.3666 -1.39397e-33 1.2165e-35)
(12.3845 -1.3077e-33 1.14121e-35)
(12.7843 -1.27382e-33 1.11165e-35)
(12.5983 -1.28958e-33 1.1254e-35)
(12.6837 -1.28234e-33 1.11908e-35)
(13.663 -1.19935e-33 1.04665e-35)
(14.0209 -1.16901e-33 1.02018e-35)
(13.6539 -1.20012e-33 1.04733e-35)
(12.2812 -1.31646e-33 1.14885e-35)
(12.8156 -1.27116e-33 1.10932e-35)
(13.2678 -1.23284e-33 1.07588e-35)
(12.3015 -1.31474e-33 1.14736e-35)
(13.2113 -1.23763e-33 1.08006e-35)
(11.6314 -1.37153e-33 1.19692e-35)
(11.1988 -1.40819e-33 1.22891e-35)
(11.9103 -1.34789e-33 1.17628e-35)
(11.3973 -1.39137e-33 1.21423e-35)
(13.4462 -1.21772e-33 1.06269e-35)
(13.7031 -1.19595e-33 1.04369e-35)
(13.6236 -1.20269e-33 1.04957e-35)
(11.2322 -1.40536e-33 1.22644e-35)
(13.9993 -1.17084e-33 1.02178e-35)
(13.901 -1.17917e-33 1.02905e-35)
(13.0314 -1.25288e-33 1.09337e-35)
(11.5536 -1.37812e-33 1.20267e-35)
(13.1903 -8.66141e-34 7.5587e-36)
(13.9972 -1.17102e-33 1.02193e-35)
(11.7371 -1.36257e-33 1.18909e-35)
(13.5859 -1.20588e-33 1.05236e-35)
(13.6974 -1.19643e-33 1.04411e-35)
(13.7749 -1.18986e-33 1.03838e-35)
(12.7673 -1.27525e-33 1.1129e-35)
(11.7715 -1.35965e-33 1.18655e-35)
(12.2235 -1.32134e-33 1.15312e-35)
(11.6387 -1.37091e-33 1.19637e-35)
(10.9692 -1.42765e-33 1.24589e-35)
(13.4368 -1.21852e-33 1.06338e-35)
(11.8581 -1.35231e-33 1.18015e-35)
(13.3923 -1.22229e-33 1.06668e-35)
(10.958 -1.4286e-33 1.24672e-35)
(13.7504 -1.19194e-33 1.04019e-35)
(11.8782 -1.35061e-33 1.17866e-35)
(11.5402 -1.37926e-33 1.20366e-35)
(11.6979 -1.36589e-33 1.192e-35)
(14.0351 -1.16781e-33 1.01913e-35)
(13.322 -1.22825e-33 1.07188e-35)
(12.261 -1.31816e-33 1.15034e-35)
(11.5867 -1.37532e-33 1.20022e-35)
(13.7094 -1.19541e-33 1.04322e-35)
(13.4638 -1.21623e-33 1.06139e-35)
(12.9065 -1.26346e-33 1.10261e-35)
(12.7233 -1.27899e-33 1.11615e-35)
(11.8032 -1.35696e-33 1.1842e-35)
(13.3012 -1.23001e-33 1.07341e-35)
(13.4156 -1.22031e-33 1.06495e-35)
(11.1318 -1.41387e-33 1.23387e-35)
(11.9818 -1.34183e-33 1.171e-35)
(13.2853 -1.23135e-33 1.07459e-35)
(11.6823 -1.36721e-33 1.19315e-35)
(13.4524 -1.21719e-33 1.06223e-35)
(14.0893 -1.16321e-33 1.01512e-35)
(12.7909 -1.27326e-33 1.11116e-35)
(12.0346 -1.33735e-33 1.16709e-35)
(12.8956 -1.26438e-33 1.10341e-35)
(13.8946 -1.17971e-33 1.02952e-35)
(11.1458 -1.41268e-33 1.23283e-35)
(14.0099 5.85765e-19 5.11189e-21)
(13.9731 0.781222 -2.15492e-06)
(12.687 -1.28206e-33 1.11884e-35)
(13.318 -1.22859e-33 1.07217e-35)
(13.418 0.535522 -3.58069e-07)
(13.3844 0.451111 4.80791e-06)
(14.0038 0.149696 9.71317e-09)
(11.9787 -1.3421e-33 1.17123e-35)
(13.0433 0.587198 -2.26577e-07)
(13.0318 -1.25284e-33 1.09334e-35)
(13.6453 0.171694 -1.83506e-07)
(13.2437 0.357106 1.15062e-06)
(13.7287 0.113674 -2.05369e-06)
(13.9168 0.000997914 1.57666e-07)
(13.3257 0.298636 2.69063e-06)
(13.7795 0.00743601 1.05361e-06)
(13.7052 0.0168104 -7.76559e-07)
(13.2431 0.234871 -1.84755e-06)
(13.2125 0.253167 -1.90303e-07)
(13.4186 0.137263 -9.0448e-06)
(13.4184 0.12978 -1.73128e-06)
(13.2712 0.212763 3.46648e-06)
(13.4452 0.000521984 1.04114e-06)
(12.9889 0.269657 4.95475e-06)
(13.332 0.0315364 -1.05382e-06)
(13.1951 0.162651 -3.77461e-07)
(12.9842 0.273534 -2.24738e-06)
(12.7238 0.367866 2.48346e-06)
(12.8654 0.237326 -1.16981e-06)
(12.9455 0.228024 7.6211e-07)
(13.0906 0.00792085 2.84224e-07)
(13.0317 0.117262 3.89443e-07)
(13.0624 0.000865913 1.04452e-06)
(12.9133 0.0768772 2.65528e-07)
(12.8901 0.0131256 -2.69817e-06)
(12.8114 0.111481 -1.9719e-06)
(12.7093 0.156567 1.26792e-06)
(12.7661 0.101075 -3.60074e-06)
(12.7366 0.0943324 5.57457e-07)
(12.4083 0.252193 -3.07717e-07)
(12.6102 0.00332099 1.6764e-07)
(12.2477 0.390658 -3.14533e-06)
(12.5756 0.0819364 -1.09808e-06)
(12.4459 0.123173 1.56562e-07)
(12.4547 0.04261 -2.01453e-06)
(12.3808 0.000407276 6.98164e-07)
(12.3192 0.094358 -4.9871e-07)
(12.1479 0.210169 5.49649e-07)
(12.249 0.115794 -3.08084e-08)
(12.2671 0.0368944 2.63142e-08)
(12.1983 0.000793144 1.43079e-06)
(12.0033 0.145072 -4.44426e-06)
(11.8342 0.364943 -1.06411e-05)
(11.9083 0.0402929 -1.28156e-07)
(11.6724 0.385935 1.42044e-06)
(11.6623 0.351092 3.11671e-06)
(11.4547 0.568187 -2.05249e-06)
(11.7402 0.107658 -6.12449e-10)
(11.5411 0.331475 -3.2081e-06)
(11.6798 0.09968 9.47262e-08)
(11.5482 0.237129 1.81498e-06)
(11.5688 0.178658 -2.21716e-06)
(11.4967 0.198339 -4.03087e-06)
(11.5244 0.137022 3.96983e-07)
(11.4591 0.173279 2.52999e-06)
(11.4748 0.0654206 5.80321e-07)
(11.3258 0.153017 3.4786e-07)
(11.0278 0.37615 -1.40846e-07)
(11.0217 0.198311 -1.46118e-06)
(11.0203 0.160572 -1.29788e-07)
(10.9646 0.138351 -5.66498e-06)
(18.1648 -8.17808e-34 7.1369e-36)
(14.4478 -1.13283e-33 9.88604e-36)
(18.6169 -7.79493e-34 6.80253e-36)
(15.0851 -1.07882e-33 9.41474e-36)
(15.8365 -1.01514e-33 8.85897e-36)
(14.4198 -1.13521e-33 9.9068e-36)
(18.6103 -7.80048e-34 6.80738e-36)
(14.1704 -1.15634e-33 1.00912e-35)
(14.274 -1.14756e-33 1.00146e-35)
(15.0998 -1.07757e-33 9.40382e-36)
(17.2576 -8.9469e-34 7.80784e-36)
(17.8738 -8.42469e-34 7.35212e-36)
(15.8631 -1.01288e-33 8.83926e-36)
(18.8294 -7.61477e-34 6.6453e-36)
(15.5304 -1.04108e-33 9.08537e-36)
(14.3906 -1.13768e-33 9.92838e-36)
(19.0583 -7.42079e-34 6.47603e-36)
(18.3966 -7.98161e-34 6.96545e-36)
(15.9395 -1.00641e-33 8.78277e-36)
(17.7802 -8.50399e-34 7.42132e-36)
(17.3606 -8.85969e-34 7.73173e-36)
(15.061 -1.08086e-33 9.43252e-36)
(18.5125 -7.88343e-34 6.87976e-36)
(17.3375 -8.87922e-34 7.74878e-36)
(14.5286 -1.12598e-33 9.82628e-36)
(17.6824 -8.58695e-34 7.49372e-36)
(15.8666 -1.01258e-33 8.83668e-36)
(17.9452 -8.36418e-34 7.29931e-36)
(18.5756 -7.82987e-34 6.83302e-36)
(14.9638 -1.0891e-33 9.5044e-36)
(17.0456 -9.12665e-34 7.9647e-36)
(17.0558 -9.11796e-34 7.95712e-36)
(15.0357 -1.083e-33 9.45123e-36)
(15.1106 -1.07666e-33 9.39583e-36)
(15.4488 -1.04799e-33 9.14569e-36)
(17.1925 -9.0021e-34 7.85601e-36)
(18.2325 -8.12069e-34 7.08682e-36)
(17.1582 -9.03123e-34 7.88143e-36)
(18.2343 -8.1192e-34 7.08552e-36)
(18.8264 -7.61732e-34 6.64753e-36)
(18.1016 -8.23164e-34 7.18365e-36)
(17.0501 -9.12277e-34 7.96132e-36)
(15.7306 -1.02411e-33 8.93727e-36)
(18.847 -7.59989e-34 6.63233e-36)
(14.3949 -1.13731e-33 9.92518e-36)
(17.2237 -8.97569e-34 7.83296e-36)
(17.4492 -8.78458e-34 7.66618e-36)
(16.324 -9.73818e-34 8.49838e-36)
(14.1077 -1.16166e-33 1.01376e-35)
(15.6871 -1.02779e-33 8.96943e-36)
(15.2612 -1.06389e-33 9.28443e-36)
(15.2048 -1.06867e-33 9.32618e-36)
(16.1642 -9.87361e-34 8.61657e-36)
(18.7302 -7.69888e-34 6.71871e-36)
(14.326 -1.14315e-33 9.97616e-36)
(18.3013 -8.06235e-34 7.0359e-36)
(14.2512 -1.1495e-33 1.00315e-35)
(17.1844 -9.00896e-34 7.862e-36)
(14.1477 -1.15827e-33 1.01081e-35)
(14.4945 -1.12888e-33 9.85157e-36)
(17.4259 -8.80428e-34 7.68338e-36)
(18.8288 -7.61531e-34 6.64578e-36)
(17.3814 -8.84201e-34 7.71631e-36)
(15.0932 -1.07813e-33 9.40869e-36)
(14.8636 -1.09759e-33 9.57851e-36)
(16.5232 -9.56938e-34 8.35107e-36)
(18.2618 -8.09586e-34 7.06515e-36)
(14.3783 -1.13872e-33 9.93749e-36)
(17.3705 -8.85127e-34 7.72438e-36)
(18.0194 -8.30126e-34 7.2444e-36)
(16.1229 -9.9086e-34 8.64711e-36)
(14.2723 -1.14771e-33 1.00159e-35)
(16.2534 -9.79806e-34 8.55063e-36)
(17.4422 -8.79045e-34 7.67131e-36)
(16.0875 -9.93861e-34 8.6733e-36)
(17.4413 -8.79123e-34 7.67199e-36)
(16.4101 -9.66526e-34 8.43474e-36)
(18.6241 -7.78882e-34 6.7972e-36)
(19.0431 -7.4337e-34 6.48729e-36)
(15.8227 -1.01631e-33 8.86917e-36)
(16.5414 -9.55396e-34 8.33761e-36)
(17.3152 -8.89812e-34 7.76527e-36)
(15.4522 -1.04771e-33 9.1432e-36)
(16.6049 -9.50014e-34 8.29065e-36)
(15.3402 -1.0572e-33 9.22605e-36)
(18.364 -8.00927e-34 6.98959e-36)
(17.4968 -8.74424e-34 7.63099e-36)
(16.317 -9.74416e-34 8.5036e-36)
(15.4612 -1.04694e-33 9.13654e-36)
(14.5837 -1.12132e-33 9.78559e-36)
(18.4318 -7.95175e-34 6.93938e-36)
(18.899 -7.55585e-34 6.59389e-36)
(18.9643 -7.50044e-34 6.54553e-36)
(15.7338 -1.02384e-33 8.93489e-36)
(18.5023 -7.89199e-34 6.88724e-36)
(15.2807 -1.06224e-33 9.27006e-36)
(16.1021 -9.92623e-34 8.66249e-36)
(16.6169 -9.48996e-34 8.28176e-36)
(16.5258 -9.56716e-34 8.34913e-36)
(15.8009 -1.01815e-33 8.88526e-36)
(15.2245 -1.067e-33 9.3116e-36)
(18.6064 -7.80384e-34 6.8103e-36)
(14.8287 -1.10055e-33 9.60438e-36)
(14.7062 -1.11093e-33 9.69495e-36)
(17.8194 -8.47079e-34 7.39235e-36)
(14.7614 -1.10625e-33 9.65409e-36)
(14.4453 -1.13304e-33 9.88793e-36)
(18.0888 -8.24252e-34 7.19314e-36)
(15.9754 -1.00337e-33 8.75625e-36)
(18.7101 -7.71593e-34 6.73359e-36)
(16.8963 -9.25317e-34 8.07512e-36)
(16.7438 -9.38237e-34 8.18787e-36)
(16.2056 -9.83855e-34 8.58597e-36)
(17.7803 -8.50393e-34 7.42127e-36)
(18.7079 -7.71777e-34 6.7352e-36)
(18.6764 -7.74445e-34 6.75848e-36)
(14.2014 -1.15372e-33 1.00683e-35)
(16.289 -9.76784e-34 8.52427e-36)
(16.7479 -9.37889e-34 8.18484e-36)
(15.7118 -1.0257e-33 8.95118e-36)
(17.1966 -8.99863e-34 7.85299e-36)
(17.1552 -9.03375e-34 7.88364e-36)
(17.3133 -8.89975e-34 7.76669e-36)
(18.7678 -7.667e-34 6.69089e-36)
(16.6358 -9.47392e-34 8.26777e-36)
(18.7596 -7.67393e-34 6.69694e-36)
(17.0633 -9.11159e-34 7.95156e-36)
(14.5347 -1.12547e-33 9.82182e-36)
(14.5795 -1.12167e-33 9.78866e-36)
(18.2253 -8.12677e-34 7.09212e-36)
(17.3951 -8.83039e-34 7.70616e-36)
(18.1962 -8.15143e-34 7.11365e-36)
(15.3645 -1.05514e-33 9.20803e-36)
(14.4248 -1.13478e-33 9.90311e-36)
(14.2155 -1.15252e-33 1.00579e-35)
(14.1923 -1.15448e-33 1.0075e-35)
(16.8233 -9.31503e-34 8.1291e-36)
(15.3758 -1.05418e-33 9.1997e-36)
(18.7391 -7.69132e-34 6.71212e-36)
(18.8877 -7.56537e-34 6.60219e-36)
(15.0331 -1.08322e-33 9.45314e-36)
(14.2561 -1.14908e-33 1.00278e-35)
(14.445 -1.13307e-33 9.88811e-36)
(16.9762 -9.18545e-34 8.01602e-36)
(18.2109 -8.13898e-34 7.10278e-36)
(17.4633 -8.77264e-34 7.65577e-36)
(16.4912 -9.59652e-34 8.37475e-36)
(15.5274 -1.04133e-33 9.08755e-36)
(18.8995 -7.55542e-34 6.59352e-36)
(18.56 -7.84313e-34 6.8446e-36)
(17.1194 -9.06405e-34 7.91007e-36)
(15.7712 -1.02067e-33 8.90728e-36)
(16.0017 -1.00114e-33 8.7368e-36)
(15.4921 -1.04432e-33 9.11367e-36)
(16.1365 -9.89706e-34 8.63703e-36)
(15.2332 -1.06627e-33 9.30517e-36)
(18.3886 -7.98836e-34 6.97133e-36)
(15.6402 -1.03177e-33 9.00415e-36)
(16.7608 -9.36803e-34 8.17535e-36)
(18.9051 -7.55067e-34 6.58937e-36)
(18.0637 -8.26375e-34 7.21167e-36)
(19.0332 -7.44209e-34 6.49462e-36)
(17.3697 -8.85191e-34 7.72494e-36)
(17.1344 -9.05136e-34 7.899e-36)
(18.9218 -7.53651e-34 6.57701e-36)
(18.3222 -8.0447e-34 7.0205e-36)
(16.6235 -9.48432e-34 8.27684e-36)
(17.3817 -8.84174e-34 7.71607e-36)
(14.9494 -1.09032e-33 9.5151e-36)
(17.1813 -9.01158e-34 7.86429e-36)
(17.623 -8.63729e-34 7.53765e-36)
(19.0839 -7.39914e-34 6.45713e-36)
(16.0507 -9.96982e-34 8.70053e-36)
(18.4649 -7.9237e-34 6.9149e-36)
(14.3958 -1.13724e-33 9.92451e-36)
(14.6837 -1.11284e-33 9.71158e-36)
(17.002 -9.1636e-34 7.99695e-36)
(16.1874 -9.85396e-34 8.59942e-36)
(17.7118 -8.56202e-34 7.47196e-36)
(16.1202 -9.91089e-34 8.64911e-36)
(17.778 -8.50587e-34 7.42296e-36)
(16.9577 -9.20115e-34 8.02972e-36)
(14.6848 -1.11274e-33 9.71075e-36)
(15.6474 -1.03116e-33 8.99883e-36)
(15.6609 -1.03002e-33 8.98882e-36)
(16.1876 -9.85376e-34 8.59924e-36)
(16.3656 -9.70293e-34 8.46762e-36)
(15.1752 -1.07118e-33 9.34804e-36)
(14.3209 -1.14358e-33 9.9799e-36)
(15.6585 -1.03022e-33 8.99058e-36)
(15.6759 -1.02874e-33 8.97771e-36)
(18.0603 -8.26666e-34 7.2142e-36)
(18.5541 -7.84813e-34 6.84896e-36)
(14.7714 -1.1054e-33 9.6467e-36)
(16.0528 -9.96802e-34 8.69896e-36)
(18.0244 -8.29706e-34 7.24073e-36)
(15.2414 -1.06557e-33 9.29912e-36)
(19.2117 0.579682 -1.27754e-06)
(17.2318 -8.96884e-34 7.82699e-36)
(19.0228 -7.45093e-34 6.50233e-36)
(18.4249 0.847594 -6.85191e-06)
(18.7023 0.470312 1.69307e-06)
(18.5757 0.586631 -2.28668e-05)
(17.6455 -8.61816e-34 7.52095e-36)
(17.7496 0.823248 3.04173e-06)
(19.0124 0.277405 -1.48526e-06)
(19.2365 0.1398 -2.63706e-06)
(19.2273 0.122547 1.21479e-06)
(19.1475 0.125088 -9.1749e-06)
(18.3862 0.343729 7.29357e-06)
(17.9286 0.50196 3.52819e-06)
(17.327 0.868651 3.42937e-06)
(19.0987 0.0438497 -1.94312e-06)
(18.659 0.16639 1.81641e-06)
(18.9399 0.0886821 -1.26897e-07)
(18.6557 0.200711 -7.4368e-08)
(18.5755 0.193581 1.68651e-06)
(18.9271 0.0117475 -6.68289e-07)
(18.6371 0.191205 5.65078e-06)
(18.7254 0.127749 -1.18337e-06)
(18.7593 0.017845 -5.24749e-07)
(18.4769 0.136293 1.98765e-06)
(18.7182 0.0197201 -1.97236e-06)
(17.52 0.53796 8.04671e-07)
(17.5249 0.360612 8.75882e-06)
(18.2659 0.13057 -5.18984e-06)
(18.1222 0.183159 -1.56934e-06)
(18.3244 0.106559 2.61736e-06)
(17.781 0.345027 -3.14198e-06)
(18.4531 0.0557552 -1.95089e-06)
(17.9769 0.155128 3.80056e-08)
(17.9149 0.103801 3.61037e-06)
(18.0386 0.0519378 2.36244e-06)
(18.1344 0.00695966 -3.14393e-06)
(18.0385 0.0642054 -1.30381e-06)
(18.0773 0.0368059 4.40323e-07)
(17.9366 0.0996737 -9.02735e-07)
(17.4544 0.271059 1.10689e-06)
(17.4996 0.281033 -7.31386e-06)
(17.5017 0.306351 -1.64924e-05)
(17.7952 0.0934916 -2.74733e-07)
(17.7435 1.82932e-16 1.59642e-18)
(17.7503 0.0118368 -7.55106e-06)
(17.6299 0.0979577 -1.7925e-06)
(17.6655 0.0511399 -8.79065e-07)
(17.6817 0.0284156 -4.00806e-07)
(16.6622 0.505072 2.64674e-07)
(16.8717 0.277058 2.88361e-06)
(17.1803 0.117499 -1.98365e-07)
(16.8029 0.332746 -4.88285e-06)
(17.1355 0.117177 -1.1748e-06)
(17.0804 0.0907755 -1.43994e-06)
(15.1198 -1.07588e-33 9.38902e-36)
(16.5317 0.377994 -2.61148e-06)
(16.9389 0.162048 -1.39392e-06)
(16.9691 0.108973 3.4122e-07)
(16.9535 0.118005 -4.80511e-07)
(16.734 0.23912 5.99958e-06)
(16.8667 0.137388 1.93119e-06)
(16.6103 0.274252 -1.24725e-06)
(16.9795 0.040447 1.10433e-06)
(16.3206 0.46263 2.12057e-06)
(16.9603 0.0249586 -1.44023e-06)
(16.9924 0.0171075 1.85311e-07)
(16.6595 0.194442 1.60766e-06)
(16.7499 0.122896 1.58522e-06)
(16.7924 0.0786893 -4.53699e-07)
(16.3801 0.30237 2.41013e-06)
(16.7187 0.0792976 -1.62453e-07)
(16.6197 0.124424 5.03104e-07)
(16.087 0.57218 1.49321e-06)
(16.5541 0.103075 3.2828e-07)
(16.4609 0.0761453 -5.17265e-07)
(15.9274 0.526397 1.06082e-05)
(16.5311 0.00901521 1.79824e-06)
(16.3535 0.0992575 7.64685e-07)
(16.1083 0.252407 6.08331e-07)
(16.0206 0.237982 -1.56261e-07)
(16.2037 0.11482 -4.08556e-06)
(16.1915 0.0626838 -5.36162e-07)
(16.1201 0.0629244 3.44577e-06)
(16.1343 0.0559487 2.36708e-08)
(15.6541 0.543468 2.74301e-06)
(15.7538 0.365921 -4.88153e-06)
(15.9299 0.122471 -4.13026e-07)
(15.9182 0.183507 1.45764e-06)
(15.2961 0.693422 -4.56852e-07)
(15.8713 0.136975 -3.99508e-06)
(15.5409 0.40137 1.37553e-06)
(15.4777 0.352631 3.18455e-06)
(15.7802 0.00415296 -5.00345e-07)
(15.3959 0.321058 -9.77843e-06)
(15.5071 0.27715 3.30539e-06)
(15.6764 0.00264116 2.48984e-07)
(15.6926 0.00998783 -2.18546e-07)
(15.5489 0.150562 -4.2219e-07)
(15.3068 0.333977 -6.24727e-06)
(15.3312 0.284026 4.69053e-06)
(15.2876 0.251311 -7.81922e-07)
(15.2835 0.332986 4.68434e-06)
(15.478 0.046228 -1.4202e-06)
(15.1187 0.344582 -2.33054e-06)
(15.2268 0.185626 4.86415e-06)
(15.0603 0.469027 6.53622e-06)
(15.1445 0.0643286 -4.41323e-06)
(15.092 0.145668 -4.74013e-06)
(15.1622 0.00570338 -3.93887e-07)
(15.131 0.00302066 1.60544e-06)
(15.0585 0.14593 -3.45797e-06)
(14.8465 0.331992 2.25051e-08)
(14.9394 0.108533 4.02831e-06)
(14.8401 0.391608 4.65897e-06)
(14.8074 0.389892 2.62069e-06)
(14.7576 0.165729 1.33128e-06)
(14.5847 0.677585 3.23551e-06)
(14.6539 0.477684 9.85388e-06)
(14.6511 0.148297 -7.90715e-08)
(14.6687 0.0632913 -3.12429e-07)
(14.6156 0.17307 1.37808e-06)
(14.5786 0.115586 -8.61157e-07)
(14.5836 0.0148974 -3.13632e-06)
(14.4983 0.266524 -3.90005e-08)
(14.4691 0.161034 8.45765e-06)
(14.4903 0.0571625 4.00842e-06)
(14.4884 0.433737 -3.7692e-08)
(14.4278 0.112041 -4.29392e-07)
(14.3 0.145617 2.25339e-06)
(14.2513 0.17848 -4.66579e-06)
(14.1698 0.161023 -1.82684e-06)
(14.1377 0.274921 -5.18571e-06)
(14.1421 0.000439126 -4.96149e-07)
(24.1297 -3.12272e-34 2.72516e-36)
(22.4565 -4.54075e-34 3.96265e-36)
(21.6674 -5.20956e-34 4.54631e-36)
(19.3055 -7.21129e-34 6.2932e-36)
(19.1099 -7.37704e-34 6.43785e-36)
(20.2522 -6.40899e-34 5.59304e-36)
(20.6873 -6.04021e-34 5.27121e-36)
(22.6002 -4.41895e-34 3.85636e-36)
(19.9272 -6.68439e-34 5.83337e-36)
(21.6059 -5.26162e-34 4.59174e-36)
(22.0598 -4.87693e-34 4.25603e-36)
(20.2201 -6.43619e-34 5.61678e-36)
(22.8345 -4.22037e-34 3.68306e-36)
(20.7591 -5.9793e-34 5.21806e-36)
(20.1652 -6.48271e-34 5.65737e-36)
(19.4816 -7.06205e-34 6.16296e-36)
(23.6182 -3.55617e-34 3.10343e-36)
(23.5698 -3.59724e-34 3.13927e-36)
(22.1184 -4.82729e-34 4.21271e-36)
(23.1823 -3.92564e-34 3.42585e-36)
(23.8272 -3.37902e-34 2.94882e-36)
(20.2382 -6.42083e-34 5.60337e-36)
(19.5644 -6.99186e-34 6.10171e-36)
(20.8415 -5.90949e-34 5.15714e-36)
(20.6651 -6.05897e-34 5.28758e-36)
(19.1239 -7.36522e-34 6.42753e-36)
(19.731 -6.85071e-34 5.97852e-36)
(22.5097 -4.49563e-34 3.92328e-36)
(20.0086 -6.61545e-34 5.77322e-36)
(20.541 -6.1642e-34 5.37941e-36)
(21.4165 -5.42222e-34 4.7319e-36)
(23.2132 -3.89944e-34 3.40299e-36)
(22.5294 -4.47898e-34 3.90875e-36)
(21.1145 -5.67812e-34 4.95522e-36)
(23.2935 -3.83139e-34 3.3436e-36)
(22.3844 -4.60189e-34 4.01601e-36)
(20.5417 -6.16361e-34 5.3789e-36)
(23.9086 -3.31004e-34 2.88863e-36)
(19.8507 -6.74923e-34 5.88997e-36)
(21.2543 -5.55965e-34 4.85183e-36)
(19.9865 -6.63411e-34 5.7895e-36)
(24.4633 -2.83997e-34 2.47841e-36)
(24.0417 -3.19729e-34 2.79023e-36)
(23.2477 -3.8702e-34 3.37747e-36)
(20.6158 -6.1008e-34 5.32408e-36)
(19.9569 -6.65921e-34 5.81141e-36)
(21.9408 -4.97778e-34 4.34405e-36)
(20.4523 -6.23938e-34 5.44502e-36)
(21.006 -5.77008e-34 5.03547e-36)
(19.8857 -6.71959e-34 5.8641e-36)
(19.497 -7.04898e-34 6.15155e-36)
(22.8766 2.92709e-21 2.55444e-23)
(20.9585 -5.81034e-34 5.07061e-36)
(21.4997 -5.3517e-34 4.67035e-36)
(19.5197 -7.02979e-34 6.1348e-36)
(19.3289 -7.19151e-34 6.27593e-36)
(19.7474 -6.83674e-34 5.96633e-36)
(20.6072 -6.10811e-34 5.33046e-36)
(21.7525 -5.13743e-34 4.48337e-36)
(19.3872 -7.1421e-34 6.23282e-36)
(24.2919 -2.98519e-34 2.60514e-36)
(21.7458 -5.14309e-34 4.4883e-36)
(21.4277 -5.41266e-34 4.72356e-36)
(23.7239 -3.46656e-34 3.02522e-36)
(23.9935 -3.23808e-34 2.82583e-36)
(24.144 -3.11054e-34 2.71453e-36)
(22.5211 -4.48604e-34 3.91491e-36)
(23.6081 -3.56473e-34 3.11089e-36)
(21.4961 -5.35468e-34 4.67296e-36)
(23.1212 -3.97737e-34 3.471e-36)
(22.9643 -4.11039e-34 3.58708e-36)
(21.2984 -5.52231e-34 4.81925e-36)
(23.0689 -4.02172e-34 3.5097e-36)
(22.5919 -4.42601e-34 3.86252e-36)
(20.4909 -6.20666e-34 5.41647e-36)
(22.696 -4.33781e-34 3.78555e-36)
(19.4606 -7.07988e-34 6.17852e-36)
(24.1718 -3.08698e-34 2.69397e-36)
(23.711 -3.47755e-34 3.03481e-36)
(22.5284 -4.47983e-34 3.90949e-36)
(23.2617 -3.85835e-34 3.36713e-36)
(20.5679 -6.1414e-34 5.35952e-36)
(23.2178 -3.89551e-34 3.39956e-36)
(19.6322 -6.93444e-34 6.05159e-36)
(22.6154 -4.40607e-34 3.84512e-36)
(22.4272 -4.56557e-34 3.98431e-36)
(19.263 -7.24728e-34 6.32461e-36)
(23.2008 -3.90998e-34 3.41219e-36)
(23.0661 -4.02413e-34 3.51181e-36)
(19.5981 -6.9633e-34 6.07678e-36)
(20.6162 -6.10048e-34 5.32381e-36)
(22.7979 -4.25139e-34 3.71013e-36)
(21.369 -5.4624e-34 4.76696e-36)
(19.3913 -7.13858e-34 6.22975e-36)
(20.1844 -6.46645e-34 5.64318e-36)
(22.0178 -4.91259e-34 4.28716e-36)
(24.1279 -3.12421e-34 2.72645e-36)
(23.1467 -3.95579e-34 3.45216e-36)
(24.2838 -2.99204e-34 2.61111e-36)
(20.5246 -6.17811e-34 5.39156e-36)
(21.95 -4.97002e-34 4.33727e-36)
(19.6529 -6.91688e-34 6.03627e-36)
(23.5808 -3.58786e-34 3.13107e-36)
(20.6083 -6.10714e-34 5.32962e-36)
(23.0307 -4.05412e-34 3.53798e-36)
(22.3224 -4.65443e-34 4.06186e-36)
(20.974 -5.79722e-34 5.05916e-36)
(24.0515 -3.18898e-34 2.78298e-36)
(23.5347 -3.62699e-34 3.16523e-36)
(20.5674 -6.14185e-34 5.35991e-36)
(23.839 -3.36909e-34 2.94016e-36)
(21.4764 -5.37139e-34 4.68755e-36)
(21.3594 -5.47061e-34 4.77413e-36)
(22.181 -4.77425e-34 4.16642e-36)
(19.645 -6.9236e-34 6.04213e-36)
(23.1105 -3.98648e-34 3.47895e-36)
(20.5566 -6.15094e-34 5.36785e-36)
(22.3473 -4.63332e-34 4.04344e-36)
(23.8759 -3.33776e-34 2.91282e-36)
(19.6446 -6.92393e-34 6.04242e-36)
(23.4236 -3.72112e-34 3.24737e-36)
(21.8349 -5.0676e-34 4.42243e-36)
(22.4643 -4.53418e-34 3.95692e-36)
(22.7356 -4.30418e-34 3.7562e-36)
(20.8082 -5.93771e-34 5.18176e-36)
(23.0765 -4.01532e-34 3.50412e-36)
(22.591 -4.42675e-34 3.86317e-36)
(20.7928 -5.9508e-34 5.19318e-36)
(20.4708 -6.22371e-34 5.43135e-36)
(23.5323 -3.62903e-34 3.167e-36)
(21.6707 -5.20673e-34 4.54384e-36)
(21.8004 -5.09683e-34 4.44793e-36)
(19.6885 -6.8867e-34 6.00993e-36)
(22.1292 -4.81817e-34 4.20475e-36)
(22.2968 -4.67611e-34 4.08078e-36)
(24.1181 -3.13253e-34 2.73371e-36)
(22.444 -4.55138e-34 3.97193e-36)
(24.0544 -3.1865e-34 2.78082e-36)
(20.0254 -6.60116e-34 5.76074e-36)
(20.0118 -6.61266e-34 5.77078e-36)
(23.4717 -3.68039e-34 3.21183e-36)
(19.494 -7.05155e-34 6.1538e-36)
(23.462 -3.68859e-34 3.21899e-36)
(22.7048 -4.33033e-34 3.77902e-36)
(19.499 -7.04727e-34 6.15006e-36)
(22.6784 -4.35266e-34 3.79851e-36)
(21.8599 -5.04638e-34 4.40391e-36)
(22.3005 -4.67299e-34 4.07806e-36)
(22.8376 -4.21773e-34 3.68076e-36)
(23.6193 -3.55528e-34 3.10265e-36)
(19.2957 -7.21964e-34 6.30049e-36)
(21.921 -4.99462e-34 4.35874e-36)
(19.7242 -6.85643e-34 5.98352e-36)
(20.5861 -6.12598e-34 5.34606e-36)
(22.1546 -4.79659e-34 4.18592e-36)
(22.4529 -4.54377e-34 3.96529e-36)
(21.5289 -5.32696e-34 4.64876e-36)
(21.3919 -5.44301e-34 4.75004e-36)
(20.6511 -6.07091e-34 5.298e-36)
(19.7061 -6.87176e-34 5.99689e-36)
(23.1227 -3.97617e-34 3.46995e-36)
(21.8801 -5.0293e-34 4.389e-36)
(19.5769 -6.98132e-34 6.09251e-36)
(19.7244 -6.85629e-34 5.98339e-36)
(21.7171 -5.1674e-34 4.50952e-36)
(23.9092 -3.30954e-34 2.88819e-36)
(22.4249 -4.56753e-34 3.98602e-36)
(22.7453 -4.29596e-34 3.74903e-36)
(21.3486 -5.4797e-34 4.78206e-36)
(21.029 -5.75057e-34 5.01845e-36)
(23.9548 -3.27088e-34 2.85445e-36)
(23.7484 -3.44585e-34 3.00715e-36)
(22.1787 -4.77621e-34 4.16814e-36)
(19.3462 -7.1768e-34 6.2631e-36)
(19.5809 -6.97793e-34 6.08955e-36)
(20.5264 -6.17652e-34 5.39017e-36)
(23.043 -4.0437e-34 3.52888e-36)
(24.0736 -3.17026e-34 2.76665e-36)
(20.1851 -6.46579e-34 5.64261e-36)
(23.5594 -3.60601e-34 3.14692e-36)
(19.6104 -6.95289e-34 6.06769e-36)
(21.0494 -5.73328e-34 5.00336e-36)
(19.5402 -7.01237e-34 6.1196e-36)
(22.5496 -4.46184e-34 3.89379e-36)
(21.5099 -5.34299e-34 4.66276e-36)
(23.8026 -3.39993e-34 2.96707e-36)
(20.7825 -5.95947e-34 5.20075e-36)
(19.2851 -7.22861e-34 6.30831e-36)
(22.6355 1.25056e-13 -1.09134e-15)
(20.276 -6.38881e-34 5.57543e-36)
(23.3376 -3.79403e-34 3.311e-36)
(20.6076 -6.10773e-34 5.33014e-36)
(19.1992 -7.3014e-34 6.37183e-36)
(21.897 -5.01496e-34 4.37649e-36)
(19.6286 -6.9375e-34 6.05427e-36)
(22.6264 -4.39673e-34 3.83697e-36)
(22.223 -4.73866e-34 4.13536e-36)
(24.1649 -3.09288e-34 2.69912e-36)
(22.3278 -4.64987e-34 4.05788e-36)
(21.4632 -5.38261e-34 4.69733e-36)
(19.2657 -7.24504e-34 6.32265e-36)
(22.7418 -4.29895e-34 3.75164e-36)
(24.474 -2.83091e-34 2.4705e-36)
(20.923 -5.84041e-34 5.09685e-36)
(21.2205 -5.58826e-34 4.8768e-36)
(19.3194 -7.19952e-34 6.28292e-36)
(21.1823 -5.62066e-34 4.90507e-36)
(24.1756 -3.0838e-34 2.69119e-36)
(19.4957 -7.0501e-34 6.15253e-36)
(20.5547 -6.15262e-34 5.36931e-36)
(21.2226 -5.58648e-34 4.87525e-36)
(21.07 -5.71587e-34 4.98817e-36)
(20.1907 -6.46103e-34 5.63846e-36)
(21.5642 -5.297e-34 4.62262e-36)
(22.5511 -4.46056e-34 3.89267e-36)
(22.9935 -4.08562e-34 3.56547e-36)
(21.0768 -5.71011e-34 4.98314e-36)
(23.1327 -3.96764e-34 3.46251e-36)
(19.4145 -7.1189e-34 6.21257e-36)
(23.6778 -3.50569e-34 3.05937e-36)
(19.8255 -6.77055e-34 5.90857e-36)
(19.4798 -7.06355e-34 6.16427e-36)
(21.7086 -5.17461e-34 4.51581e-36)
(20.155 -6.49135e-34 5.66491e-36)
(20.8994 -5.86042e-34 5.11431e-36)
(21.7772 -5.11652e-34 4.46512e-36)
(21.4817 -5.36695e-34 4.68367e-36)
(22.4611 -4.53689e-34 3.95929e-36)
(19.9181 -6.6921e-34 5.84011e-36)
(24.2939 -2.98349e-34 2.60365e-36)
(19.6089 -6.95415e-34 6.0688e-36)
(23.235 -3.88093e-34 3.38684e-36)
(21.688 -5.19205e-34 4.53103e-36)
(22.7017 -4.33297e-34 3.78132e-36)
(21.344 -5.48359e-34 4.78546e-36)
(22.944 -4.12762e-34 3.60212e-36)
(22.5854 -4.43155e-34 3.86735e-36)
(19.1966 -7.3036e-34 6.37375e-36)
(21.6327 -5.23893e-34 4.57195e-36)
(20.2738 -6.39065e-34 5.57704e-36)
(23.8612 -3.35025e-34 2.92372e-36)
(20.2251 -6.43192e-34 5.61306e-36)
(20.0015 -6.62142e-34 5.77843e-36)
(23.964 2.53095 3.33307e-08)
(22.2999 -4.67347e-34 4.07847e-36)
(21.429 -5.4116e-34 4.72263e-36)
(24.4822 0.880184 5.03688e-06)
(22.1055 -4.83826e-34 4.22228e-36)
(24.3125 1.2171 7.01539e-06)
(24.1092 0.960422 -1.05772e-05)
(24.1694 0.840348 7.77117e-06)
(24.42 0.92061 6.39186e-06)
(24.0422 0.667567 3.52886e-07)
(23.5414 1.64015 1.51575e-05)
(23.3942 1.67958 -4.78227e-06)
(24.2021 0.5499 -8.3877e-06)
(23.9843 -3.24592e-34 2.83267e-36)
(21.9116 0.000235083 6.50324e-07)
(24.4116 0.22485 -4.59216e-06)
(24.3081 0.127157 -7.08646e-07)
(23.5374 0.551618 6.52533e-06)
(23.2201 0.808708 2.57897e-06)
(24.4741 0.107434 -8.92462e-07)
(24.4206 0.0374655 -7.13813e-07)
(23.175 -3.93184e-34 3.43126e-36)
(23.4686 0.573126 8.82278e-06)
(23.6761 -3.50709e-34 3.06059e-36)
(23.4877 0.311549 -5.49968e-06)
(24.4583 0.144286 9.36884e-06)
(23.8473 0.306977 2.31829e-06)
(24.4386 0.0389763 -3.71291e-06)
(21.3711 -5.46069e-34 4.76547e-36)
(24.3082 0.0079344 1.07593e-06)
(24.0512 0.283279 -2.82602e-06)
(23.8702 0.244094 4.58346e-06)
(24.2011 0.166905 7.59221e-06)
(23.5651 0.252438 -3.49021e-07)
(23.7911 0.15744 -2.57771e-06)
(24.0333 0.00420014 -6.26813e-07)
(23.7215 0.29366 -2.64663e-06)
(23.9814 0.0705333 2.05814e-06)
(23.7094 0.063511 -1.99026e-06)
(23.3931 4.00401e-27 -3.49425e-29)
(23.2615 0.136949 1.44393e-05)
(23.329 0.300372 3.17591e-06)
(23.5436 0.134986 3.42778e-06)
(22.9489 0.45397 2.35424e-08)
(23.4851 0.120306 9.08095e-07)
(23.4644 0.0592288 4.76294e-06)
(23.3232 0.100992 -3.50422e-07)
(23.1728 0.402279 -6.10981e-06)
(23.294 0.0805726 5.94925e-08)
(23.41 0.125899 5.02342e-07)
(23.4535 0.0664014 1.91251e-06)
(23.2194 0.0348349 -3.84372e-06)
(23.3251 0.100148 1.7907e-06)
(23.0299 2.81823e-16 -2.45943e-18)
(23.2075 0.00590148 1.05532e-08)
(23.1455 0.0152316 2.65883e-06)
(22.9978 0.192905 3.50504e-06)
(22.7306 0.34032 -4.82725e-07)
(22.6572 0.352244 -1.80644e-06)
(23.0323 0.0780207 -7.78279e-06)
(22.4579 0.375986 -2.5902e-07)
(22.7628 0.246809 5.59274e-06)
(22.505 0.302116 -3.94959e-07)
(22.6798 0.18811 2.31088e-07)
(22.539 0.277223 5.78911e-06)
(22.9055 0.105148 -9.73881e-06)
(22.8522 0.128296 8.63017e-06)
(22.0517 0.484562 -5.35598e-06)
(22.3393 0.0128338 -2.56154e-06)
(22.068 0.349451 9.57145e-06)
(22.2845 0.33704 -1.175e-06)
(22.0871 0.349571 -1.50238e-06)
(22.3686 0.102615 9.65425e-07)
(22.254 0.114969 -1.17651e-06)
(22.2927 0.172404 4.96725e-06)
(22.1106 0.34146 6.50748e-06)
(22.2137 0.109318 -4.32391e-08)
(21.0978 1.27298 -1.20032e-05)
(22.2082 0.0267071 2.00844e-06)
(21.6073 0.471938 1.03549e-06)
(21.9986 0.241731 4.03862e-06)
(22.0257 0.102306 -8.36976e-07)
(21.8452 0.016581 9.08825e-07)
(21.3691 0.572904 2.97458e-07)
(21.6092 0.155188 -1.5564e-05)
(21.7133 0.292324 -6.1475e-06)
(21.7231 0.0169802 -2.85918e-07)
(21.6951 0.000225112 -3.32372e-07)
(21.8238 0.0025533 -3.08413e-06)
(21.6411 0.175826 -6.62784e-07)
(21.4515 0.0362652 3.90819e-07)
(20.829 0.507671 3.60997e-06)
(21.1302 0.00346365 3.44065e-07)
(21.0717 0.167797 -1.34537e-06)
(21.0482 0.0370644 -2.34166e-07)
(20.8928 0.376145 9.78696e-07)
(20.9861 0.159372 -9.16133e-08)
(21.0488 0.0685055 1.43676e-06)
(20.5403 0.690124 -3.05994e-06)
(21.0126 0.0506936 -8.10015e-07)
(20.9011 0.041458 3.97915e-06)
(20.8555 0.0209617 3.93741e-07)
(20.9453 0.0935404 -1.27219e-05)
(20.7521 0.28127 1.08026e-05)
(20.8622 0.108605 -9.07558e-07)
(20.7723 0.0123899 -1.0147e-05)
(20.7134 0.161377 4.37655e-07)
(20.6202 0.229954 -2.06921e-07)
(20.5858 0.22916 -4.47202e-07)
(20.5554 0.0476043 6.024e-06)
(20.5406 0.138722 1.32861e-05)
(20.4682 0.410945 -5.10295e-06)
(20.5797 0.161416 -4.6095e-07)
(20.6046 0.0826747 1.41314e-06)
(20.4906 0.027152 -1.79421e-05)
(20.4199 0.140411 -1.28972e-06)
(20.3123 0.322059 -5.52357e-06)
(20.2136 0.234512 4.99929e-07)
(20.2369 0.030899 7.80021e-06)
(20.2561 0.0944195 3.52218e-07)
(20.0585 0.000944156 1.69302e-08)
(19.9864 0.00910241 -6.13658e-07)
(20.0548 0.159648 2.12618e-06)
(19.8317 0.623601 1.99967e-06)
(19.964 0.14143 1.68709e-07)
(19.907 0.222112 1.83055e-06)
(19.8105 0.19979 7.26159e-06)
(19.8572 0.0508803 -5.40056e-07)
(19.755 0.308611 -1.83126e-06)
(19.7534 0.229162 -3.73692e-06)
(19.7357 0.165068 -5.51298e-06)
(19.6251 0.257751 1.91798e-07)
(19.5874 0.116623 1.70077e-06)
(19.5302 0.21811 -4.29441e-06)
(19.5569 0.0656168 -3.79334e-06)
(19.4587 0.199365 -4.25502e-06)
(19.4405 0.0679237 -2.90868e-06)
(19.4305 0.0774972 -3.36843e-07)
(19.3632 0.727636 7.88248e-07)
(19.4087 0.110752 3.96371e-07)
(29.6428 8.34175e-152 7.27973e-154)
(28.0721 3.38176e-153 -2.95122e-155)
(29.3106 2.09553e-151 -1.82874e-153)
(26.2658 -1.3123e-34 1.14523e-36)
(24.6814 -2.65511e-34 2.31708e-36)
(28.076 2.59046e-152 2.26066e-154)
(27.5008 -2.65574e-35 2.31763e-37)
(25.6018 -1.87502e-34 1.6363e-36)
(25.4514 -2.00251e-34 1.74756e-36)
(28.0638 7.02517e-153 -6.13077e-155)
(25.7872 -1.71793e-34 1.49922e-36)
(24.6684 -2.66609e-34 2.32666e-36)
(27.4384 -3.18498e-35 2.77949e-37)
(27.4435 -3.14149e-35 2.74154e-37)
(28.4242 3.23475e-152 -2.82292e-154)
(27.6573 -1.32989e-35 1.16058e-37)
(25.6186 -1.86079e-34 1.62389e-36)
(28.4253 2.55176e-152 2.22688e-154)
(27.3962 -3.54249e-35 3.09148e-37)
(26.9264 -7.52449e-35 6.56652e-37)
(26.2631 -1.31456e-34 1.1472e-36)
(26.154 -1.407e-34 1.22787e-36)
(24.832 -2.52749e-34 2.2057e-36)
(27.2307 -4.94489e-35 4.31534e-37)
(28.9898 1.01329e-151 8.84289e-154)
(26.3899 -1.20713e-34 1.05344e-36)
(26.0271 -1.51458e-34 1.32175e-36)
(24.8584 -2.50509e-34 2.18616e-36)
(25.3607 -2.07935e-34 1.81462e-36)
(26.1316 -1.42606e-34 1.24451e-36)
(28.6568 1.05297e-151 -9.18912e-154)
(27.0579 -6.40926e-35 5.59327e-37)
(29.121 2.49567e-151 2.17794e-153)
(24.5795 -2.74145e-34 2.39243e-36)
(28.8631 1.26307e-152 1.10226e-154)
(27.1079 -5.98599e-35 5.22389e-37)
(24.6158 -2.71067e-34 2.36557e-36)
(29.3996 9.75865e-153 -8.51625e-155)
(25.6542 -1.83062e-34 1.59756e-36)
(26.8601 -8.08598e-35 7.05653e-37)
(25.5019 -1.95971e-34 1.71021e-36)
(29.2843 1.05486e-152 9.20563e-155)
(24.5102 -2.80016e-34 2.44366e-36)
(27.1493 -5.63476e-35 4.91738e-37)
(24.6431 -2.68755e-34 2.34539e-36)
(24.7677 -2.58195e-34 2.25324e-36)
(28.7478 2.0604e-151 -1.79808e-153)
(29.5067 9.99439e-152 8.72197e-154)
(25.0019 -2.38351e-34 2.08006e-36)
(26.7272 -9.21268e-35 8.03979e-37)
(29.5364 8.60438e-152 -7.50893e-154)
(24.7479 -2.59877e-34 2.26791e-36)
(26.4633 -1.14489e-34 9.99127e-37)
(27.3829 -3.65475e-35 3.18946e-37)
(28.8292 9.6517e-153 -8.42291e-155)
(26.8232 -8.39902e-35 7.32971e-37)
(26.0335 -1.50916e-34 1.31702e-36)
(28.0811 5.26181e-153 -4.59191e-155)
(27.1951 -5.24654e-35 4.57859e-37)
(27.1697 -5.46178e-35 4.76642e-37)
(29.2468 5.80471e-152 -5.06569e-154)
(27.578 -2.0016e-35 1.74677e-37)
(25.3417 -2.0955e-34 1.82871e-36)
(29.182 2.52341e-152 -2.20215e-154)
(25.9231 -1.60271e-34 1.39866e-36)
(28.6915 4.69874e-152 4.10053e-154)
(24.7976 -2.55662e-34 2.23113e-36)
(29.2204 1.50108e-151 -1.30998e-153)
(28.4043 1.5042e-151 1.3127e-153)
(24.9595 -2.41937e-34 2.11135e-36)
(28.3762 3.71544e-152 3.24242e-154)
(28.3454 4.76177e-152 4.15553e-154)
(26.6111 -1.01966e-34 8.89842e-37)
(27.3766 -3.70837e-35 3.23625e-37)
(27.0967 -6.08048e-35 5.30636e-37)
(29.3725 1.70886e-152 1.4913e-154)
(24.5592 -2.75865e-34 2.40743e-36)
(25.7586 -1.74218e-34 1.52038e-36)
(24.7714 -2.57879e-34 2.25048e-36)
(27.7585 -4.72206e-36 4.12088e-38)
(26.2502 -1.3255e-34 1.15675e-36)
(25.6461 -1.83751e-34 1.60357e-36)
(26.8428 -8.23258e-35 7.18447e-37)
(25.1006 -2.29979e-34 2.00699e-36)
(28.6469 1.33285e-152 1.16316e-154)
(24.994 -2.39013e-34 2.08583e-36)
(25.0594 -2.33475e-34 2.03751e-36)
(27.2651 -4.65362e-35 4.06116e-37)
(29.3256 1.45847e-152 1.27279e-154)
(27.9599 5.99449e-153 -5.23132e-155)
(24.8213 -2.53656e-34 2.21363e-36)
(29.7946 3.13836e-152 -2.73881e-154)
(27.673 -1.19621e-35 1.04391e-37)
(28.7159 1.03548e-152 9.03647e-155)
(27.7031 -9.41197e-36 8.2137e-38)
(27.8862 6.62149e-152 -5.77849e-154)
(24.6089 -2.71657e-34 2.37071e-36)
(27.4897 -2.74975e-35 2.39967e-37)
(27.4303 -3.25361e-35 2.83938e-37)
(28.8877 1.39492e-153 -1.21733e-155)
(25.2039 -2.21224e-34 1.93059e-36)
(27.1003 -6.05053e-35 5.28022e-37)
(29.1542 3.28282e-152 2.86487e-154)
(26.7313 -9.17753e-35 8.00911e-37)
(26.495 -1.118e-34 9.75666e-37)
(28.6421 2.57636e-153 2.24835e-155)
(29.5858 2.92677e-151 2.55415e-153)
(24.9403 -2.43566e-34 2.12557e-36)
(27.6699 -1.22305e-35 1.06734e-37)
(28.8811 1.40696e-153 -1.22783e-155)
(25.7453 -1.7534e-34 1.53017e-36)
(26.5588 -1.06393e-34 9.28481e-37)
(28.2138 1.253e-151 -1.09348e-153)
(29.3309 1.79173e-153 1.56362e-155)
(25.5672 -1.9044e-34 1.66194e-36)
(28.1754 6.75445e-152 5.89452e-154)
(24.7862 -2.56629e-34 2.23957e-36)
(26.0064 -1.53212e-34 1.33706e-36)
(26.2554 -1.32113e-34 1.15293e-36)
(27.813 -9.80676e-38 8.55823e-40)
(28.3449 4.07948e-152 -3.56011e-154)
(25.9924 -1.54397e-34 1.3474e-36)
(26.7592 -8.941e-35 7.80269e-37)
(26.4406 -1.16411e-34 1.01591e-36)
(25.6144 -1.86439e-34 1.62703e-36)
(25.8837 -1.63611e-34 1.42781e-36)
(26.3579 -1.23426e-34 1.07712e-36)
(25.5833 -1.89074e-34 1.65002e-36)
(26.3039 -1.28e-34 1.11704e-36)
(29.5718 2.50345e-152 2.18473e-154)
(26.9779 -7.08753e-35 6.1852e-37)
(26.7178 -9.29229e-35 8.10926e-37)
(29.4763 3.72432e-153 -3.25017e-155)
(29.6997 9.03848e-152 -7.88776e-154)
(26.0972 -1.45514e-34 1.26988e-36)
(27.4266 -3.28509e-35 2.86685e-37)
(28.7409 1.13197e-152 9.87856e-155)
(29.0412 3.21646e-152 2.80696e-154)
(29.0308 5.96813e-152 5.2083e-154)
(27.789 -2.13506e-36 1.86324e-38)
(28.6134 5.88573e-152 5.1364e-154)
(25.2219 -2.19699e-34 1.91728e-36)
(28.248 8.8524e-153 -7.72537e-155)
(28.8501 4.95184e-154 -4.32141e-156)
(29.4556 2.93185e-151 -2.55859e-153)
(27.3815 -3.66744e-35 3.20053e-37)
(25.2541 -2.16971e-34 1.89348e-36)
(29.6973 5.37178e-153 -4.68788e-155)
(26.4771 -1.13323e-34 9.88958e-37)
(28.167 6.53117e-152 -5.69967e-154)
(24.9887 -2.39465e-34 2.08978e-36)
(25.2707 -2.15569e-34 1.88124e-36)
(27.0594 -6.39682e-35 5.58242e-37)
(24.6711 -2.66385e-34 2.3247e-36)
(27.3539 -3.90078e-35 3.40416e-37)
(25.4487 -2.00476e-34 1.74953e-36)
(24.7591 -2.58925e-34 2.25961e-36)
(26.8185 -8.43839e-35 7.36407e-37)
(27.494 -2.71331e-35 2.36787e-37)
(26.3248 -1.2623e-34 1.1016e-36)
(27.9536 3.33975e-154 -2.91456e-156)
(26.912 -7.64647e-35 6.67297e-37)
(28.8895 8.55075e-153 7.46212e-155)
(27.6529 -1.36666e-35 1.19267e-37)
(26.2384 -1.33553e-34 1.1655e-36)
(24.9196 -2.4532e-34 2.14087e-36)
(24.796 -2.55793e-34 2.23228e-36)
(27.9823 1.4431e-153 1.25938e-155)
(29.1475 4.0561e-137 3.53971e-139)
(28.8578 1.36039e-152 1.18719e-154)
(25.6354 -1.84656e-34 1.61147e-36)
(26.5631 -1.06029e-34 9.253e-37)
(24.8968 -2.47255e-34 2.15777e-36)
(29.2211 1.76634e-153 1.54147e-155)
(27.0806 -6.2175e-35 5.42593e-37)
(27.7161 -8.31061e-36 7.25256e-38)
(24.5397 -2.77522e-34 2.4219e-36)
(28.9875 2.26841e-153 1.97961e-155)
(26.3641 -1.22897e-34 1.0725e-36)
(27.8059 -6.97381e-37 6.08595e-39)
(26.6264 -1.0067e-34 8.78537e-37)
(24.7237 -2.61926e-34 2.2858e-36)
(29.7417 0.84489 6.41844e-07)
(29.3358 1.84072 -5.27919e-06)
(29.1302 1.22693 9.38407e-07)
(29.8308 0.668299 1.04118e-05)
(25.0646 -2.33031e-34 2.03363e-36)
(29.9334 0.785245 1.41486e-06)
(29.0591 1.53201 7.81892e-06)
(29.4496 0.851162 8.12564e-06)
(29.06 2.18999 1.41604e-06)
(28.9579 1.62353 -4.78003e-06)
(29.6058 0.738428 -3.32626e-06)
(28.8699 1.05385 -6.14854e-07)
(27.2191 -5.04357e-35 4.40145e-37)
(29.7887 0.0662924 -1.32538e-06)
(28.5901 4.39556e-31 -3.83595e-33)
(29.3708 0.224346 -7.49928e-06)
(29.6175 0.290265 1.5925e-06)
(29.2302 0.590612 1.23917e-05)
(29.7489 0.00137983 1.27659e-06)
(29.3934 0.133424 1.09791e-05)
(29.7196 0.105628 -2.14293e-06)
(28.8487 0.801879 3.95061e-06)
(28.5022 0.906988 4.62365e-06)
(29.5509 0.129619 -2.10023e-06)
(29.5705 0.0133706 -5.046e-07)
(28.8041 0.602317 -1.26453e-05)
(29.3191 0.782262 1.67978e-05)
(29.4742 0.0880797 -7.59823e-08)
(29.0097 0.187824 1.99698e-06)
(29.6665 0.0926856 5.06545e-06)
(28.914 0.34481 -1.41257e-06)
(28.6209 0.560416 3.56135e-08)
(28.8264 0.240065 -6.84117e-07)
(28.9725 0.252889 2.99091e-07)
(29.0129 0.214388 -2.05431e-06)
(28.7631 0.374129 -2.72546e-08)
(28.756 0.303336 1.50333e-05)
(28.7287 0.159084 -1.16504e-06)
(29.0088 0.0575767 7.73874e-07)
(28.9096 0.174153 1.67986e-07)
(28.6527 0.362542 -1.09061e-06)
(28.7774 0.074498 1.77302e-07)
(28.68 0.000767932 1.03253e-08)
(28.2719 0.0910099 -1.59224e-06)
(28.6815 0.0513194 2.45543e-07)
(28.0806 1.01478 1.35953e-05)
(28.4431 0.234761 2.24743e-06)
(28.3452 0.37776 -3.01045e-06)
(28.4402 0.176336 -3.29663e-07)
(28.2643 0.502239 -5.97942e-06)
(28.2426 0.18439 -4.72501e-07)
(27.8922 0.59271 -8.29285e-06)
(27.7269 0.6233 1.6715e-06)
(27.9417 0.637711 -7.66481e-06)
(28.1601 0.039037 2.62461e-07)
(27.8577 0.325367 5.26103e-06)
(27.748 0.528296 -9.0716e-06)
(27.8485 0.263868 -3.1501e-06)
(27.8711 0.000363143 1.03289e-09)
(27.2305 0.666016 3.61584e-06)
(27.6627 0.237597 -4.29678e-07)
(27.6718 0.287007 1.15051e-06)
(27.2869 0.545689 6.74634e-06)
(27.8008 0.218959 3.29166e-06)
(27.6012 0.00913991 4.78075e-06)
(27.7103 0.0765453 4.3372e-06)
(27.9383 0.0768334 5.42269e-06)
(27.58 0.0861599 2.36817e-09)
(27.2379 0.472548 -1.72672e-06)
(27.4138 0.00442263 7.47178e-07)
(27.3984 0.232135 1.6494e-06)
(26.8996 1.04644 1.29711e-06)
(27.4529 0.0522018 1.23629e-06)
(27.4199 0.241524 -3.43335e-06)
(27.1595 0.538555 1.97969e-06)
(27.2247 0.236398 -1.65449e-06)
(27.188 0.19448 -1.23957e-06)
(27.4358 0.00237536 5.53366e-07)
(27.1777 0.0731116 -9.31905e-07)
(27.1599 0.100539 -1.10653e-05)
(27.0946 0.17841 -2.16384e-06)
(27.0745 0.108056 1.03477e-05)
(27.0192 0.181466 8.91092e-07)
(26.7248 0.482173 6.4379e-07)
(26.7212 0.451102 -5.35177e-06)
(26.9833 0.198023 1.96235e-06)
(26.9242 0.0319739 6.54306e-07)
(26.8747 0.239167 -1.53637e-06)
(26.8884 0.161872 1.41387e-06)
(26.8731 0.129732 -1.37082e-06)
(26.7088 0.320093 -6.4188e-08)
(26.8116 0.12512 6.27372e-07)
(26.4604 1.71941 -7.46025e-07)
(26.7729 0.0338674 4.97686e-08)
(26.7147 0.130344 5.03893e-06)
(26.6412 0.0683017 -1.75749e-06)
(26.3553 0.935803 2.56663e-05)
(26.4531 0.121197 -6.22967e-06)
(26.1658 -1.0755e-34 1.49985e-36)
(26.2503 0.432187 7.2992e-07)
(26.2858 0.0630882 9.12328e-06)
(26.2182 0.258217 -2.97474e-06)
(26.1931 0.0467761 -2.02794e-07)
(26.0199 0.406094 -8.82948e-06)
(26.0257 0.23394 -6.10815e-06)
(26.0705 0.247042 -1.71824e-06)
(25.9589 -1.57238e-34 1.3722e-36)
(26.0346 0.0724044 -2.00155e-07)
(25.9423 0.284199 -2.77401e-07)
(25.89 0.136442 -3.4457e-06)
(25.4205 1.11026 -3.75417e-06)
(25.6861 0.463642 -1.1548e-05)
(25.8057 0.19116 2.4174e-07)
(25.7575 0.190708 -1.81612e-07)
(25.7586 0.0964853 -7.03694e-07)
(25.7762 0.00947882 4.69782e-07)
(25.7538 0.0537501 -3.45603e-06)
(25.4964 0.365266 -1.6385e-06)
(25.533 0.303859 1.27578e-06)
(25.5729 0.0425393 -1.17841e-05)
(25.5282 0.392071 -6.1063e-06)
(25.5287 0.0155847 5.28416e-06)
(25.4514 0.0153802 1.03405e-06)
(25.4172 0.016238 1.85939e-06)
(25.3445 0.0320154 -1.11738e-05)
(25.1461 0.110592 -1.3005e-06)
(25.1317 0.0580028 4.82628e-06)
(25.1166 0.0404501 -3.53339e-06)
(24.9431 0.499583 2.37782e-07)
(24.9792 1.36642 6.31583e-07)
(24.8395 0.180545 -4.80436e-06)
(24.8026 0.178206 -1.21717e-05)
(24.8084 0.0991157 4.51836e-08)
(24.7217 0.106895 8.90255e-06)
(24.6738 0.309889 -8.92607e-06)
(24.6696 0.0707963 2.35377e-07)
(24.564 0.0654604 2.83937e-06)
(24.5425 0.515481 1.12927e-06)
(24.5172 0.216347 -1.46701e-06)
(24.5156 0.212604 -3.01379e-07)
(29.9057 1.21165e-152 1.05739e-154)
(30.1711 5.23168e-153 -4.56562e-155)
(32.2171 8.77392e-152 7.65689e-154)
(29.8433 1.93236e-126 -1.68635e-128)
(33.9312 1.12356e-152 -9.80517e-155)
(35.1341 6.13218e-152 -5.35147e-154)
(33.7358 1.00526e-151 8.77281e-154)
(31.033 2.67994e-152 -2.33875e-154)
(32.7429 1.97569e-151 -1.72416e-153)
(30.4913 3.00506e-152 2.62247e-154)
(31.9698 1.27286e-152 1.11081e-154)
(31.5516 2.70776e-156 2.36303e-158)
(31.3764 1.22488e-152 -1.06894e-154)
(31.336 1.30419e-152 -1.13815e-154)
(33.9383 1.51753e-152 -1.32433e-154)
(31.7572 1.99345e-153 1.73965e-155)
(36.518 1.20048e-152 1.04764e-154)
(30.6461 3.1494e-152 2.74844e-154)
(36.4918 9.04132e-153 -7.89024e-155)
(31.3853 9.32269e-152 -8.13578e-154)
(34.8778 2.34612e-152 2.04743e-154)
(30.3609 1.23666e-152 -1.07922e-154)
(30.8764 2.87312e-152 2.50733e-154)
(35.8632 1.53359e-152 -1.33834e-154)
(34.145 7.5089e-152 6.55291e-154)
(31.1033 1.16602e-152 1.01757e-154)
(35.2089 5.54535e-152 4.83935e-154)
(30.7993 1.83064e-153 1.59757e-155)
(30.7287 2.64268e-152 -2.30623e-154)
(34.4257 1.19388e-154 -1.04189e-156)
(36.9042 5.44259e-154 -4.74968e-156)
(33.5151 1.37681e-152 1.20152e-154)
(34.1323 4.30732e-134 -3.75894e-136)
(31.527 8.95191e-152 -7.81221e-154)
(35.0493 2.69687e-153 -2.35352e-155)
(33.851 2.0228e-151 -1.76527e-153)
(34.4471 9.3866e-152 -8.19156e-154)
(32.6717 7.27241e-152 -6.34653e-154)
(35.602 8.94536e-153 -7.8065e-155)
(31.0968 1.82761e-151 -1.59493e-153)
(35.2068 1.1413e-152 -9.96001e-155)
(34.5187 1.07591e-154 -9.38932e-157)
(33.6414 4.77769e-153 4.16943e-155)
(31.4246 3.84562e-154 3.35602e-156)
(32.0365 1.31081e-152 1.14393e-154)
(33.5379 1.20716e-152 1.05348e-154)
(32.98 2.00113e-152 1.74636e-154)
(36.5075 2.5814e-151 2.25275e-153)
(30.0925 1.59699e-151 -1.39367e-153)
(34.9817 1.87587e-151 1.63705e-153)
(35.3045 1.4845e-152 1.2955e-154)
(32.4438 1.69993e-151 1.48351e-153)
(33.8178 6.90389e-153 -6.02493e-155)
(31.6643 2.09285e-153 -1.8264e-155)
(30.2067 8.87309e-152 -7.74343e-154)
(30.2455 7.08443e-152 6.18249e-154)
(32.8674 4.75102e-153 -4.14615e-155)
(30.1154 3.15122e-152 -2.75003e-154)
(31.2259 1.13321e-152 9.88935e-155)
(30.4749 1.82876e-151 -1.59594e-153)
(36.1606 1.13652e-152 -9.9183e-155)
(35.4492 3.52073e-152 3.0725e-154)
(32.4279 1.1444e-152 -9.98702e-155)
(35.7607 4.48817e-152 3.91677e-154)
(35.5604 5.33132e-155 -4.65257e-157)
(30.8335 1.18538e-153 -1.03446e-155)
(35.3643 1.24334e-152 1.08504e-154)
(36.3305 3.97306e-152 -3.46724e-154)
(34.8104 3.33393e-152 -2.90948e-154)
(30.7477 2.6953e-152 2.35215e-154)
(29.9034 1.85896e-152 -1.62229e-154)
(35.1894 1.18426e-151 -1.03348e-153)
(32.2287 8.49814e-152 7.41622e-154)
(35.2995 1.02291e-152 8.92676e-155)
(33.2071 1.63331e-152 1.42537e-154)
(34.0133 2.16761e-153 1.89165e-155)
(31.8852 6.09907e-152 -5.32258e-154)
(30.3941 2.6137e-128 -2.28095e-130)
(36.6053 1.57514e-151 1.3746e-153)
(35.9078 1.62568e-152 1.41871e-154)
(35.334 6.07183e-152 5.2988e-154)
(31.1185 6.00761e-152 -5.24277e-154)
(31.0141 6.2587e-152 -5.46189e-154)
(32.7934 2.53463e-152 2.21194e-154)
(34.7478 2.48464e-152 2.16831e-154)
(32.1876 3.92214e-153 3.4228e-155)
(36.2621 6.53941e-152 5.70686e-154)
(30.0432 2.64645e-152 2.30952e-154)
(36.7038 1.70666e-153 -1.48938e-155)
(33.9669 5.82173e-152 5.08055e-154)
(35.015 6.13769e-153 -5.35628e-155)
(32.8615 1.12681e-151 -9.83352e-154)
(34.3968 1.01509e-151 -8.85857e-154)
(32.5392 3.34415e-126 -2.91839e-128)
(35.8483 2.19699e-152 1.91728e-154)
(32.2001 8.97314e-152 7.83074e-154)
(31.4681 1.82409e-152 1.59186e-154)
(32.3659 2.25693e-152 -1.96959e-154)
(31.7114 3.22519e-155 -2.81458e-157)
(34.9251 9.89279e-152 -8.63331e-154)
(29.8932 3.73226e-152 -3.2571e-154)
(33.341 1.31373e-151 -1.14647e-153)
(32.4649 2.02444e-154 1.7667e-156)
(31.2809 6.92272e-152 -6.04136e-154)
(30.1254 1.14308e-152 -9.97548e-155)
(36.3467 1.32885e-152 1.15967e-154)
(32.8115 3.53769e-152 3.0873e-154)
(35.1958 5.27999e-152 4.60778e-154)
(31.8498 7.16846e-152 -6.25582e-154)
(30.0781 5.00589e-49 -4.36857e-51)
(32.9884 1.13545e-151 -9.90894e-154)
(34.5797 7.14977e-154 -6.23951e-156)
(32.4669 4.40354e-152 -3.84291e-154)
(35.5238 8.84352e-152 -7.71762e-154)
(31.4325 6.82007e-152 -5.95178e-154)
(31.0854 2.45595e-152 2.14327e-154)
(31.0367 8.94862e-153 7.80934e-155)
(30.9395 3.0377e-152 2.65096e-154)
(34.0028 2.38245e-152 2.07914e-154)
(32.6921 1.50292e-65 1.31158e-67)
(32.5871 1.31993e-152 1.15189e-154)
(34.9902 6.39422e-153 5.58015e-155)
(31.1618 3.52944e-152 3.0801e-154)
(32.3394 7.166e-153 6.25367e-155)
(34.7015 7.23772e-19 6.31627e-21)
(32.8126 3.14492e-152 -2.74453e-154)
(35.6946 2.03295e-152 1.77413e-154)
(32.7066 6.74835e-153 -5.88919e-155)
(33.3475 6.01075e-153 5.2455e-155)
(30.9737 1.00085e-152 8.73427e-155)
(34.1877 1.24102e-152 1.08302e-154)
(35.0408 1.48208e-152 -1.29339e-154)
(36.5088 2.06763e-152 1.80439e-154)
(31.2885 1.65804e-127 -1.44695e-129)
(31.1207 6.06497e-152 -5.29281e-154)
(36.2089 0.014868 -3.8897e-06)
(29.8218 3.74253e-153 -3.26606e-155)
(36.9788 2.6951e-77 -2.35198e-79)
(36.9594 2.55776 6.18563e-06)
(33.14 1.23948e-93 -1.08168e-95)
(30.3828 5.70653e-152 4.98001e-154)
(36.6866 0.86349 -1.31165e-06)
(37.1835 0.569491 -3.97368e-06)
(36.8103 0.0474123 -2.30575e-06)
(36.3347 0.871234 -1.17145e-06)
(37.2481 0.490733 5.61934e-06)
(36.7048 0.696003 2.81098e-06)
(36.419 0.658563 -6.3732e-06)
(36.3961 0.818281 -1.36733e-06)
(34.6661 2.45195e-152 2.13979e-154)
(36.3821 0.54779 8.45497e-06)
(36.6186 1.1046 6.43581e-07)
(36.9077 0.29607 -1.18421e-06)
(36.5941 0.599733 -1.89606e-06)
(36.3087 0.578054 -5.90648e-07)
(36.6263 0.471352 -4.32508e-06)
(36.3071 0.651944 9.60666e-07)
(35.7974 0.871276 -6.7626e-07)
(36.8228 0.370122 -9.08956e-06)
(36.5261 0.250324 -1.69558e-05)
(34.5934 1.76141 -4.613e-06)
(36.6077 0.185064 -1.0016e-05)
(36.0234 0.505262 5.70301e-06)
(35.8763 0.491352 -4.86594e-06)
(35.6538 0.471153 -1.81606e-05)
(36.4558 0.249485 -6.08088e-06)
(36.1467 0.17902 -7.3319e-06)
(35.9353 0.0134599 -2.68606e-07)
(35.0882 1.03077 -1.03421e-06)
(35.9984 0.141823 -4.40107e-06)
(32.4937 4.42289e-33 -3.8598e-35)
(33.3726 2.57328e-145 2.24567e-147)
(35.4682 0.32241 1.99058e-06)
(34.7842 1.19889 -3.45936e-06)
(36.1055 0.198414 5.66349e-07)
(34.4197 2.01568 1.26027e-05)
(35.8832 0.230476 6.06561e-06)
(34.9878 0.666036 3.15854e-07)
(35.4215 0.0849453 5.08454e-06)
(35.5556 0.0636578 3.21833e-06)
(35.6019 0.0802838 -4.81938e-07)
(34.1847 2.20784 -4.17692e-06)
(35.4774 0.213864 1.75002e-06)
(35.3726 0.0215416 -1.43545e-06)
(30.4818 1.6189e-134 1.41279e-136)
(34.4108 0.933122 -8.03524e-06)
(35.0024 1.27906 -4.06029e-07)
(35.1734 0.651198 9.46846e-06)
(34.8466 0.518023 5.24924e-06)
(35.1734 0.117065 6.4255e-07)
(34.9242 0.527246 1.19284e-05)
(35.3861 0.043269 -2.56221e-06)
(35.1608 0.0467824 1.1479e-06)
(34.8271 0.3901 1.961e-06)
(35.4436 0.0295407 -2.21714e-05)
(35.2797 0.330271 -1.03635e-06)
(34.8283 0.38984 1.09399e-06)
(34.9731 0.203851 1.2632e-06)
(34.3525 0.937166 -2.39341e-06)
(34.2278 2.17271 8.9103e-06)
(34.8917 0.066189 5.97947e-07)
(34.9423 0.126997 1.18049e-05)
(34.6212 0.412019 -4.60874e-06)
(34.6842 0.158446 -3.98023e-06)
(34.0355 0.890922 6.99197e-08)
(30.9099 1.07174e-23 9.35291e-26)
(30.3245 1.02074e-117 8.90788e-120)
(34.517 0.358506 3.66761e-06)
(34.021 1.04384 -9.50904e-07)
(34.3368 0.445767 -8.39583e-07)
(34.3462 0.418656 8.93695e-07)
(34.3634 0.211157 -7.18322e-07)
(33.8443 0.839986 -1.46896e-06)
(33.9131 0.821139 -2.10289e-06)
(34.5413 0.48927 -9.49048e-06)
(33.8195 0.948356 -1.52825e-07)
(34.2306 0.150669 -1.1429e-07)
(33.9653 0.774449 -1.42155e-06)
(33.6964 3.57749e-42 -3.12203e-44)
(34.2555 0.341527 -7.11398e-07)
(33.5423 0.945163 -7.65957e-07)
(34.5699 0.17131 6.19203e-07)
(33.8782 0.110602 5.47243e-06)
(31.9585 8.23784e-153 7.18905e-155)
(30.183 7.09378e-113 -6.19065e-115)
(34.0679 0.223356 3.29355e-06)
(33.5441 0.648547 -3.31237e-06)
(33.7027 0.534662 -3.87006e-07)
(33.6958 0.253734 4.84978e-06)
(33.8317 0.0694009 -9.78918e-06)
(33.7751 0.299504 -8.75693e-06)
(33.6681 0.0478141 -1.9838e-06)
(33.9864 0.0321249 5.51256e-06)
(33.651 0.3865 -2.4942e-07)
(33.2106 1.13687 -1.21451e-05)
(32.9579 2.27799 -8.85374e-06)
(33.9291 0.0084753 5.38701e-06)
(33.1282 0.764685 -4.46421e-06)
(33.2502 0.549579 -4.99679e-07)
(32.8589 1.5435 2.36709e-06)
(33.2763 0.338468 -5.26417e-07)
(33.3041 0.0747269 -2.97674e-06)
(32.2092 3.60657e-116 3.14741e-118)
(33.1409 0.484989 5.49494e-06)
(30.8952 2.62316e-153 -2.2892e-155)
(33.2046 0.0316271 6.88509e-07)
(33.0656 0.354918 -6.68193e-07)
(33.1738 0.155535 1.35402e-06)
(33.0479 0.259123 1.71197e-07)
(32.56 1.82158 -2.36184e-06)
(32.8671 0.590083 1.58864e-06)
(33.0077 0.148294 -5.0437e-07)
(32.9037 0.60162 8.08004e-06)
(33.0161 0.156541 1.54079e-07)
(32.2038 1.89773 -7.79928e-06)
(32.9554 0.269534 -5.87229e-06)
(33.039 0.245891 -5.33739e-06)
(32.9607 0.129245 -7.79877e-07)
(32.4872 0.509398 1.52938e-07)
(32.9539 0.167019 1.53787e-07)
(33.1947 0.0211399 7.48654e-06)
(32.7927 0.138461 4.61262e-06)
(32.7559 0.0657894 -1.3734e-06)
(33.0222 0.206582 -2.62501e-08)
(32.6932 0.0686057 -4.00069e-06)
(32.377 0.553573 -6.53475e-07)
(32.3886 0.246941 4.41649e-06)
(32.2065 0.817233 -4.80219e-07)
(32.4076 0.0502273 -3.25261e-06)
(31.8602 3.15048 5.13375e-06)
(32.0778 0.600876 1.08062e-05)
(32.5043 0.0658489 -8.8382e-06)
(32.1714 0.129496 -2.05402e-06)
(32.1395 0.100794 -2.82636e-07)
(31.4407 1.95365 4.90224e-06)
(31.8307 0.770108 -1.56635e-05)
(31.9453 0.0424551 2.94471e-06)
(31.5644 1.96162 -6.752e-07)
(31.8851 0.111162 -2.2793e-07)
(31.6768 0.504338 -1.47381e-06)
(31.7743 0.321588 -5.0021e-07)
(31.7822 0.230672 9.03397e-06)
(31.6935 0.140774 2.03499e-06)
(31.6593 0.351924 6.76971e-06)
(31.6938 0.208641 -6.18208e-07)
(31.5639 0.786962 -1.43391e-06)
(31.4105 0.77162 3.62707e-06)
(31.4222 0.452922 2.74942e-06)
(31.4574 0.283514 9.77301e-07)
(31.3668 0.735467 -5.27097e-08)
(31.4718 0.0105594 -4.38838e-06)
(31.4319 0.0413111 -6.39309e-06)
(31.1952 0.510041 -1.95858e-06)
(31.199 0.790746 4.54129e-06)
(31.2145 0.0389641 -2.90202e-06)
(31.0075 0.262324 -5.71947e-06)
(30.9279 0.108129 -1.60543e-05)
(30.9539 0.13605 -5.0428e-07)
(30.8415 0.492129 -2.66788e-07)
(30.8354 0.25966 6.29335e-06)
(30.9285 0.0277116 2.72501e-06)
(30.7807 0.0340566 2.78177e-06)
(30.5896 0.368457 5.98605e-06)
(30.6558 0.210095 -4.31951e-07)
(29.9728 8.30848e-140 -7.2507e-142)
(30.5164 0.189989 -1.96814e-08)
(30.2994 0.582349 -4.48175e-06)
(30.3477 0.0190818 4.76141e-08)
(30.3319 0.324945 -9.9418e-06)
(30.3019 0.142397 3.06424e-07)
(30.2639 0.278887 1.75592e-05)
(30.3217 0.940008 1.60219e-06)
(30.2039 0.500764 -3.46912e-06)
(30.1136 0.45194 -1.04385e-05)
(30.0955 0.369616 -8.93267e-07)
(30.0882 0.248528 1.90185e-06)
(30.1386 2.12276 -9.27872e-06)
(30.0346 0.231653 -2.50584e-06)
(30.0188 0.13598 -4.81377e-06)
(29.9326 0.100073 2.57799e-07)
(29.8402 0.138931 1.0372e-05)
(29.8346 0.014126 -3.06471e-06)
(29.8235 0.479432 1.45077e-06)
(29.8204 0.0285952 3.23529e-06)
(39.5249 3.77153e-153 3.29137e-155)
(41.4123 1.12817e-151 9.8454e-154)
(46.3882 8.54426e-153 -7.45647e-155)
(40.9159 6.64554e-154 -5.79948e-156)
(51.8069 1.04431e-152 -9.11353e-155)
(42.7215 4.09518e-152 -3.57381e-154)
(42.1452 1.50888e-151 -1.31678e-153)
(38.119 9.65132e-152 -8.42258e-154)
(41.6358 7.72415e-152 6.74077e-154)
(48.4313 8.09782e-152 -7.06686e-154)
(44.6416 8.40309e-152 -7.33326e-154)
(37.0475 3.852e-152 -3.36159e-154)
(38.5804 5.03393e-153 4.39304e-155)
(49.3451 1.59265e-152 -1.38988e-154)
(46.2184 8.95935e-153 7.81871e-155)
(41.9834 5.11645e-154 -4.46506e-156)
(37.9081 1.05016e-151 9.16463e-154)
(43.3416 7.24996e-154 6.32695e-156)
(38.0975 1.03557e-151 9.03727e-154)
(41.1275 3.25421e-153 2.83991e-155)
(48.4303 2.28759e-152 -1.99635e-154)
(41.6028 1.05797e-152 -9.23279e-155)
(47.6678 1.93887e-152 1.69202e-154)
(44.4967 1.68299e-151 -1.46872e-153)
(49.9098 1.15502e-154 -1.00797e-156)
(40.8839 1.01794e-152 -8.88345e-155)
(49.8709 3.63704e-153 3.174e-155)
(48.6187 1.01315e-152 8.84161e-155)
(41.3045 3.31181e-152 -2.89017e-154)
(52.9874 2.9186e-153 2.54702e-155)
(42.5557 5.10301e-23 -4.45333e-25)
(48.1357 8.42803e-152 7.35503e-154)
(42.4338 4.44289e-152 -3.87725e-154)
(41.0458 3.75253e-152 3.27478e-154)
(43.455 7.35172e-152 -6.41575e-154)
(44.018 9.42022e-152 -8.22091e-154)
(40.2571 4.31282e-152 -3.76374e-154)
(48.7221 1.68504e-152 1.47051e-154)
(49.965 1.51183e-152 -1.31935e-154)
(45.1628 2.94144e-154 -2.56696e-156)
(42.2938 8.48763e-152 7.40704e-154)
(52.883 1.83717e-152 1.60327e-154)
(46.2472 1.33828e-152 -1.1679e-154)
(46.6193 5.09498e-153 4.44632e-155)
(48.1652 7.39677e-154 -6.45506e-156)
(46.2088 2.5748e-153 2.24699e-155)
(50.3348 1.57173e-152 1.37163e-154)
(50.3789 3.77487e-152 3.29428e-154)
(52.9679 3.03738e-152 2.65068e-154)
(46.8172 1.95592e-151 -1.70691e-153)
(43.5896 1.03503e-152 9.0326e-155)
(37.0788 1.30233e-152 -1.13652e-154)
(44.2954 1.36701e-151 1.19297e-153)
(50.1159 3.05165e-153 2.66314e-155)
(52.5145 2.5505e-152 2.22579e-154)
(42.8186 3.6629e-153 -3.19657e-155)
(39.9336 8.33061e-154 -7.27002e-156)
(46.1524 2.99275e-152 2.61173e-154)
(51.6482 1.27686e-151 -1.1143e-153)
(50.3677 1.26281e-153 1.10204e-155)
(50.3388 1.00977e-151 -8.81216e-154)
(44.0281 7.18052e-153 -6.26634e-155)
(50.5155 5.39684e-153 4.70975e-155)
(38.9381 1.0039e-153 8.76087e-156)
(41.2168 1.96242e-152 1.71258e-154)
(39.5989 1.50423e-153 -1.31273e-155)
(52.0981 3.33357e-153 2.90916e-155)
(49.3068 9.33254e-153 -8.14438e-155)
(52.7777 8.40493e-153 7.33487e-155)
(47.152 3.11558e-154 -2.71892e-156)
(41.4633 1.95598e-154 -1.70696e-156)
(52.2562 1.93875e-152 1.69192e-154)
(50.4991 4.34239e-153 -3.78954e-155)
(39.9181 1.58696e-154 -1.38491e-156)
(39.8599 7.36271e-152 6.42534e-154)
(49.1547 2.17374e-72 -1.89699e-74)
(38.2888 1.38872e-151 -1.21192e-153)
(44.2342 2.6797e-152 2.33854e-154)
(39.3348 3.2384e-154 -2.82611e-156)
(39.5482 6.33999e-152 5.53282e-154)
(41.1211 3.98969e-152 -3.48175e-154)
(48.8696 3.99331e-154 3.48491e-156)
(50.167 2.96019e-152 -2.58332e-154)
(46.6257 8.15566e-152 -7.11734e-154)
(45.598 1.46101e-151 1.275e-153)
(42.9229 2.82624e-151 -2.46642e-153)
(39.6408 5.99574e-152 -5.2324e-154)
(47.3639 8.06879e-152 -7.04153e-154)
(43.1602 1.89648e-152 -1.65503e-154)
(42.8776 5.58968e-153 -4.87804e-155)
(45.7746 3.07228e-153 -2.68114e-155)
(45.1205 1.93979e-153 1.69283e-155)
(49.4228 1.2212e-151 1.06572e-153)
(51.2461 3.65431e-152 3.18907e-154)
(47.0613 4.33159e-154 3.78013e-156)
(50.9938 1.95445e-152 1.70562e-154)
(39.3598 4.83817e-152 -4.22221e-154)
(44.1497 1.10099e-152 9.60822e-155)
(44.7878 4.82645e-152 -4.21198e-154)
(37.6947 1.23228e-152 -1.07539e-154)
(41.8468 2.38586e-152 2.0821e-154)
(48.9618 2.44759e-54 2.13598e-56)
(44.0992 3.03188e-152 -2.64589e-154)
(37.887 1.23532e-152 -1.07805e-154)
(50.5154 4.10355e-152 3.58111e-154)
(40.5424 2.82503e-155 -2.46537e-157)
(38.7483 1.2705e-152 -1.10875e-154)
(47.88 1.43422e-151 -1.25162e-153)
(37.9402 2.49257e-151 -2.17524e-153)
(50.173 6.8812e-152 6.00514e-154)
(42.4319 3.94864e-152 -3.44593e-154)
(43.2526 1.00819e-152 8.79833e-155)
(44.7081 1.58023e-152 1.37905e-154)
(45.6482 3.32956e-70 2.90567e-72)
(44.856 1.71868e-154 -1.49987e-156)
(46.4896 4.05238e-152 -3.53646e-154)
(52.6213 1.05541e-103 -9.21045e-106)
(48.8194 4.37209e-153 3.81547e-155)
(39.1372 7.58405e-152 -6.6185e-154)
(39.241 1.68567e-132 -1.47107e-134)
(38.6662 2.95228e-152 -2.57641e-154)
(42.2958 8.07463e-30 -7.04662e-32)
(46.6241 2.62107e-87 2.28737e-89)
(47.9064 8.07062e-117 -7.04313e-119)
(45.6218 6.21916e-152 -5.42738e-154)
(52.8187 1.21626e-153 -1.06141e-155)
(41.9028 3.56169e-153 -3.10824e-155)
(42.5687 2.81218e-153 2.45415e-155)
(46.9906 2.3943e-152 -2.08948e-154)
(45.249 1.39882e-75 1.22073e-77)
(51.8556 1.97327 6.24192e-06)
(52.3745 2.79216 7.89472e-06)
(51.9561 1.34497 -2.07609e-06)
(52.3522 1.83215 -3.39238e-06)
(50.5831 0.292052 2.09304e-06)
(39.3114 2.11386e-152 -1.84474e-154)
(52.7901 0.802805 2.9032e-06)
(52.9929 0.817286 2.06653e-06)
(52.5779 0.956099 -6.45987e-07)
(51.8975 0.034254 -7.89252e-07)
(50.8125 1.77555 1.56118e-06)
(52.171 2.04697 1.77685e-05)
(50.7432 2.86478 3.96376e-07)
(37.8004 5.91074e-152 5.15822e-154)
(52.9234 0.752287 4.61641e-06)
(37.4361 4.09971e-152 -3.57776e-154)
(52.8544 0.129735 2.00592e-06)
(50.107 3.62603 -5.37736e-06)
(52.9424 0.36428 -8.86189e-07)
(52.7548 0.33285 -1.39099e-06)
(52.6061 0.179461 -1.98675e-06)
(52.6557 0.29988 -6.63871e-07)
(52.8052 0.321282 -2.48733e-06)
(51.5955 1.3179 1.39143e-06)
(52.6142 0.398364 -5.74777e-07)
(51.4915 0.851008 -6.26141e-08)
(50.0272 3.822 1.27909e-06)
(49.9415 3.88175 -4.4632e-06)
(52.1834 0.692087 -3.11272e-06)
(50.8607 0.747495 -5.11886e-06)
(52.9264 0.0619945 -1.05828e-06)
(50.0626 2.30414 2.54704e-06)
(47.9177 2.87799 1.21275e-06)
(50.5352 1.24294 2.32682e-06)
(51.7675 0.617439 -4.96819e-07)
(45.7178 3.76104e-141 3.28221e-143)
(51.5906 0.22993 -4.02605e-06)
(51.1827 0.717777 -1.1447e-06)
(51.7062 0.0965783 -2.31646e-06)
(51.5356 0.143512 2.48928e-06)
(51.4047 0.554899 2.3026e-06)
(50.7994 0.2565 -2.98292e-06)
(50.6088 1.01404 1.31101e-06)
(51.5435 0.651021 1.69537e-06)
(51.5325 0.281335 -1.1101e-07)
(47.0944 8.51309e-152 7.42926e-154)
(50.1841 1.72622 1.10862e-06)
(50.8963 0.0672399 5.55966e-06)
(51.5972 0.0804026 6.52949e-07)
(50.59 1.53088 -1.62747e-06)
(51.1598 0.883323 4.20902e-06)
(48.9779 7.25e-153 6.32698e-155)
(50.72 1.53255 4.66098e-06)
(51.0973 0.520671 2.18829e-06)
(51.2253 0.0151362 -8.29009e-07)
(43.2454 2.90294e-152 -2.53336e-154)
(48.7532 2.88147 -6.23933e-06)
(51.4883 0.6039 -2.279e-06)
(50.5872 1.41218 -1.4171e-06)
(50.3481 0.872399 2.92944e-06)
(50.8417 0.319385 -1.85183e-05)
(49.6646 1.32227 4.34735e-06)
(51.0399 0.883304 -4.58118e-06)
(50.5224 0.754737 -1.18194e-06)
(50.8685 0.227783 -2.98946e-07)
(50.595 5.11757e-16 4.46603e-18)
(50.7682 0.570273 -7.40192e-07)
(50.1654 0.415292 3.95013e-06)
(50.5939 0.317341 -2.25806e-06)
(50.6075 0.243308 6.64226e-07)
(50.1235 0.481109 1.28911e-06)
(50.0871 0.661625 -2.61523e-06)
(43.9436 7.56155e-153 6.59886e-155)
(49.8306 0.892238 -3.14114e-06)
(38.2778 1.95686e-152 1.70773e-154)
(50.2043 0.120832 9.01083e-06)
(50.4376 0.246337 5.6769e-07)
(50.3128 0.249424 -5.32803e-07)
(43.2117 2.15384e-152 1.87963e-154)
(50.2148 0.501788 -1.73113e-05)
(49.5419 0.351749 -1.12719e-06)
(48.7022 1.33558 5.31685e-06)
(50.2312 0.420872 9.84109e-07)
(50.825 0.101927 5.23183e-06)
(49.3088 1.58124 -1.01586e-05)
(49.3153 0.305417 4.07343e-06)
(48.0467 2.10747 6.29431e-06)
(49.6503 0.939867 3.18414e-06)
(49.4652 0.827507 3.09311e-08)
(49.9986 0.0823395 1.2967e-05)
(49.8729 0.0481078 -4.16436e-07)
(49.1737 0.216107 5.40057e-06)
(50.0198 0.48361 -8.01785e-06)
(49.2907 0.0896618 5.68311e-07)
(49.6232 0.220772 4.55136e-06)
(48.309 1.12711 -3.91868e-06)
(49.4761 0.0726692 3.28243e-06)
(48.6699 1.2154 6.76784e-06)
(38.7759 8.24412e-153 7.19454e-155)
(48.0348 1.19827 -9.3105e-07)
(49.2412 0.193495 1.70222e-06)
(49.2687 0.000695107 -6.66291e-07)
(49.1077 0.3448 -1.19139e-06)
(48.9118 0.17585 7.40368e-07)
(48.8232 0.772052 7.70317e-07)
(48.511 0.675978 -1.49375e-06)
(48.974 0.1031 -8.30845e-08)
(48.6866 0.575895 4.18581e-06)
(47.9032 1.58988e-47 1.38747e-49)
(48.4962 0.670639 1.16039e-06)
(49.1867 0.00288483 2.33349e-07)
(47.69 0.63578 5.34516e-06)
(48.0406 0.350816 -2.91013e-06)
(48.7142 0.0393641 -1.5084e-06)
(47.545 7.93596e-114 -6.92561e-116)
(48.7355 0.557287 5.02188e-06)
(48.5675 0.0367622 -2.98616e-07)
(49.4614 0.0978389 6.9839e-06)
(48.2467 0.8748 -9.90415e-06)
(48.3684 0.709553 3.971e-06)
(47.8454 0.638645 3.17208e-06)
(47.3623 1.14018 -1.16947e-06)
(48.456 0.00863142 -9.28676e-07)
(48.2118 0.0604765 5.92096e-07)
(47.3115 2.33045 -9.45769e-06)
(48.3077 0.0733228 -8.06833e-07)
(47.9918 0.394145 2.62209e-06)
(47.603 0.965335 -5.11105e-06)
(47.2905 1.25197 7.2752e-06)
(46.4425 1.32465 1.09608e-06)
(47.6711 0.496029 -4.10601e-07)
(47.1755 3.38673 -4.90528e-07)
(47.8494 0.870532 -1.4676e-05)
(47.302 0.780582 2.44834e-07)
(46.1079 1.36998 -1.67876e-05)
(47.7887 0.00457557 3.04203e-07)
(47.2228 0.657395 -3.04789e-06)
(45.9416 3.4634 -6.08491e-07)
(47.7681 0.329583 -2.00034e-05)
(47.5277 0.144826 1.83986e-07)
(47.422 0.709622 -5.74206e-06)
(47.6471 0.412034 4.28257e-06)
(47.5 0.488962 -8.25084e-08)
(47.5279 0.170653 -4.85978e-07)
(46.5921 0.0461844 -1.14285e-05)
(47.2409 0.499762 3.10122e-07)
(47.0542 0.319612 5.27914e-07)
(46.9028 0.749422 2.23381e-07)
(46.3023 0.370943 5.394e-06)
(47.2608 0.267604 -1.66586e-06)
(45.4153 1.84283 -8.58908e-06)
(46.6567 0.558488 -1.99124e-06)
(46.9085 0.595647 -7.01212e-07)
(45.0274 4.52306 7.30536e-06)
(47.327 0.880067 6.5375e-06)
(46.915 0.674762 3.24193e-06)
(46.3162 0.786124 -8.16696e-08)
(46.7232 0.0108288 -1.51645e-06)
(46.9137 0.58535 7.06623e-06)
(46.3679 0.492614 1.54678e-06)
(46.426 0.0839149 7.54627e-08)
(46.4253 0.474028 -1.34774e-06)
(46.5549 0.502198 -8.84558e-06)
(46.7371 0.362222 -4.30076e-07)
(46.6866 0.104892 -6.99413e-06)
(46.299 0.201479 1.83205e-08)
(45.8662 0.446326 1.04698e-05)
(46.3772 0.477803 -2.83113e-06)
(46.3355 0.524009 -7.8463e-06)
(44.3481 4.1092 7.86225e-06)
(45.974 0.563899 -8.5652e-06)
(46.0885 0.0477412 -3.63748e-06)
(45.1268 0.659974 9.31827e-06)
(45.578 0.407751 -1.37605e-05)
(46.196 0.534166 -2.68916e-06)
(45.8905 0.0849963 -5.77331e-08)
(45.3749 0.961463 4.43389e-06)
(44.5699 3.06273 -6.04864e-06)
(44.1414 2.32653 -6.26632e-07)
(45.7631 0.970961 -4.31657e-07)
(45.5856 0.198904 2.12713e-06)
(45.4713 0.029218 2.58872e-06)
(45.5146 0.0636233 -1.79228e-06)
(45.5324 0.375614 -8.39383e-06)
(45.3443 0.524416 4.36983e-06)
(45.2265 0.602974 1.77222e-06)
(45.2493 0.147844 -1.67753e-06)
(43.5177 1.42814 9.53115e-07)
(44.968 0.322143 2.23398e-06)
(45.0056 0.399977 4.85988e-06)
(45.2175 0.00949408 1.18628e-05)
(43.9224 1.77964 -2.84958e-06)
(45.3891 0.372836 6.16878e-06)
(44.9847 0.0140656 -1.68927e-06)
(44.3051 2.31828 8.24341e-06)
(43.8674 1.97215 -2.24084e-06)
(41.9062 3.06771e-152 -2.67715e-154)
(44.8162 0.239654 -1.07227e-05)
(43.9092 3.23061 -1.29237e-06)
(45.1131 0.0773005 1.00697e-05)
(43.5984 1.85115 8.98893e-07)
(45.1349 0.381537 1.33303e-06)
(43.6449 1.82693 -1.10647e-05)
(43.8921 1.71289 9.52358e-06)
(44.8028 0.0112385 5.2616e-06)
(44.647 0.401467 -8.99948e-07)
(44.5798 0.0768809 2.45285e-08)
(44.5105 0.487521 2.90422e-07)
(43.956 1.07761 -2.88959e-06)
(44.2632 0.0840343 2.4096e-06)
(44.3605 0.475736 5.62842e-06)
(44.2591 0.178312 3.40737e-06)
(44.7057 0.75114 -1.64414e-06)
(44.0142 0.204924 -3.51333e-06)
(44.0723 0.0101137 3.82867e-06)
(42.95 1.59524 6.0236e-06)
(44.138 0.509799 -1.65455e-06)
(43.5661 0.921621 3.16846e-07)
(44.0178 0.609717 -1.20904e-06)
(44.1256 0.642165 -6.18512e-06)
(43.8714 0.192263 -5.83555e-06)
(43.0615 1.54062 8.34173e-07)
(42.9181 1.50612 4.64546e-06)
(43.7921 0.237835 3.15723e-06)
(43.5768 0.0501972 -2.21227e-06)
(43.6513 0.213525 -1.72695e-06)
(43.946 0.566595 1.298e-06)
(43.8276 0.143385 -7.81276e-08)
(43.7375 0.102442 5.4936e-06)
(42.0131 3.67276 3.54121e-08)
(42.4538 1.31673 -8.3672e-06)
(43.3839 0.42382 -2.70548e-06)
(43.1319 0.831338 -4.69863e-07)
(43.1328 1.64015 -2.46805e-06)
(42.7481 2.28599 -4.8662e-06)
(43.3527 0.192251 5.87926e-06)
(43.1623 0.338938 -2.13867e-06)
(43.1131 0.108729 1.01934e-06)
(42.5632 2.05993 -2.35838e-06)
(42.3487 1.63105 -8.57591e-07)
(42.1201 2.1148 -3.84363e-06)
(42.1409 2.33084 -9.18665e-07)
(41.7421 3.61546 1.16418e-05)
(42.9638 0.0550746 6.90032e-07)
(42.7529 1.58089 5.70798e-06)
(42.7865 0.0124881 3.63652e-06)
(42.9956 0.0641178 -1.26805e-06)
(42.7194 1.14438 7.26303e-06)
(42.6509 0.666317 -3.1244e-06)
(42.1727 1.49826 3.66565e-06)
(42.7479 0.00584534 -1.09945e-07)
(37.8117 6.80907e-154 5.94218e-156)
(42.8881 0.140754 -8.86608e-06)
(42.715 0.222387 -1.40055e-06)
(42.5788 0.121081 1.20343e-08)
(41.9049 2.04561 -1.08894e-05)
(42.1923 0.432867 1.14505e-06)
(42.1935 0.375153 -9.04468e-06)
(42.9225 0.0744889 2.44197e-06)
(42.6941 0.327928 -8.05529e-06)
(42.2597 0.00271332 -2.36363e-07)
(42.047 0.332274 -1.37033e-06)
(41.7106 1.06961 -4.27636e-07)
(41.874 2.31613 1.77061e-06)
(41.8364 2.4257 1.31735e-05)
(42.0131 0.0144854 -1.27746e-08)
(41.9402 0.16616 -1.65406e-08)
(41.5705 1.72219 -5.0775e-08)
(41.6261 1.04494 -1.25985e-06)
(41.6092 0.502037 -1.48658e-06)
(41.2841 1.38901 -2.4033e-06)
(41.799 0.222943 1.88762e-06)
(41.795 0.092649 -1.29547e-06)
(41.8532 0.127276 2.02633e-07)
(41.8802 0.564707 4.50357e-06)
(41.7676 0.0075995 2.40447e-06)
(41.2283 0.354785 -3.24594e-06)
(42.0977 0.567742 2.7305e-06)
(41.6944 0.0789367 -7.90511e-07)
(41.676 0.706609 -6.8021e-06)
(41.6433 0.246778 9.35989e-07)
(41.6167 0.00133393 -7.2788e-09)
(41.501 0.697916 3.62053e-06)
(41.3839 0.305233 -2.40613e-06)
(41.2408 0.388067 -7.25014e-07)
(41.3664 3.83231e-28 -3.34441e-30)
(41.1994 0.325919 8.64398e-07)
(41.2994 0.139948 -1.78235e-06)
(41.5221 0.574585 -1.23759e-06)
(41.1165 0.494444 6.85028e-06)
(41.3376 0.795119 4.83086e-06)
(40.5559 2.44363 -8.10998e-07)
(41.0062 0.0546793 2.75832e-06)
(41.1835 0.0363603 8.45419e-06)
(41.1925 0.849747 9.18598e-07)
(40.9569 0.156219 -3.64695e-06)
(41.2068 0.0521154 3.46556e-06)
(40.8731 0.140505 9.48804e-07)
(40.8097 0.9035 1.72371e-06)
(40.7667 0.216867 1.47746e-06)
(40.7467 0.0922118 1.81233e-07)
(40.833 0.307403 1.60063e-05)
(40.92 0.58045 -2.77633e-06)
(40.6943 0.638531 -2.73952e-06)
(38.0091 1.91062e-98 -1.66737e-100)
(40.5852 0.664802 -4.84046e-06)
(40.5621 0.591002 -9.07677e-07)
(40.1822 2.6916 3.38288e-06)
(40.2156 0.206545 -1.28368e-06)
(40.3066 0.122661 6.28988e-06)
(40.086 1.18841 5.431e-06)
(40.0922 0.679486 6.55692e-07)
(40.0385 0.00251206 2.27149e-08)
(39.6349 1.80648 6.77077e-06)
(39.8031 0.89095 -1.0735e-07)
(40.0323 0.769751 1.61214e-05)
(39.7526 0.355358 -7.71689e-07)
(39.8782 0.16466 -7.73118e-06)
(39.712 0.808856 6.03284e-06)
(39.9093 0.530681 -9.32395e-07)
(39.6519 0.257297 -6.4533e-06)
(39.3458 2.22049 -5.80579e-07)
(39.3337 1.47088 2.06769e-06)
(39.5223 0.212243 3.99953e-06)
(39.4233 0.0545211 -4.18252e-07)
(39.2654 1.13297 -7.40771e-06)
(39.4692 0.0481243 -1.99917e-06)
(39.3673 0.706406 1.30393e-06)
(39.2813 0.104349 3.73446e-07)
(39.5564 0.434603 1.04741e-05)
(39.3614 0.162773 -3.85356e-06)
(39.0974 0.212907 3.54166e-06)
(39.3235 0.469547 -1.95901e-06)
(39.1104 0.00849675 1.95378e-07)
(39.0522 0.109071 4.08512e-06)
(38.7775 1.67721 7.43034e-06)
(38.9084 0.947345 3.87418e-07)
(38.763 0.206353 4.87749e-06)
(38.9053 0.770032 -1.17417e-05)
(38.8299 0.523416 7.94907e-06)
(38.6704 3.01951 -6.09232e-07)
(38.8636 0.382939 -3.02393e-06)
(38.705 0.228069 2.49037e-06)
(38.5589 0.201904 4.15525e-06)
(38.5967 0.863358 -1.05829e-06)
(38.4784 1.16239 6.07217e-06)
(38.6554 0.433884 1.23146e-05)
(38.4432 0.191914 1.74647e-07)
(38.6019 0.521572 -2.61747e-07)
(38.3793 0.0375973 -2.70644e-06)
(38.3191 0.134932 7.25609e-06)
(38.1955 0.309502 -6.009e-09)
(38.1865 0.0463661 -1.01934e-06)
(38.3883 0.400633 -2.65671e-06)
(38.2545 1.6835 6.83063e-06)
(37.8037 0.00627131 -7.02336e-08)
(37.9245 2.17735 -7.60696e-06)
(37.7557 0.228186 2.81032e-06)
(37.7262 0.00228306 -4.08752e-06)
(37.6827 0.0400014 2.46419e-05)
(37.8705 0.727727 -9.08644e-06)
(37.8408 0.515023 -1.894e-06)
(37.752 0.83377 -3.37503e-06)
(37.6633 2.47622 -1.10355e-07)
(37.7138 0.461512 2.70333e-06)
(37.4065 0.266217 -5.67738e-06)
(37.3839 0.116387 8.68601e-07)
(37.6042 0.455728 -4.72529e-06)
(37.2356 0.115209 9.33587e-07)
(37.2103 0.0314872 -1.48973e-06)
(37.2032 0.0778877 3.60883e-06)
(37.474 0.512033 -4.34841e-06)
(37.139 0.00377292 9.51016e-07)
(37.4103 0.382037 -8.99147e-06)
(37.0979 0.274978 -6.39754e-08)
)


// ************************************************************************* //
