/*--------------------------------*- C++ -*----------------------------------*\
  =========                 |
  \\      /  F ield         | OpenFOAM: The Open Source CFD Toolbox
   \\    /   O peration     | Website:  https://openfoam.org
    \\  /    A nd           | Version:  7
     \\/     M anipulation  |
\*---------------------------------------------------------------------------*/
FoamFile
{
    version     2.0;
    format      ascii;
    class       vectorField;
    location    "0.7/lagrangian/reactingCloud1";
    object      U;
}
// * * * * * * * * * * * * * * * * * * * * * * * * * * * * * * * * * * * * * //


2546
(
(130.384 20.7357 0.000794837)
(133.177 20.8572 0.000284852)
(129.585 25.3753 0.00113726)
(134.541 24.6647 -1.02773e-06)
(139.622 8.9131 -0.000131772)
(142.204 15.6484 -0.00083285)
(144.355 16.8 -0.00103029)
(144.382 9.76627 -0.00142516)
(143.271 2.56434 -0.000255354)
(147.262 8.9401 -0.00059054)
(146.611 5.52193 -6.60948e-05)
(149.328 7.24305 -7.37775e-05)
(146.638 1.30107 -1.82895e-07)
(149.196 4.55274 -0.000623652)
(149.583 3.80072 -0.000289629)
(148.869 1.73187 -0.000150589)
(158.182 4.7515 -0.00427449)
(154.989 4.00973 -0.00130426)
(157.535 3.30962 0.000648691)
(154.406 3.36759 4.31861e-05)
(155.847 2.37876 0.00048825)
(151.094 0.877326 1.02532e-06)
(154.075 1.9644 4.1884e-05)
(152.312 1.33519 7.07432e-06)
(154.076 1.3821 -0.000251334)
(152.497 0.94249 -0.000212674)
(154.79 0.0870564 3.82308e-06)
(152.421 0.277129 -0.00012005)
(153.833 0.667636 3.96122e-05)
(153.711 0.586602 6.21469e-05)
(153.693 0.49806 1.35023e-05)
(153.715 0.377279 -2.08553e-05)
(153.861 0.1116 0.000116715)
(153.653 0.245954 1.90093e-05)
(153.757 -0.0145551 8.95536e-05)
(153.662 0.0671476 4.31045e-05)
(153.393 0.230515 -1.50186e-05)
(153.591 0.000135061 9.07642e-06)
(153.497 0.157733 -2.17834e-05)
(153.558 -0.0211219 8.4998e-06)
(153.539 -0.192109 2.23597e-05)
(113.142 -0.241902 -0.000164069)
(152.874 -0.340358 -6.8288e-05)
(-29.2531 0.0281081 -12.5031)
(72.0251 -14.7202 -0.0140208)
(68.0391 -22.3386 1.96221)
(64.0548 -1.9592 -13.075)
(137.566 -36.7593 3.20536)
(130.025 -35.0153 0.00337434)
(132.536 -28.1584 0.000932804)
(128.574 -35.901 13.9639)
(144.764 -21.99 0.00205675)
(66.4826 -1.85926 -2.25896)
(112.605 -24.2925 0.559394)
(99.6815 -19.2912 1.91787)
(115.452 -24.4737 0.453329)
(129.906 -18.8197 -5.17573e-06)
(121.093 -20.0992 0.00355318)
(124.988 -17.7987 -8.87444e-06)
(131.242 -13.0746 0.00042989)
(133.48 -9.12402 4.41312e-05)
(113.769 -15.2077 -1.22867e-05)
(135.274 -3.47015 1.69623e-05)
(115.725 -14.0075 -6.96257e-06)
(126.189 -7.09137 -5.37479e-06)
(120.442 -9.3826 -4.57245e-05)
(113.265 -10.2247 -9.02389e-05)
(82.1735 -10.7903 1.77801)
(117 -7.86065 0.000609016)
(120.137 -21.9638 -3.67043)
(114.865 -6.82642 0.00118353)
(7.98481 17.6919 -6.82355)
(110.753 -5.60425 0.000830158)
(115.382 -4.65598 -1.87046e-05)
(25.6705 9.79145 1.47393)
(116.152 -3.92931 -4.46437e-05)
(117.658 -3.03295 0.0015813)
(116.954 -2.79874 -2.72557e-05)
(117.231 -1.87967 1.02878e-05)
(118.951 -1.52354 -1.05693e-05)
(111.904 -1.37658 0.000331046)
(112.083 -0.872622 -0.000242349)
(102.324 3.811 -1.0922)
(107.218 2.50559 0.00167186)
(108.918 2.22467 0.000169917)
(117.386 0.0591845 -1.10999e-05)
(113.775 1.28303 -0.000105081)
(113.37 2.36582 -2.612e-05)
(118.257 0.533166 0.000445288)
(117.93 1.34252 0.000452428)
(117.844 1.75829 -1.03435e-05)
(113.904 4.37612 4.36562e-06)
(120.358 0.787786 -1.93795e-06)
(113.674 5.58311 0.00116538)
(119.595 2.33394 -2.01195e-05)
(93.2919 4.80128 -0.713029)
(111.299 6.94301 0.000373667)
(122.961 2.02336 -9.64985e-06)
(120.76 5.30744 0.000295875)
(117.99 7.64246 6.51216e-05)
(122.09 5.04027 -1.13142e-05)
(122.854 5.44446 -3.42572e-05)
(120.551 8.46673 0.000828493)
(125.62 3.16822 3.46452e-05)
(124.594 6.25833 -1.93409e-05)
(115.47 12.0975 0.000199271)
(116.202 13.4807 0.00204685)
(126.469 8.60193 -0.000108004)
(124.584 11.0066 0.000468378)
(128.297 8.29453 -1.81916e-05)
(125.569 13.7298 -0.000183532)
(121.811 18.7682 0.00188911)
(127.84 16.6807 0.000318661)
(134.115 7.1839 -0.000116607)
(298.444 -29.517 2.17646)
(280.355 -16.7732 -0.000219093)
(273.734 -28.5778 -0.00119099)
(265.473 -43.3435 0.553343)
(255.907 -21.9003 0.000168718)
(234.097 -40.5555 1.16961)
(201.097 -54.7696 4.13879)
(224.246 -34.5358 0.000376398)
(204.371 -42.6001 3.12957)
(216.468 -37.6046 6.03226e-05)
(213.919 -29.5109 0.000245715)
(206.113 -28.0241 2.72576e-05)
(193.886 -40.7291 0.0040221)
(172.643 -48.9849 -19.3894)
(187.26 -28.894 0.000102239)
(180.81 -28.3673 5.2353e-05)
(182.828 -17.9292 0.000314092)
(167.381 -38.4063 0.00419493)
(177.33 -10.4788 4.55718e-07)
(404.748 -0.126839 6.05523)
(396.84 -1.65523 -0.000268279)
(389.952 -3.80489 -0.677003)
(364.16 -5.31316 2.76508)
(369.256 -5.7489 2.98469e-08)
(349.998 -10.639 -0.780228)
(342.51 -15.5771 -5.35913)
(338.997 -13.5206 1.44476)
(340.825 -12.7088 -0.547219)
(338.135 -10.0958 -4.69399)
(332.809 -16.7266 4.3581)
(323.726 -12.3164 -0.0020097)
(317.908 -20.1479 -10.6802)
(399.292 2.15595 -3.96527)
(375.413 6.19297 17.9019)
(432.011 -2.01457 2.8839)
(437.994 1.34113 0.796755)
(434.798 -2.08488 4.72761)
(421.945 -2.19616 4.09944)
(428.884 -2.43546 5.57217)
(428.251 -9.08045 -2.07363)
(413.939 -10.0585 -14.3766)
(433.488 1.33097 2.91052e-05)
(427.246 4.19473 4.0505)
(430.04 -11.6837 7.31687)
(431.113 0.362258 1.49281)
(414.726 2.96089 1.3218)
(429.172 1.66608 -2.50275e-05)
(430.231 6.05883 -1.72928)
(422.527 -8.44159 6.07111)
(419.61 -8.62104 5.60052)
(420.827 0.186435 -2.17193e-06)
(414.417 0.236557 -1.49668)
(452.948 -3.27356 -6.77248)
(442.533 -0.0836998 4.72029e-07)
(442.777 -0.0627754 7.83763e-07)
(402.783 -1.37129 1.38173)
(443.342 -0.0130284 1.05588e-07)
(443.252 -5.87679 1.68275)
(424.342 -0.256247 0.0313675)
(441.949 -0.0554508 -2.13289e-07)
(442.133 -0.0412813 1.04609e-05)
(439.409 -1.92241 -6.97379)
(441.51 -0.00676957 -9.05223e-07)
(431.406 -1.01996 3.95981)
(439.274 -7.43881 6.8567)
(435.289 -0.669096 4.22007)
(432.118 -21.2943 -1.90898)
(375.665 7.9249 -8.97529)
(441.032 0.241785 3.48994e-06)
(435.552 -1.12324 1.06709)
(436.398 -3.92878 1.33018)
(437.267 4.06792 8.48185)
(433.62 0.768088 -0.232225)
(451.36 0.729307 3.17998)
(443.929 -0.22232 -0.445232)
(444.85 -0.342305 -1.81564)
(404.947 -8.10145 3.77647)
(405.054 2.76986 4.35213)
(446.512 0.711127 0.421904)
(444.97 -0.127513 0.238596)
(425.531 2.48195 -2.03532)
(444.209 0.0443316 1.39928)
(444.878 3.58084 3.93268)
(445.389 0.0604742 -6.46348e-08)
(423.61 3.21933 3.93076)
(445.704 0.0326358 -3.66892e-06)
(445.761 0.0252852 -3.18604e-06)
(375.01 18.7068 6.43989)
(464.648 -15.0865 -11.1169)
(445.217 0.0152399 1.05187e-07)
(444.573 -2.16125 2.563)
(439.43 -1.45464 -0.417692)
(439.117 -2.87071 5.44561)
(410.367 5.34447 -1.26869)
(443.241 0.0419905 -4.83146)
(443.976 0.00136766 -7.93339e-06)
(433.299 3.673 -3.34991)
(373.33 19.9055 16.4541)
(433.292 -8.40402 0.364655)
(441.388 -4.39862 -2.34839)
(443.498 -0.0363108 -1.12896e-05)
(442.141 -0.165442 0.148804)
(419.88 -8.97433 -2.54271)
(402.482 4.69187 -2.73786)
(447.181 1.67967 -2.27662)
(449.89 1.36859 -1.59482)
(321.009 30.8295 -13.1154)
(447.534 0.00535929 1.49569e-09)
(419.986 -2.49403 0.536778)
(436.985 -14.4078 2.07796)
(444.637 -1.07702 -1.02275)
(447.341 0.00781308 8.48446e-08)
(446.714 -1.0273 -1.67286)
(420.424 -12.8338 2.26526)
(408.145 1.77601 4.31753)
(445.896 -0.697582 -0.940481)
(396.932 4.64461 -6.00757)
(391.38 7.1289 6.30903)
(443.014 2.22351 -0.569232)
(442.902 -5.47023 -1.26716)
(451.703 4.54294 0.30131)
(435.861 -16.3472 -4.43146)
(446.91 0.203568 0.0942926)
(440.138 1.44001 6.12131)
(451.728 -9.059 -8.26631)
(381.6 -6.53366 -13.9858)
(447.387 0.00583718 -1.40458e-09)
(406.513 4.64114 0.0423807)
(446.791 0.0205383 2.97769e-07)
(445.903 -0.218024 -0.147886)
(368.391 10.0316 -1.91864)
(446.804 0.020973 2.10835e-07)
(413.897 5.35031 -0.14258)
(405.571 -0.893363 -0.112611)
(440.94 -11.897 8.60496)
(453.282 -0.886865 -7.7541)
(396.614 -0.550462 -0.00838024)
(450.793 -1.14648 13.9939)
(443.364 -12.2846 1.48895)
(448.186 -0.709798 -2.17649)
(434.984 -0.223562 -0.555346)
(412.028 -1.29872 1.08907)
(446.347 0.0391276 5.47156e-07)
(427.916 3.77255 -1.19621)
(446.496 0.0310328 -2.83878e-07)
(413.8 -0.308942 -0.933132)
(446.797 0.00824601 -1.90135e-07)
(466.774 -19.0048 -4.1434)
(446.279 -0.387176 0.0153392)
(417.402 3.81193 -5.97959)
(432.692 -1.66048 7.5401)
(445.605 -5.50572 -11.4872)
(451.801 1.09299 2.18695)
(450.656 1.7063 6.51755)
(450.799 -4.38738 -7.9844)
(446.203 1.84164 3.70764)
(447.524 0.498896 0.473685)
(445.689 -1.73256 5.30998)
(450.003 2.45847 4.13875)
(447.561 -0.648899 -1.3497)
(449.915 -0.812067 5.29359)
(446.017 0.057917 0.577153)
(449.005 1.37648 -6.91541)
(447.412 0.115675 -1.0651)
(450.867 -1.49565 8.31019)
(450.417 0.497474 -5.38994)
(447.283 0.262038 -0.984978)
(448.116 0.508781 -3.65083)
(448.313 0.232988 0.416474)
(448.012 -1.16696 3.73137)
(447.538 0.2257 2.03883)
(447.78 0.332463 -1.94944)
(451.415 3.96954 1.44792)
(443.516 -0.406252 -4.98321)
(448.188 0.206421 0.267722)
(452.995 0.581564 -6.23336)
(448.742 0.0566943 2.99016)
(446.675 -0.349583 1.27607)
(450.86 0.209678 1.99769)
(446.149 -3.57178 7.5914)
(447.535 -1.41458 1.15909)
(448.615 3.04478 2.17165)
(451.086 -0.592315 9.0348)
(445.721 -0.741804 -3.28684)
(446.88 -0.988773 -1.71674)
(437.987 -5.79315 -6.76276)
(453.444 -1.05531 1.28602)
(449.024 1.03919 0.386523)
(447.784 -0.309098 -1.45298)
(454.271 -1.8373 3.30258)
(450.57 -1.65103 1.39751)
(445.898 -4.10909 1.90686)
(351.728 -0.315676 0.745234)
(397.065 1.16367 0.966906)
(413.188 -7.2094 -3.6061)
(432.317 -10.7782 0.864639)
(369.102 14.7152 3.76247)
(433.992 -0.11666 -0.28268)
(447.395 4.59424 6.28932)
(447.033 -4.75737 0.976609)
(436.46 3.91782 -1.65636)
(448.829 -12.58 12.1053)
(440.95 -18.7259 7.30743)
(423.429 -1.79868 -0.75218)
(445.971 0.110276 -1.75453)
(383.33 -0.527362 -0.0261963)
(420.567 -1.48746 -2.79758)
(448.896 1.26841 -3.12691)
(390.718 10.1386 -17.314)
(440.914 -2.05681 -1.10646)
(444.815 -1.50627 0.434901)
(425.624 -3.40675 0.344013)
(449.733 0.0965955 0.285598)
(447.696 0.00469286 5.59324e-07)
(416.767 0.487245 -1.07207)
(425.36 9.81814 5.20647)
(447.923 0.00242094 -3.47234e-07)
(421.274 2.3576 -1.02365)
(447.692 0.00481258 -4.57753e-07)
(438.428 2.46638 5.76195)
(340.565 -1.06663 10.433)
(436.141 -2.23568 8.8733)
(387.67 4.89229 14.5236)
(445.809 1.54826 -6.29273)
(454.123 -6.48206 6.27142)
(367.841 8.25732 -3.14195)
(349.548 -0.339313 -1.12978)
(431.154 -0.810259 -1.82043)
(448.328 0.169212 -0.153273)
(369.368 8.51669 -5.9462)
(447.5 0.00662922 3.45687e-08)
(444.726 -2.19324 -1.07304)
(435.213 -11.011 3.61731)
(446.274 0.131066 -0.260126)
(446.392 -7.41428 -5.99445)
(446.65 -1.48047 -0.501559)
(401.505 1.70084 -4.97239)
(443.207 1.27868 -0.164038)
(454.15 -11.1065 1.65234)
(364.678 10.3893 -13.9621)
(384.915 18.636 -7.002)
(450.347 1.18006 -0.354403)
(425.945 0.270781 -0.276526)
(341.686 3.88182 -0.824847)
(447.736 -9.05587 -1.73688)
(446.711 -8.24171 -0.722985)
(447.434 0.0076474 2.52033e-08)
(447.708 0.00368791 3.17144e-08)
(452.781 0.722608 5.02889)
(432.283 6.96355 -3.21585)
(413.542 -13.4412 5.03954)
(447.539 1.07467 -1.02969)
(449.894 0.11954 3.03875)
(455.682 3.80096 -3.1342)
(445.853 -1.82678 -5.53943)
(448.248 0.0203983 0.372078)
(447.513 0.373088 1.31946)
(449.239 -0.222682 -0.803283)
(442.406 0.996114 -2.12369)
(449.657 0.643962 -2.85377)
(448.843 -0.380472 -3.27315)
(449.273 0.606971 0.632016)
(444.027 1.17768 -4.69144)
(436 0.648134 -0.892624)
(444.141 -3.51416 8.76928)
(447.627 0.586227 0.185007)
(443.127 -1.98637 -1.52031)
(448.964 -0.533065 -0.977563)
(452.034 -1.89437 3.36813)
(452.101 1.69608 -0.303974)
(446.796 0.144747 -2.03051)
(448.749 -0.746653 0.473228)
(448.123 1.17488 1.78048)
(448.201 -0.704355 1.17631)
(446.863 2.73797 -1.82101)
(451.015 -3.48656 2.25976)
(448.5 0.258197 0.304543)
(444.642 -1.57518 2.20489)
(452.458 -0.883026 3.94865)
(445.328 0.0841882 -2.78928)
(448.068 -0.0156829 -1.32771)
(446.57 0.247747 1.17335)
(447.327 0.0291383 -5.17203)
(447.614 -0.148348 -2.25875)
(447.705 0.135016 3.88862)
(448.332 -0.409456 1.61117)
(444.533 -1.74711 0.612552)
(449.697 1.36184 0.870977)
(446.493 0.813869 -0.911)
(444.45 0.0963616 -4.12158)
(447.336 -0.526828 1.47242)
(450.748 -1.07286 4.77632)
(446.528 0.561001 1.19848)
(450.458 0.452611 2.08577)
(446.379 1.58441 -1.06189)
(447.919 -1.76326 -1.24899)
(448.954 0.982028 4.56158)
(447.699 -0.104837 -0.346691)
(449.423 1.60163 1.37195)
(445.396 -0.240643 -2.39429)
(444.304 -0.299741 -3.17937)
(449.867 -0.867924 -1.4238)
(451.631 0.910683 -7.58007)
(446.532 -0.334979 -0.993584)
(447.918 0.134132 0.365827)
(448.118 0.0188207 -0.0365112)
(449.673 0.200105 -1.77936)
(448.281 -0.277457 0.575656)
(442.091 -0.408679 1.41209)
(453.946 -4.21088 3.66184)
(448.123 -2.50907 3.80305)
(445.155 -1.0434 -5.85007)
(448.557 1.44823 -1.00191)
(450.687 0.0624632 4.37974)
(450.827 1.77278 5.24057)
(451.418 -3.77504 5.07422)
(446.605 1.46908 5.56964)
(448.895 -0.538129 -1.07595)
(448.85 0.311823 1.42823)
(448.846 -1.38059 3.69034)
(448.03 0.233131 -0.788246)
(340.21 -7.71985 4.71713)
(379.552 -2.20612 -16.3282)
(446.434 -0.476664 -5.44511)
(347.63 11.6383 -0.800332)
(418.05 2.23483 4.83824)
(445.695 -8.92527 0.705666)
(435.026 0.621193 -2.29869)
(433.728 -6.39017 0.777936)
(443.909 -1.25046 -1.09721)
(447.064 -1.11689 0.327982)
(412.493 1.57865 -11.5673)
(416.5 -0.125619 -3.08559)
(448.148 -3.14601 -0.650545)
(439.005 6.60417 -4.93352)
(446.044 -2.54593 3.03132)
(451.723 -6.50646 2.80936)
(428.474 -11.8707 -1.06558)
(435.847 -5.36595 -3.45011)
(422.65 -0.534846 0.0408285)
(443.331 1.50301 -0.509613)
(447.279 1.19121 1.37874)
(358.115 -4.52372 1.75076)
(424.868 -23.3529 7.29003)
(419.407 -0.609433 0.13977)
(450.125 -6.80752 -4.90251)
(399.432 0.581514 0.651638)
(442.621 2.25511 0.313363)
(452.196 -16.1391 -1.84477)
(363.171 6.42151 1.47551)
(446.315 -2.93398 1.26514)
(446.622 -8.13814 5.90707)
(445.509 -6.73743 -2.80005)
(418.213 -2.8394 -6.57252)
(421.563 -4.50223 6.00664)
(445.575 0.484921 1.54066)
(354.944 -3.27804 -2.71482)
(432.035 -0.830165 1.96038)
(452.818 5.47724 0.825059)
(325.116 5.27314 11.7416)
(374.511 -5.42419 17.0355)
(446.296 -1.17421 0.969598)
(446.719 -6.19676 -9.01383)
(434.258 -10.2603 -12.086)
(436.122 5.35233 -4.45341)
(396.704 1.15869 -5.0979)
(450.313 -13.9175 -6.63061)
(439.637 5.60068 6.36917)
(423.762 -2.55698 3.27991)
(439.055 -0.790964 0.844256)
(396.092 -2.46271 1.34542)
(449.794 -16 0.288017)
(434.941 11.9343 11.1678)
(386.393 -1.93908 2.58306)
(442.918 7.46817 1.76884)
(448.025 0.00105303 -2.67335e-07)
(392.585 0.480833 2.28446)
(446.757 -2.58989 0.415488)
(430.293 2.49736 -8.34688)
(442.52 0.131306 -1.65497)
(430.184 -0.289001 -0.29874)
(376.57 7.96887 -13.7449)
(447.97 0.00167041 4.64598e-08)
(418.843 4.10452 -1.59829)
(397.552 6.49197 4.69871)
(434.685 -1.18854 2.22582)
(447.979 0.00200108 3.49651e-08)
(434.124 -2.88407 2.59327)
(422.834 6.237 9.95397)
(363.229 6.72453 2.73026)
(447.885 0.00288624 7.62266e-08)
(452.646 3.51106 4.77867)
(449.761 -0.979345 -2.84033)
(446.416 1.09185 4.93777)
(447.015 0.134306 1.10652)
(446.805 -0.127203 3.28113)
(447.998 1.6274 3.25795)
(448.05 -0.0560365 2.66036)
(446.924 0.93878 -2.7459)
(449.546 -1.5312 -0.734068)
(454.832 -1.47313 -4.15807)
(447.044 -0.248406 2.25396)
(447.09 -0.278603 -1.55116)
(453.238 -8.41725 1.43769)
(446.896 -4.63821 6.92761)
(445.335 -2.6319 2.50416)
(448.24 -0.0612247 -1.28261)
(443.716 -0.42387 -2.51037)
(444.411 -0.220179 4.33393)
(448.591 2.31436 -1.12398)
(451.332 -1.1623 4.31001)
(448.195 0.911798 1.23068)
(441.212 1.6207 3.1349)
(448.166 -1.15324 0.948896)
(447.356 -0.122926 -2.02574)
(453.484 -3.39199 3.11543)
(446.211 -0.164007 4.53607)
(449.378 -1.43331 -1.62805)
(447.923 0.0310846 0.396509)
(448.328 -0.224011 0.221184)
(448.704 -0.112746 -0.19097)
(448.204 0.0752096 3.36084)
(447.681 0.163396 -1.86587)
(447.705 0.00274532 -0.793158)
(448.465 -0.386476 0.158442)
(449.547 1.56681 2.57107)
(448.906 0.851541 0.696889)
(447.94 -0.714966 -1.6138)
(450.82 0.315105 -8.44555)
(447.132 0.360605 0.555153)
(448.073 0.78808 -5.43836)
(450.481 -0.241868 1.55047)
(446.795 -0.593119 0.814043)
(447.385 0.0269804 2.96413)
(448.269 0.116976 2.75219)
(450.076 1.41169 -1.39359)
(445.594 -0.494356 0.215745)
(447.445 -2.34984 2.66982)
(442.993 -1.35327 -4.75943)
(449.212 -2.55077 -5.57596)
(447.673 1.98038 -3.05084)
(449.704 0.0293863 4.50886)
(448.738 1.08735 -2.03557)
(448.177 -4.87014 3.51883)
(449.195 3.49573 5.78884)
(446.768 -0.186276 -0.123575)
(449.075 0.0435149 -0.117913)
(449.524 -0.646153 -3.05316)
(448.004 0.397636 -0.771436)
(447.776 0.91378 -0.566561)
(450.546 -0.878119 5.81271)
(453.448 0.910542 1.66377)
(439.963 -0.883811 -3.04938)
(447.543 0.0309846 -1.62312)
(448.673 -0.264844 -2.105)
(443.896 -3.16683 0.0833583)
(448.989 0.240715 0.851168)
(448 -0.468124 2.23176)
(447.829 -0.146677 -0.669928)
(450.447 -0.628381 -0.528235)
(447.677 -1.33962 2.01641)
(448.604 0.234006 -1.95404)
(447.545 2.43622 0.622891)
(440.121 -0.834629 2.38114)
(448.03 -1.27422 1.58517)
(448.109 -0.175458 0.372202)
(447.376 -0.878387 -3.33014)
(450.214 -0.602532 2.39256)
(447.992 -0.397299 0.116856)
(447.511 0.762498 2.34175)
(447.45 -0.412284 -1.35864)
(449.311 0.455847 1.91095)
(446.579 -0.337285 3.30424)
(447.473 7.49135 -2.251)
(445.066 -1.18266 3.21838)
(448.262 -0.671928 0.483388)
(446.364 -0.227038 -2.20469)
(447.367 -8.17567 -4.00939)
(446.968 0.0124384 1.04877)
(448.469 -1.55366 -2.37535)
(447.432 0.530044 -1.10626)
(448.451 3.6863 -5.03223)
(449.968 -0.284035 3.56061)
(449.518 -0.470657 1.85193)
(447.992 0.38679 0.0936461)
(445.27 -0.777259 1.88314)
(446.349 -0.313374 -2.66043)
(448.698 0.758384 -0.279287)
(449.542 -0.118942 0.757981)
(450.669 -0.383936 0.771161)
(448.39 1.44334 -6.02909)
(446.045 -0.225217 -2.06981)
(452.097 3.59266 3.90105)
(448.582 -0.580125 2.00167)
(448.537 -2.14449 1.53519)
(450.955 1.44206 -2.65151)
(452.396 -1.33715 -6.95284)
(266.855 5.19179 -4.30983)
(449.979 -1.1066 1.32759)
(448.733 -0.799365 0.354171)
(307.239 4.60569 -0.716137)
(327.466 -0.651835 9.61582)
(417.185 -0.557786 0.0194263)
(446.048 -2.84152 -1.71554)
(299.117 1.36217 -0.453153)
(450.143 -3.17515 0.709893)
(413.36 -6.89398 -0.367013)
(356.414 -3.39634 2.30125)
(428.386 -2.72744 -4.10738)
(446.482 1.08676 0.315331)
(362.351 6.82755 5.38127)
(451.04 0.583095 2.10723)
(451.078 2.17888 -1.55312)
(375.315 6.30683 -3.69511)
(385.367 -1.30915 -0.380607)
(425.674 -2.29181 -18.0896)
(428.934 -1.74961 -3.46258)
(402.128 4.23118 6.93298)
(445.567 -0.537894 2.08227)
(368.185 -2.99728 9.90953)
(442.092 1.73711 -2.10764)
(414.072 4.23638 -0.754925)
(380.435 -1.12126 -4.49477)
(344.244 -3.56719 4.96693)
(388.94 -7.98968 -2.33964)
(396.595 8.45374 1.52422)
(447.584 1.24588 0.568449)
(433.929 -1.72982 0.778888)
(450.046 -0.0327118 2.08903)
(445.247 3.34323 0.531057)
(450.005 -16.5027 -5.39633)
(433.784 -1.05324 -3.94381)
(420.395 0.485584 2.53585)
(434.7 1.39314 -7.20149)
(439.763 -1.47973 1.11492)
(389.363 -0.677877 -0.615436)
(448.072 0.208967 0.335281)
(338.208 21.5578 -6.29066)
(447.206 -1.04807 -2.19616)
(432.229 2.40666 0.313125)
(450.181 -5.05675 -4.02906)
(449.191 0.795114 -4.57806)
(441.94 1.83924 -0.99742)
(403.293 -1.19538 1.0993)
(435.743 -0.286011 -0.061617)
(448.325 -0.925884 0.0526285)
(447.553 -0.0715503 2.86158)
(425.143 -7.24007 -8.88853)
(360.389 8.50265 -11.6335)
(440.937 -5.15944 -0.153977)
(343.326 8.70766 2.84089)
(360.645 -4.45921 6.23342)
(274.765 -8.38296 -4.10498)
(440.496 -0.133357 -0.00122454)
(357.576 9.81702 -6.4162)
(445.879 -4.95515 0.189453)
(408.926 -3.40506 3.62997)
(435.89 -3.28147 -4.43434)
(395.518 -1.2708 -8.06177)
(432.804 -1.68173 0.793968)
(402.097 -12.463 5.05998)
(449.703 -4.79183 0.58686)
(423.553 -2.8363 0.695721)
(352.046 0.313823 -0.281692)
(415.926 -0.353474 -2.92236)
(425.8 -0.0894799 -0.259577)
(424.073 -7.65273 -11.33)
(426.173 0.0763702 -2.54087)
(452.455 2.44266 5.40839)
(419.223 -0.850782 6.72944)
(447.934 0.132234 -0.86071)
(448.429 -2.00824 3.81749)
(447.658 -0.0478114 3.07678)
(415.734 1.77865 9.71291)
(447.92 0.0784502 -2.50562)
(455.274 2.93156 4.8655)
(448.785 -0.51835 1.18177)
(431.942 0.395702 0.74402)
(434.505 5.84259 -29.4763)
(452.801 3.14981 11.2112)
(422.061 -2.90805 3.24601)
(445.157 0.491114 2.57893)
(448.261 5.94898 -2.43437)
(407.801 -1.05285 1.9569)
(423.53 -9.55472 -12.0323)
(443.756 -3.78656 5.29842)
(414.414 1.56113 4.76814)
(435.958 1.27881 3.58607)
(446.25 1.6792 9.33568)
(416.825 0.294182 1.28144)
(427.499 -4.1597 15.828)
(447.924 0.243717 0.44478)
(426.996 -8.24688 8.14523)
(445.714 0.262188 2.98162)
(418.177 -9.59977 10.0858)
(425.131 -0.573626 1.22767)
(445.195 -0.65569 -0.351816)
(444.546 -11.4964 -2.7457)
(436.771 5.69213 -7.52796)
(446.729 -0.675865 -0.550674)
(446.976 0.228459 -0.279136)
(441.634 -2.2999 -1.40548)
(437.376 2.057 -4.93193)
(423.982 5.83295 -24.7576)
(434.559 0.0269911 -0.661046)
(427.114 4.18619 8.17417)
(416.623 -0.129871 -1.95396)
(424.653 0.424223 0.721827)
(428.251 -4.04769 -4.5776)
(446.017 -0.00914258 0.697672)
(407.231 -4.5759 -16.0556)
(447.954 0.0203202 0.243469)
(436.5 0.961212 3.20315)
(429.715 -1.49564 5.21751)
(443.484 0.0554815 -1.54202)
(447.515 -2.99801 -1.60135)
(444.916 0.102582 -1.79071)
(447.653 0.300613 -0.553838)
(446.118 -2.88824 -1.55986)
(444.924 1.38969 -3.3389)
(414.391 0.257963 0.326733)
(446.471 1.10241 -2.3113)
(410.144 0.0552352 6.80394)
(449.875 0.0938086 0.273124)
(438.173 5.82507 -3.78264)
(449.268 -0.439835 -0.491884)
(443.564 -0.0968556 -2.15731)
(430.766 -1.09287 4.69147)
(420.048 -3.69866 -43.8621)
(437.574 -0.149336 0.885292)
(447.5 -0.563847 -0.217555)
(447.383 -0.356025 -1.64243)
(438.374 -0.0846285 -2.55429)
(428.401 0.848457 -5.35271)
(449.849 -3.3567 -2.94616)
(432.077 0.0531224 0.593502)
(427.261 6.92467 -7.62937)
(443.442 -0.577803 -1.23334)
(444.75 1.28967 1.03244)
(444.97 -1.13285 -4.58101)
(429.506 0.586082 -0.700716)
(444.521 -3.22038 -1.64457)
(426.565 -3.34107 -4.49114)
(442.229 0.0986045 -3.00764)
(419.906 -1.22199 40.4706)
(416.21 -1.25948 -3.09383)
(445.137 1.66153 -1.9364)
(438.814 -0.388663 -5.81165)
(430.852 -1.99182 -8.76805)
(446.388 1.60801 -1.04052)
(444.555 0.11998 3.30254)
(451.171 0.816908 -8.74035)
(420.333 -2.27704 1.55966)
(428.542 4.31546 6.99881)
(439.914 -0.217849 0.914517)
(449.21 -1.80649 1.19273)
(450.333 0.814854 -0.232865)
(416.298 -0.281759 1.36154)
(411.454 -1.95896 1.98171)
(410.795 -0.046213 1.58479)
(447.55 2.57065 2.16558)
(424.843 -0.174002 -4.43334)
(447.207 -0.290892 -2.12528)
(447.503 -2.63129 4.81419)
(443.364 -0.793317 4.07039)
(444.032 6.59352 8.33743)
(442.677 -4.54163 2.64378)
(448.504 1.38102 0.953012)
(415.715 1.88929 2.5439)
(445.989 -0.860778 1.91781)
(445.475 1.46811 -1.2558)
(424.955 2.71863 2.73319)
(446.127 0.171035 -4.74836)
(452.323 -7.48714 8.67746)
(418.169 -0.683927 -1.62725)
(442.587 -2.35568 -2.51671)
(411.042 -29.56 -28.6692)
(431.726 3.78876 -3.11054)
(446.618 7.93523 13.8273)
(450.902 -3.22493 9.10413)
(423.63 -2.61233 4.25998)
(429.706 -2.87524 10.3861)
(401.284 -4.06379 16.9492)
(447.616 0.000776364 -2.75533)
(444.034 -10.4079 -5.58633)
(440.466 -3.28692 -11.4864)
(447.47 -1.01002 1.97231)
(432.3 0.0136544 0.398704)
(438.57 -0.0564064 -2.24788)
(421.928 -2.27513 11.6542)
(416.041 -6.39694 -9.79748)
(440.124 -0.185895 -1.70686)
(410.916 1.91104 -2.8715)
(442.046 -11.8036 -7.9042)
(450.351 -0.748602 7.4332)
(447.753 -0.618309 0.563187)
(428.247 1.29192 2.10552)
(445.599 -9.61508 15.7789)
(409.621 -8.70139 -21.4153)
(441.537 -0.193894 1.35538)
(447.562 -0.449063 3.29168)
(442.349 -0.162266 0.954766)
(448.375 3.80172 -4.96113)
(437.865 -0.0711179 1.30754)
(449.13 0.953118 2.30716)
(423.941 -20.4334 -13.256)
(399.055 -20.5948 14.0901)
(447.711 -1.05045 -3.77635)
(448.526 -1.54734 4.52994)
(448.33 -0.0179029 -1.43215)
(436.601 0.0606527 -0.367513)
(411.04 -5.90107 -12.5426)
(427.196 1.70817 2.07049)
(440.484 3.44264 -5.47393)
(446.542 0.770725 -0.866065)
(413.747 -15.6933 -7.90799)
(423.349 -19.4157 -35.7226)
(439.946 0.00436 2.33057)
(449.06 -4.568 -10.5161)
(444.196 1.42007 -2.44821)
(448.634 0.0498775 -1.71632)
(441.249 -0.483616 3.05078)
(447.315 0.059042 0.0599798)
(417.773 -0.160531 2.21754)
(446.65 0.0287899 -0.51753)
(439.206 1.79399 -2.85975)
(414.976 10.3622 13.5098)
(422.778 0.0234604 0.020439)
(410.332 -0.0476694 0.340406)
(434.713 -3.62719 -9.34153)
(424.468 -3.51792 5.3545)
(420.424 -5.54738 30.3312)
(417.943 -0.132715 1.40178)
(441.85 -1.31827 15.2563)
(434.292 -1.87529 1.79362)
(448.077 0.271748 -1.45226)
(434.618 8.38089 -2.13916)
(429.652 0.505496 2.18092)
(422.285 4.50333 -14.1204)
(448.377 -0.49099 3.46288)
(418.884 0.242407 0.28725)
(450.701 -1.22944 -1.0237)
(448.298 0.578343 -3.55338)
(442.329 -2.27209 9.60184)
(444.002 -0.0746707 0.375758)
(428.032 -0.349215 2.06996)
(445.577 1.65697 -8.60968)
(415.87 -2.07963 10.9235)
(435.985 9.03356 2.73622)
(448.93 -0.88991 6.44605)
(448.255 -0.412045 0.442335)
(444.547 0.442136 -1.85577)
(444.945 0.0110908 0.642456)
(442.764 0.0808604 -0.0790934)
(447.458 0.170032 -0.264643)
(446.231 -2.07065 9.03343)
(450.518 0.228203 -0.800652)
(444.782 -0.0679009 -2.02789)
(408.819 -10.3501 8.23424)
(411.52 13.0327 24.5615)
(447.808 -0.0623517 -0.335756)
(443.566 0.1319 -0.573101)
(422.617 -1.19504 -2.33512)
(444.087 -1.83673 3.4592)
(300.76 5.77915 -2.55508)
(433.992 -2.97585 18.031)
(415.647 -9.44934 -3.99216)
(253.074 28.3636 -13.7038)
(316.295 9.71172 3.38615)
(307.523 9.69608 -45.7336)
(434.971 -4.62305 -1.5216)
(264.917 2.18741 6.08345)
(350.594 9.55288 -2.97052)
(382.508 3.91786 -5.27415)
(390.393 3.29129 2.4296)
(386.494 8.19841 -18.3499)
(334.277 5.00289 14.5871)
(306.666 -3.23088 7.05637)
(260.116 10.5019 6.85874)
(401.354 -0.812761 -3.88627)
(372.116 1.76641 3.63284)
(399.611 -0.635887 -0.253795)
(382.62 2.67058 -0.148737)
(378.35 0.68457 3.37303)
(406.299 1.54913 -1.33659)
(384.223 13.2344 11.3016)
(401.409 3.64005 -2.36675)
(415.086 2.46993 -1.04951)
(393.824 1.54382 3.97533)
(416.268 1.70791 -3.94476)
(309.098 8.79162 1.60934)
(342.794 -15.1284 17.5177)
(397.925 2.53464 -10.3797)
(393.012 -2.69399 -3.1387)
(404.825 0.067741 5.23474)
(371.235 4.19762 -6.28396)
(423.157 10.8156 -3.9018)
(391.281 -1.71927 0.0760115)
(397.515 -5.5326 4.02058)
(414.456 -3.84647 4.72492)
(420.887 0.483618 -6.28792)
(417.446 -0.0926949 -2.60764)
(419.231 2.88739 0.880654)
(410.015 -0.733705 -1.80548)
(367.822 0.0438983 2.21379)
(352.568 15.3827 -14.6277)
(367.379 40.6655 -32.9848)
(408.343 -3.77981 -0.54947)
(428.973 -16.5926 -8.23268)
(417.915 -8.87307 -15.1023)
(407.663 0.39737 -3.58502)
(419.71 -5.95662 -1.75814)
(423.197 -11.506 -0.801619)
(312.745 1.55663 0.529348)
(359.363 7.41434 5.76723)
(405.7 0.147436 -0.396731)
(362.507 5.43018 -9.76571)
(410.947 -5.74182 -2.34962)
(412.706 -4.18729 -2.87989)
(443.876 -2.0114 0.924924)
(339.72 -7.64178 -5.22296)
(396.02 3.90993 -2.78785)
(405.88 -3.11394 0.682445)
(408.805 0.293384 -0.961028)
(381.518 -0.407693 9.87367)
(402.116 -1.76247 3.8624)
(363.548 6.76393 -2.49451)
(417.592 0.501324 2.20868)
(310.532 12.3016 4.24114)
(432.988 -3.90606 -2.88048)
(436.091 0.926344 0.370626)
(387.852 2.03917 3.21534)
(405.966 0.276206 3.17046)
(425.39 -0.185431 -0.907404)
(367.801 -12.8739 4.82026)
(431.047 7.54174 -0.324907)
(426.871 -6.04081 1.00621)
(320.054 9.47586 2.98642)
(419.505 -1.79929 0.656564)
(425.53 -0.974505 -1.03454)
(311.579 10.3924 21.2163)
(441.134 2.276 3.5965)
(418.819 -1.14908 1.52938)
(390.459 -40.1214 1.21667)
(375.888 4.63971 -0.312523)
(426.421 -2.96447 -8.17116)
(432.163 -2.10472 -1.63326)
(430.405 -8.74204 6.89158)
(435.369 -2.02095 0.0473418)
(312.318 23.9974 5.48601)
(353.285 -7.84861 -9.76306)
(409.44 2.64561 -0.826057)
(407.367 7.50396 2.9153)
(251.161 14.7353 -0.913703)
(427.839 1.51972 -7.99019)
(344.584 -9.30454 2.75106)
(348.278 9.88921 6.3691)
(446.309 0.518207 -1.00069)
(344.599 4.89764 -19.5569)
(378.477 6.36748 6.61079)
(435.407 2.87966 0.497969)
(446.555 2.52345 -0.437094)
(407.066 -3.42513 -0.844383)
(364.163 13.8793 -12.4945)
(365.075 4.25125 9.38109)
(379.985 -19.1485 -1.56385)
(373.01 14.9408 9.36869)
(441.593 -2.72923 -2.84041)
(349.569 7.11638 -4.66108)
(404.98 4.55108 9.72833)
(331.552 9.73073 13.0724)
(427.151 -5.69338 -8.82648)
(409.731 2.15483 -9.48029)
(447.416 0.195108 -0.787776)
(443.234 0.251738 3.21089)
(422.601 2.51553 -6.91597)
(336.541 18.8901 0.0450101)
(422.171 -9.08379 8.05666)
(350.747 13.4133 9.31794)
(338.655 8.54999 5.24137)
(407.403 0.875263 2.66258)
(271.362 13.8881 6.47102)
(326.345 3.41427 19.7077)
(414.536 -0.866774 -0.158144)
(440.217 -0.100076 -0.624861)
(408.7 0.817973 2.75618)
(426.331 -1.74367 -1.72232)
(446.906 -8.59457 -6.27264)
(376.876 9.60225 -0.0780012)
(405.639 0.489426 16.9154)
(440.175 0.527464 8.01686)
(343.628 15.914 -0.0753837)
(426.771 -0.862994 -0.659588)
(425.545 -4.25679 4.50679)
(406.276 0.220148 -9.33162)
(410.716 2.38515 -3.6537)
(382.541 -13.1809 -10.3714)
(449.439 0.512224 -0.992299)
(349.808 -0.134155 -6.90545)
(378.012 -7.7946 -20.3287)
(384.791 2.25672 1.38677)
(421.121 -7.32603 -2.62622)
(407.977 -3.58368 -2.93553)
(394.08 -5.78618 -13.5017)
(384.202 2.32099 16.988)
(375.926 -1.64804 -4.7151)
(396.549 -5.64315 -21.2548)
(343.663 -0.579559 15.4226)
(379.22 -0.422329 2.58394)
(393.623 6.49223 -6.88405)
(374.425 5.17346 1.60962)
(369.517 9.08726 8.55328)
(394.831 -0.364607 -3.99761)
(398.577 28.6038 20.3046)
(366.901 -0.46933 5.81264)
(382.909 -1.39783 -6.84487)
(382.009 0.27442 3.54299)
(340.519 -5.25614 -12.4059)
(358.84 -0.581502 3.29986)
(397.058 1.31052 2.83331)
(410.304 2.15148 12.5656)
(374.821 0.752359 -20.4421)
(398.124 5.8188 3.59142)
(415.07 6.39151 -11.4962)
(417.732 3.01135 10.1306)
(374.222 -2.4922 12.1165)
(421.493 -10.0144 4.65214)
(373.843 -5.29463 -7.85837)
(372.368 0.893351 -29.2638)
(361.292 6.37924 10.4502)
(375.939 4.89624 -35.9993)
(384.317 -0.772886 -1.26134)
(358.035 6.08852 -24.2396)
(354.702 -3.81894 15.0369)
(393.882 -1.13841 2.79071)
(360.768 -0.633177 -3.59208)
(394.675 -1.91754 2.08542)
(365.705 13.901 7.06447)
(398.069 0.574179 1.2922)
(367.447 -8.28769 -13.8328)
(370.521 -2.11568 14.5308)
(375.829 0.662306 -28.6122)
(391.06 0.305429 3.07237)
(393.701 16.3761 -12.1406)
(365.684 -1.14939 -6.79666)
(380.208 1.41949 -3.85471)
(372.812 -2.88624 19.4872)
(406.867 -0.973058 -23.7148)
(405.468 -1.56879 6.41942)
(379.072 0.315644 -12.3876)
(387.351 -0.141345 -0.134826)
(383.4 -0.562249 -1.74154)
(408.825 7.87403 -1.15327)
(409.266 -3.25281 4.78781)
(402.372 4.0065 16.8311)
(367.176 -8.32187 -12.8271)
(398.622 1.68848 -24.7178)
(406.087 -0.319697 2.50272)
(355.738 -13.7623 -6.29268)
(376.589 -0.0287115 2.86029)
(386.539 -2.48345 -14.2241)
(364.596 0.0134196 0.615399)
(291.848 -0.527237 -16.5908)
(365.342 0.365133 17.1129)
(384.158 -1.98067 4.73933)
(359.531 -32.6367 45.7531)
(381.994 -1.89466 1.22713)
(356.699 -4.1455 9.69779)
(369.594 0.452813 1.68219)
(391.626 -1.79003 9.66578)
(380.691 1.46757 0.749189)
(375.623 -0.279597 -2.73251)
(393.577 1.25327 3.17405)
(370.085 2.49946 -1.98924)
(408.202 1.50542 -4.76776)
(370.909 -0.87636 -21.9228)
(364.516 -0.63157 18.7198)
(409.965 -8.68832 -24.1362)
(366.213 -0.366433 -0.401969)
(396.373 -0.626278 -5.40975)
(373.797 -5.37991 33.1306)
(403.025 -2.37331 15.2134)
(350.748 -7.82564 -16.4183)
(366.397 -3.45778 -18.8382)
(428.675 -4.43093 -11.1136)
(366.665 1.23701 -4.25828)
(397.642 31.0917 16.9386)
(420.879 7.15649 -2.62752)
(392.744 -0.557321 -18.5808)
(371.416 -0.430957 0.166113)
(382.052 -4.71373 -17.1397)
(414.767 8.42048 9.64644)
(387.585 1.89081 3.16717)
(380.671 1.25843 7.8914)
(362.741 -0.00703245 0.170772)
(369 -1.12901 -2.24174)
(361.037 -1.42291 29.5738)
(392.89 7.17964 -4.58408)
(372.6 -6.84421 14.93)
(404.098 -1.17685 -3.26146)
(348.022 17.0013 28.5095)
(376.693 -14.1563 -30.559)
(385.542 -1.18204 22.1742)
(375.579 -0.0964096 -0.767702)
(388.551 1.54423 1.70826)
(355.687 0.762905 -6.62168)
(369.217 -3.32674 -5.78404)
(403.077 14.2724 8.78537)
(350.046 1.65679 14.0426)
(376.058 -1.73745 5.32284)
(392.846 1.27127 -13.2456)
(377.953 -5.70136 14.4248)
(404.399 -0.518268 2.76176)
(391.959 -1.84086 -1.39559)
(390.833 7.48994 -4.72226)
(370.831 -1.07801 10.3732)
(375.595 3.75151 -10.671)
(402.06 1.54827 -2.7168)
(349.204 -2.41208 -10.089)
(360.75 1.60623 -4.19374)
(370.351 -2.232 27.2812)
(383.306 3.21552 -25.1943)
(388.404 -0.0471416 5.94879)
(373.774 -3.4617 -5.04124)
(379.941 16.0285 -30.8985)
(386.626 0.224607 19.8776)
(393.315 -6.13642 -4.75146)
(366.151 0.0102581 -0.0544445)
(379.618 3.91233 -7.15852)
(381.207 0.828372 3.06695)
(400.919 1.34256 2.37902)
(377.889 -0.573908 -1.0743)
(380.575 1.82355 -5.96145)
(366.96 -1.07576 11.9587)
(370.896 0.391876 -1.66233)
(342.063 -7.73882 -13.5196)
(380.525 0.0957436 14.1582)
(381.533 -11.6945 -5.77963)
(365.612 0.761376 1.36931)
(400.716 0.373196 0.710061)
(367.247 9.51451 -31.4159)
(369.844 -5.13142 -10.9135)
(405.657 -0.591724 1.74057)
(385.839 -3.40592 -2.18971)
(381.252 -1.46136 -2.88923)
(375.603 9.34772 -6.52773)
(390.313 -0.475468 28.2223)
(362.362 0.148256 -38.9147)
(406.953 0.113238 -0.326528)
(374.819 0.358261 -2.77023)
(407.149 0.665181 33.8223)
(391.645 10.0633 -3.4548)
(375.519 0.0794867 -2.8445)
(374.336 -1.41366 0.640966)
(370.676 3.08988 -3.9781)
(383.846 -3.18568 -3.69962)
(405.389 4.84396 6.09852)
(385.86 1.62419 14.2913)
(370.39 -19.5442 -0.372606)
(382.996 -1.48527 -3.91038)
(404.049 0.581413 2.28653)
(402.376 -5.55377 -21.3093)
(377.477 4.52841 -9.87666)
(370.02 -2.13325 -5.55563)
(389.234 2.34433 -15.5433)
(369.273 -3.59577 -8.50973)
(389.71 -5.72237 -48.4967)
(408.863 -13.174 20.8157)
(357.472 -4.41056 -4.34111)
(364.491 0.0469534 -0.198975)
(407.15 1.95414 10.3511)
(409.12 -4.5834 6.07387)
(400.881 3.34076 8.47055)
(371.27 9.92222 12.9272)
(369.115 -5.15964 -3.84891)
(344.879 0.226371 -6.64195)
(416.126 -1.26015 43.4718)
(404.056 11.2243 -2.11834)
(391.324 0.624622 10.1621)
(392.736 3.26962 0.376587)
(404.738 4.87195 -9.93351)
(361.609 6.03652 -21.3816)
(386.205 -2.09876 -12.0581)
(363.385 16.3293 19.8729)
(382.657 0.986278 3.03593)
(392.314 10.9461 -20.7705)
(374.876 -0.0313421 2.00426)
(392.174 -2.10917 5.83886)
(364.864 4.49766 3.93817)
(391.364 -3.81881 2.60783)
(410.331 2.93991 -3.2565)
(379.055 0.869159 -1.90931)
(401.683 0.702264 5.72753)
(360.033 12.1844 -11.9062)
(381.65 2.04099 -13.3643)
(377.486 6.00688 6.1513)
(389.618 5.69113 -8.20544)
(386.003 0.863432 1.32118)
(414.36 3.88282 9.92227)
(371.786 -0.0140942 0.228671)
(373.4 -2.27308 -3.94525)
(382.823 9.75323 7.52557)
(388.447 -1.31923 -10.4854)
(401.663 -2.39777 -1.74677)
(384.078 -2.52239 18.4893)
(363.875 2.80759 -5.54743)
(400.617 -0.882898 -2.20843)
(405.684 -2.4269 4.62003)
(390.525 12.1242 4.92598)
(386.712 -7.43107 8.02657)
(378.114 1.91007 -20.4374)
(356.851 -11.2918 -10.5774)
(381.764 0.327482 9.69988)
(372.513 -2.70352 16.8569)
(384.331 9.39921 -17.245)
(360.098 1.53453 11.162)
(376.381 0.803069 -15.2341)
(352.279 7.81223 -7.68868)
(394.137 6.55778 -28.6374)
(401.221 -0.852693 -17.5837)
(403.526 -2.3089 -28.2661)
(395.764 2.12789 -10.6378)
(387.742 -0.91961 3.35011)
(380.51 5.68612 2.69992)
(379.556 3.69197 10.4724)
(334.318 -1.56642 -31.3231)
(401.218 0.676218 -1.59844)
(335.352 25.34 9.45414)
(405.133 0.947764 2.58467)
(365.037 -37.6318 -21.0968)
(380.639 -0.293884 -2.36251)
(389.705 5.04907 36.6177)
(384.385 5.13436 -6.08265)
(379.797 3.05944 -8.12473)
(370.676 3.98113 -10.2674)
(405.377 -6.1291 7.01281)
(382.54 -0.197037 -1.81694)
(395.235 0.0522922 -0.0321471)
(365.203 -2.19006 4.07273)
(389.266 12.6028 7.69793)
(400.805 1.16275 4.88443)
(223.689 28.509 0.0666615)
(391.792 -9.61857 14.9487)
(384.845 -11.1715 26.155)
(236.167 21.7051 10.0738)
(380.693 0.261445 13.7891)
(257.143 20.362 14.0308)
(237.141 21.6883 -21.1545)
(261.631 13.5875 15.5423)
(280.734 13.5937 12.7837)
(286.122 -0.311033 0.705772)
(258.14 21.1663 30.315)
(252.784 29.1138 -9.56453)
(300.478 12.9762 -16.7754)
(353.337 -13.1083 11.658)
(379.45 1.9086 1.30065)
(347.509 -2.39177 -9.18434)
(342.78 -5.16202 -1.41729)
(293.014 6.31434 13.0506)
(272.06 9.46292 5.15795)
(352.257 35.0027 -1.78493)
(354.953 2.01899 -1.42763)
(368.577 -0.356464 0.419784)
(283.627 15.3174 17.6456)
(365.775 -0.903565 -0.545629)
(284.103 10.5142 -10.9994)
(361.111 16.0542 18.7377)
(332.686 -0.335082 4.63658)
(384.626 -15.3432 -7.42584)
(367.651 -14.8463 12.3796)
(368.413 1.68321 2.15187)
(348.846 11.8345 -5.65204)
(341.873 5.54031 9.16694)
(372.936 -0.85711 15.1844)
(340.212 -10.303 -0.698042)
(347.015 -2.04899 -5.15544)
(368.875 -2.16765 -1.25363)
(347.432 -0.27919 -5.29327)
(378.929 -6.28712 4.1163)
(357.026 -2.21438 -3.98053)
(364.892 -2.08144 0.969662)
(334.543 -3.87913 28.8787)
(349.146 3.58811 6.35182)
(356.901 1.12796 6.85558)
(319.703 -1.43517 0.0470847)
(360.447 -1.53747 1.81619)
(365.631 9.67922 9.5259)
(352.236 -0.981876 -0.700847)
(343.16 18.5018 -12.2196)
(344.951 -14.0245 1.22988)
(372.097 10.6703 1.00469)
(366.645 2.42711 4.0555)
(367.299 -0.0367952 -7.68747)
(365.412 3.88992 3.5814)
(369.299 -0.493739 0.293928)
(368.985 0.250134 0.0211064)
(369.116 1.11438 5.31768)
(368.768 -7.6043 7.0101)
(333.994 -0.544513 -0.96545)
(324.734 9.48373 -3.61288)
(374.13 1.73952 -15.5656)
(329.517 -0.144776 -0.51804)
(350.648 14.0771 11.1855)
(340.687 0.142313 -0.789919)
(357.01 -0.649894 0.462177)
(330.021 11.1607 11.5782)
(383.137 -2.58811 -19.4777)
(384.454 -0.530302 17.2604)
(311.521 14.9702 -10.712)
(359.439 1.92873 -5.12309)
(326.781 1.07246 19.1429)
(331.733 25.3326 -2.35)
(328.825 -4.06975 -3.00476)
(369.944 0.727189 1.93086)
(360.525 -5.29569 -2.35303)
(361.994 14.1908 9.93452)
(352.871 8.99393 13.015)
(370.767 -0.547097 -0.0864785)
(237.786 53.0636 -24.0065)
(370.43 -4.15762 4.01689)
(309.447 0.280499 2.07097)
(352.999 7.92527 8.07726)
(383.342 -4.66472 -1.67396)
(379.537 1.68621 1.81766)
(297.689 14.8118 0.594916)
(345.198 -6.99392 -31.1281)
(347.735 18.3324 -12.295)
(379.929 0.417705 -0.571838)
(381.638 -0.01542 -0.664747)
(385.153 0.532134 -6.16828)
(364.533 1.27234 -1.32557)
(382.586 0.839068 0.781641)
(294.609 6.46656 7.21995)
(386.202 0.230526 0.688134)
(369.502 -8.14302 -2.69075)
(386.587 2.11343 -0.626934)
(331.117 5.60485 1.95739)
(370.428 -0.154948 -0.183227)
(381.483 -0.65674 2.87354)
(275.166 6.90821 -6.11988)
(386.816 -2.47304 -1.62004)
(369.059 -8.98239 7.95835)
(389.311 0.479032 0.787486)
(382.007 -7.78922 -25.4439)
(343.606 8.16026 21.6052)
(385.016 4.90052 -1.81512)
(411.471 5.19866 -20.294)
(371.218 -8.56511 0.875314)
(360.135 5.08278 -0.413843)
(356.905 -0.823972 -0.894406)
(350.883 -12.0227 12.0481)
(363.69 -22.8135 26.6196)
(338.869 19.2415 -10.2059)
(388.836 -5.40442 -0.921904)
(382.612 7.17653 2.8263)
(385.45 -9.07465 -35.8844)
(366.51 -3.78623 -2.57944)
(353.431 26.0193 -11.0472)
(358.388 0.856987 0.99986)
(378.995 -13.0321 15.6005)
(386.541 -0.00855306 0.70444)
(397.61 0.0433204 0.0338606)
(397.023 1.10388 -1.22732)
(378.953 -1.77051 4.25238)
(301.242 0.555204 3.99934)
(394.35 -1.85132 0.337419)
(364.112 18.0313 3.66111)
(358.736 3.06959 14.5232)
(395.098 1.8333 -1.08012)
(351.275 3.00098 -3.66252)
(370.802 9.31252 -7.47385)
(388.737 -5.45991 -11.026)
(370.472 2.59845 0.383597)
(383.531 4.60714 3.40155)
(358.463 7.58769 -8.58884)
(393.099 -1.07023 -7.58673)
(384.618 1.80789 -8.51006)
(395.975 5.28276 -5.81739)
(397.523 -0.508727 -0.67369)
(280.753 8.20805 1.57649)
(396.796 -4.19611 0.792745)
(343.881 0.827924 -15.9265)
(343.866 -5.00915 0.948068)
(374.691 12.6716 27.0882)
(365.48 7.6826 -3.79337)
(353.686 0.784404 -5.63808)
(342.252 2.27059 -5.00926)
(360.42 2.75995 10.63)
(346.645 0.423105 38.4334)
(358.584 -6.4941 5.22037)
(365.191 7.81332 8.40313)
(324.314 6.43759 -11.5953)
(361.652 2.14242 0.702655)
(340.459 -4.16407 -14.1472)
(338.679 -3.11105 -7.63012)
(342.773 9.93744 13.328)
(340.19 -1.06913 -3.29107)
(351.18 -2.31695 3.40886)
(332.561 -6.50517 -7.30985)
(371.334 18.1574 41.378)
(345.753 0.675364 1.38731)
(361.488 2.50103 30.6114)
(345.836 1.20774 -2.64988)
(358.458 -10.8509 -5.17102)
(352.32 -0.069709 14.0628)
(340.903 -6.15882 -14.7736)
(356.261 13.4882 -8.08123)
(352.058 -0.462325 7.08609)
(355.941 -6.89559 -10.3261)
(349.009 17.5974 12.5761)
(350.288 -0.0204059 -0.410986)
(335.413 7.91357 23.6093)
(330.976 -9.87832 16.8205)
(335.86 6.20524 -30.5535)
(366.02 1.55312 8.4419)
(333.651 0.0243298 -2.77569)
(305.976 -1.07723 -27.3104)
(358.236 -0.304514 -1.05318)
(336.134 0.219769 2.66144)
(339.871 5.0883 -4.51737)
(325.401 6.74841 20.314)
(294.921 -0.562178 -5.33391)
(333.156 3.63709 -5.23335)
(366.498 -2.69851 -12.9413)
(345.141 0.159227 -0.188878)
(352.332 0.312677 0.465332)
(356.371 0.580673 -2.97551)
(330.699 3.24618 25.4276)
(269.944 4.75473 -14.4788)
(364.23 -2.43909 -12.1402)
(347.098 0.559916 10.5941)
(327.111 -12.8673 12.6069)
(357.27 1.13083 -1.96418)
(343.375 -11.0775 9.82531)
(342.83 -5.04002 16.1268)
(336.956 -0.422062 1.2073)
(342.805 6.91561 6.14586)
(356.947 0.582971 5.91736)
(350.64 -4.70681 1.11428)
(342.506 8.83271 -16.5365)
(345.422 0.868411 -0.906491)
(376.955 29.3952 11.7251)
(334.903 -5.62157 5.84231)
(353.686 -2.98821 5.46327)
(337.068 -6.20428 5.10495)
(358.212 0.936849 9.71509)
(327.887 -1.73713 -7.53109)
(361.873 1.30304 6.42089)
(344.802 -10.5761 17.402)
(339.227 0.943993 -17.6143)
(354.921 -0.354655 0.402955)
(343.958 -1.17677 -5.26302)
(331.129 -1.4958 -8.53048)
(328.927 -15.6338 31.3734)
(351.664 -0.555457 -7.63847)
(358.288 -2.74555 -3.70049)
(337.105 2.03899 -3.51637)
(361.452 -2.09621 -4.77498)
(347.076 1.35908 3.1935)
(341.336 -6.76717 34.4059)
(352.119 3.0806 13.2192)
(354.786 -17.8338 27.2285)
(356.599 0.00523211 0.975707)
(346.801 0.27497 -1.50736)
(350.887 -5.00609 8.08726)
(331.074 2.6723 -11.6833)
(334.43 -4.20544 -17.538)
(357.42 0.425755 19.0254)
(342.68 13.8316 -10.5663)
(336.265 -4.60862 -7.21808)
(344.638 -3.89987 1.60474)
(355.851 -0.485615 -0.9989)
(331.034 4.31679 4.76309)
(354.561 1.78313 -10.7996)
(339.208 -3.34894 -3.09174)
(336.795 11.3254 -10.7955)
(339.966 0.303762 8.67834)
(357.131 -3.76596 4.50293)
(338.407 0.0356686 -10.1933)
(346.934 0.663885 -0.866974)
(339.557 -0.747544 1.7023)
(355.571 -6.88747 8.63381)
(360.37 -5.51073 20.4928)
(360.778 -5.36599 -6.03072)
(351.132 -15.0747 11.4613)
(350.679 -7.34663 -7.76823)
(338.696 0.253842 -0.827885)
(346.929 4.17564 -35.0323)
(355.87 1.45469 -16.6632)
(349.328 -6.53247 -9.32982)
(333.754 1.16356 0.544666)
(334.887 4.60552 -7.10475)
(366.852 -3.08695 -22.1118)
(336.845 -2.5972 15.5561)
(335.2 -1.40374 -2.06765)
(378.293 -4.35857 12.5507)
(349.125 3.92372 -12.4579)
(340.273 5.06236 -12.8792)
(337.237 3.5133 13.3645)
(371.584 -2.02662 -0.952204)
(350.481 -8.51323 49.1838)
(329.959 2.51731 5.50594)
(350.778 -1.28105 -5.64647)
(346.609 -1.71909 2.35248)
(339.918 -1.04289 -7.51799)
(359.545 0.952315 -1.20293)
(323.734 7.08892 26.2222)
(349.166 -0.0237528 0.386109)
(351.619 5.68723 -5.75557)
(359.032 -7.52408 -15.8315)
(339.44 3.11965 -4.80231)
(323.513 11.4299 -8.38051)
(345.29 2.1051 20.0672)
(318.884 -6.8204 5.19972)
(338.977 0.553169 11.0738)
(341.638 -2.33565 7.32218)
(352.583 0.98995 23.8843)
(318.927 5.06601 -13.7597)
(342.096 12.7709 -19.5899)
(334.675 8.9715 -6.80541)
(343.761 -0.166839 1.99687)
(342.5 -3.76309 -11.6576)
(360.472 5.2344 -12.8086)
(341.545 -0.876775 3.05382)
(330.742 -1.6142 5.20724)
(332.501 8.17926 34.8225)
(343.831 -8.04443 6.76259)
(382.819 -0.981345 -19.82)
(333.334 -2.36446 5.11724)
(326.722 -9.7377 -20.1933)
(334.96 -11.7955 17.6741)
(375.358 -6.72436 -27.0399)
(351.64 1.51677 -1.46938)
(346.973 -1.02678 -1.08705)
(347.396 20.181 -29.5623)
(332.799 -3.06131 3.75852)
(354.924 -1.07194 -5.40362)
(354.685 -1.25361 17.1421)
(347.754 5.00226 5.51735)
(345.461 35.7705 -36.7632)
(341.859 -4.77532 -8.05971)
(347.643 4.55235 3.30817)
(345.825 -0.0203312 -1.08021)
(338.698 -11.663 -10.3671)
(345.546 1.32 9.25999)
(327.359 6.12149 15.6432)
(357.037 0.0886583 -0.0276645)
(357.418 -0.143138 0.118129)
(338.658 -7.52279 -4.90285)
(341.429 -0.243836 -0.554324)
(344.893 2.49665 -9.47998)
(361.319 2.06758 -1.31063)
(342.445 2.76783 5.3067)
(311.759 -1.93156 -17.8869)
(329.765 1.02719 -0.466818)
(359.047 2.01576 -6.39167)
(348.031 -0.917147 3.08236)
(366.264 10.7665 1.24251)
(338.089 -0.749039 -0.33534)
(351.678 -0.0227241 -6.40961)
(341.836 -0.00397943 0.987745)
(365.904 0.107977 -4.73177)
(347.408 -5.64417 -21.1213)
(277.096 -1.96205 1.28369)
(243.623 21.626 -10.5584)
(240.885 14.0935 1.87681)
(283.002 -1.69448 20.8237)
(361.905 -2.6492 4.20542)
(292.663 17.0122 2.82972)
(257.644 13.5839 15.6378)
(265.02 29.4811 16.2513)
(259.161 32.8195 2.83209)
(265.594 28.8854 -9.56005)
(300.601 7.54302 -6.65251)
(264.066 6.05428 -4.44645)
(347.42 0.234862 1.6453)
(313.149 4.65372 -2.65075)
(338.462 -5.16735 10.6671)
(303.3 -12.588 -14.9986)
(326.418 -6.48909 3.18499)
(279.551 25.9279 24.7833)
(333.886 -0.753258 2.55317)
(316.337 -14.4405 21.9581)
(336.86 2.86785 -4.28586)
(300.341 8.33505 7.90121)
(261.907 -7.92721 9.24729)
(331.282 -5.3201 -4.20046)
(333.515 0.509201 -1.0092)
(285.224 -8.20264 -25.2906)
(299.021 39.6474 33.5955)
(334.38 0.00156432 -0.151965)
(311.793 -5.53869 3.99396)
(352.733 3.49331 10.1309)
(312.8 1.56698 -2.82515)
(302.083 -0.341124 0.071227)
(304.928 11.831 -1.36823)
(327.117 -0.5633 0.598183)
(330.121 2.75372 -4.10862)
(317.531 -0.391519 -0.0545091)
(306.671 13.969 30.0667)
(310.753 6.85547 -2.33007)
(335.151 1.41648 1.54775)
(332.037 -0.492027 0.335972)
(320.961 1.0063 -2.18122)
(336.657 0.896264 0.354604)
(338.324 0.0111953 0.0206506)
(318.035 -17.0558 -3.18448)
(344.589 -1.47885 0.491086)
(284.477 37.97 27.1907)
(326.782 3.59587 4.49487)
(323.103 19.3825 -6.02089)
(342.445 6.26411 -0.659326)
(334.622 9.63936 -11.9588)
(327.253 0.489848 -0.945002)
(297.603 13.338 -16.5857)
(295.558 -0.0636888 3.343)
(310.586 10.1617 -15.3296)
(336.138 1.3925 0.524921)
(325.527 -2.5824 10.5221)
(307.601 22.1987 -18.1432)
(324.355 4.61912 -6.30021)
(341.918 0.0141322 0.00206579)
(275.128 20.9847 7.23168)
(325.734 2.95382 -0.859357)
(324.688 -0.735614 2.30102)
(298.42 1.46413 13.4927)
(336.965 0.603777 6.58331)
(327.164 0.364316 9.56151)
(329.509 0.818669 8.67441)
(367.644 0.95224 10.8454)
(342.652 -0.118854 0.00473632)
(306.891 -1.93825 -3.45343)
(335.131 -2.86794 1.49436)
(334.053 4.83504 3.29881)
(280.19 15.3844 2.59422)
(342.276 0.49046 2.47258)
(340.51 10.0779 -6.8667)
(315.298 12.6483 3.95939)
(335.607 -5.14112 -3.30899)
(334.715 1.29779 -2.47914)
(366.675 0.126092 1.10673)
(338.661 -4.39476 -1.86381)
(340.909 -7.17326 -22.1307)
(334.844 18.8082 -4.32768)
(335.159 12.231 20.6955)
(335.805 0.824313 1.78218)
(309.546 -4.40066 1.28758)
(306.435 -5.29376 -10.7035)
(339.167 -4.56131 3.92471)
(340.087 1.52992 1.30861)
(336.408 7.43459 -3.07274)
(340.215 4.99702 2.82775)
(345 0.894484 -2.74165)
(326.921 -0.334617 -0.128376)
(341.098 0.239543 1.25475)
(271.568 31.306 -1.49205)
(344.342 0.704966 0.0995373)
(349.337 3.78855 10.0779)
(339.256 -2.1381 -3.51499)
(303.669 22.9528 51.3326)
(334.977 -3.20204 -12.4593)
(353.505 -10.8276 -5.31058)
(315.2 1.15777 1.45984)
(335.755 3.24691 18.2466)
(329.265 -12.4303 -5.94949)
(350.795 -0.699823 -0.405589)
(322.792 7.41582 -17.659)
(330.231 -1.32491 -12.2163)
(351.738 9.23492 -3.43648)
(386.799 -19.7077 2.42369)
(350.795 -2.61604 -0.40031)
(333.694 0.344518 -0.554803)
(345.624 5.88391 -6.89142)
(231.537 29.2673 -7.50833)
(299.356 12.7626 -23.096)
(346.367 2.35619 0.483481)
(335.537 -3.0595 -0.363224)
(348.82 -0.102325 -1.40739)
(354.659 0.324326 0.939566)
(354.844 1.11643 -6.91206)
(318.696 -3.60719 -3.27701)
(336.88 3.18229 2.55155)
(358.383 -1.31701 -23.5681)
(346.967 -2.8246 -12.2126)
(348.237 1.18518 10.5683)
(347.715 -0.893477 2.0681)
(354.068 1.59889 3.71879)
(382.005 -3.82564 -22.3477)
(352.632 7.98971 -2.60101)
(347.685 2.18676 9.65258)
(353.882 3.42705 -7.06678)
(307.655 0.114848 0.475563)
(260.161 30.1279 1.26317)
(351.933 -1.0514 -9.60873)
(339.802 -6.73388 -24.3435)
(354.951 -0.389209 2.59834)
(362.093 6.9456 17.8051)
(333.882 5.97106 -17.8521)
(357.825 3.47691 0.470756)
(348.398 -0.4586 5.67874)
(306.728 -2.7049 2.25855)
(347.539 8.2466 -2.93403)
(347.796 -2.62453 -0.602759)
(331.173 -6.45872 -2.90596)
(347.499 -0.450983 7.87314)
(334.733 6.74895 -13.2594)
(298.28 -0.542597 14.439)
(325.834 -2.49436 2.12504)
(326.198 6.94525 11.0064)
(321.832 0.77966 -11.759)
(310.922 -2.64104 11.2019)
(360.716 -11.7381 25.2526)
(329.58 4.6544 -7.64847)
(321.395 6.78218 -12.2987)
(328.215 8.81645e-05 -0.00039419)
(322.925 19.8028 28.6729)
(334.062 2.87808 2.55268)
(316.566 5.72465 4.14961)
(335.518 -7.76998 -3.72498)
(317.066 -8.22391 -28.2062)
(335.414 5.9854 -4.71098)
(315.011 -0.135401 1.27915)
(320.552 1.98909 12.8756)
(316.783 0.627622 -2.95193)
(314.802 -6.48634 6.05487)
(323.903 7.04871 -5.845)
(315.095 -1.06346 3.65965)
(319.632 5.92535 -8.6974)
(334.295 -0.408521 -1.69794)
(322.522 5.42668 -7.90168)
(336.988 0.0980849 -9.28274)
(330.37 -0.563471 3.09358)
(329.577 4.29544 0.746329)
(302.297 15.0927 6.22839)
(329.006 11.029 -8.28905)
(312.932 -0.123531 3.91948)
(335.258 0.840243 12.9373)
(323.822 0.779303 3.71671)
(287.246 -3.84218 23.5691)
(321.15 -1.29777 16.0933)
(330.459 12.0544 11.4203)
(324.008 -4.69735 13.5404)
(324.112 1.63604 42.6511)
(318.732 1.55486 1.80638)
(322.919 -3.12743 4.96782)
(322.942 -0.450506 -10.2375)
(333.337 -2.9565 -7.19701)
(322.893 1.16764 -2.3417)
(322.891 0.235057 -2.35406)
(305.274 10.4295 -15.8311)
(322.576 12.0451 -30.3072)
(314.452 4.27402 21.8016)
(312.174 6.3832 -21.8639)
(314.296 -2.40581 -3.45791)
(323.347 4.22365 -19.8475)
(321.02 1.59199 1.11762)
(323.229 -9.02373 9.87251)
(329.446 0.285323 10.7002)
(327.211 -0.588803 -8.58718)
(324.317 -1.02014 0.948945)
(329.314 0.0568391 8.73781)
(327.129 -0.214769 -1.40983)
(326.214 -18.7402 47.5723)
(315.488 -0.0230723 1.41497)
(342.014 7.5976 -19.2222)
(310.033 -5.62444 6.07229)
(318.654 -7.86036 -12.1475)
(315.525 0.651873 2.52336)
(340.539 -1.18397 0.890759)
(297.896 0.955831 -10.0566)
(308.465 1.63608 7.05604)
(325.583 -8.53137 5.6768)
(323.201 -2.32572 -4.10763)
(325.506 8.51453 7.99775)
(318.679 -1.2108 14.2203)
(323.088 1.50193 -10.0168)
(316.172 0.250386 -1.24871)
(323.939 2.42384 -7.26603)
(337.818 -5.75302 -4.15519)
(348.746 -7.16845 9.6043)
(331.685 -1.166 16.9625)
(320.344 -14.3574 -25.7141)
(316.985 5.88895 -4.69395)
(325.282 5.42661 -13.1933)
(338.992 -10.1389 8.24494)
(354.953 -28.5141 13.5508)
(326.587 0.543301 -4.92231)
(320.05 -0.605401 -2.95052)
(323.216 -2.74204 -7.91035)
(309.373 5.01177 -10.5076)
(327.516 1.77801 -3.63043)
(316.617 -1.22503 1.0386)
(308.342 18.4832 -22.7076)
(319.885 -0.520522 1.33069)
(311.937 15.3587 29.1268)
(315.14 -7.4133 14.6075)
(322.68 -0.0913831 1.02687)
(316.407 -0.603114 -2.85361)
(351.322 14.2595 -18.062)
(330.245 1.48932 -2.52915)
(322.756 1.50686 5.96117)
(327.735 -0.0157135 0.0512978)
(318.003 -1.62483 11.5515)
(333.238 2.71106 5.1423)
(340.953 -5.2695 15.653)
(325.497 0.015938 -0.0319794)
(316.181 2.62451 8.88005)
(331.27 -0.774992 1.98859)
(315.09 0.0804181 -1.63638)
(330.367 -9.11275 -4.64345)
(319.34 -7.26351 -10.5423)
(311.678 -2.87691 11.9446)
(334.023 -0.0570559 1.77489)
(320.728 -1.37787 14.3663)
(342.283 -4.45183 19.7527)
(325.397 -0.169841 5.80194)
(314.949 -11.0092 12.5083)
(335.671 0.751435 8.32499)
(326.626 -0.544092 -4.36673)
(329.521 -1.87446 -2.16748)
(312.309 1.78516 -3.83576)
(332.731 4.99675 -7.43511)
(322.828 -0.951527 -9.43703)
(324.605 -0.324928 -1.56399)
(309.781 -0.448251 -1.72896)
(320.069 -0.444646 -5.73918)
(331.618 0.245146 -1.34)
(308.387 2.67689 -9.18962)
(328.123 1.31707 5.08412)
(315.779 -3.46544 -6.1647)
(326.007 -0.311542 0.984982)
(323.648 0.44285 -0.999902)
(330.115 -3.07348 -3.56932)
(324.218 -2.85603 -2.68216)
(318.314 -3.19984 9.57328)
(312.79 -0.580436 -3.6228)
(330.102 -0.825572 2.71979)
(358.991 2.92347 9.75012)
(324.071 8.94485 -7.77941)
(335.101 -0.893681 1.01217)
(313.055 -1.93796 2.39849)
(244.918 22.3266 12.3713)
(320.037 1.02423 4.15361)
(330.259 1.635 -18.7312)
(276.343 1.68819 -2.6233)
(295.525 11.8473 -7.94736)
(287.99 -8.58245 -4.61149)
(259.797 9.20049 -2.3429)
(297.683 14.7326 11.2387)
(286.158 4.1176 5.62196)
(272.617 -0.963802 -12.7464)
(281.497 -3.04624 -2.73466)
(311.716 1.46893 -7.38611)
(277.782 11.7892 16.9099)
(285.305 19.4736 1.28716)
(312.902 1.36812 -2.36842)
(294.016 12.5283 -3.79213)
(293.921 0.0494369 -1.1813)
(301.263 8.14259 -8.65015)
(287.888 10.4561 1.92133)
(270.548 -2.78934 -1.35252)
(319.936 4.28292 -18.1791)
(306.831 3.70374 -33.9116)
(220.136 26.4214 -9.226)
(317.726 2.72965 -20.032)
(298.989 9.02527 11.406)
(296.003 6.60479 -9.73189)
(282.608 12.6569 -36.3212)
(328.895 -0.189664 -12.1618)
(302.898 21.5536 -14.6638)
(312.552 0.237342 -0.537211)
(255.848 19.7013 -2.06842)
(320.293 -2.85472 -8.80213)
(333.354 -4.40559 21.4119)
(331.022 1.79943 -12.3235)
(293.52 -11.378 3.98115)
(255.121 12.1473 -6.91873)
(336.271 0.11859 1.1327)
(244.196 27.2986 25.2054)
(327.612 3.12818 12.1312)
(283.759 -2.50865 0.631709)
(303.997 -2.56445 10.1691)
(318.263 -3.76211 6.43666)
(319.61 1.99107 -0.963877)
(241.617 18.4844 -8.35383)
(316.904 3.60563 3.50004)
(318.913 3.26595 -2.8709)
(360.512 4.52961 -12.7742)
(257.194 19.6519 -16.0705)
(285.475 38.0788 -0.812058)
(312.726 2.76657 18.9369)
(286.886 13.7102 10.4985)
(301.834 -7.8428 1.2851)
(292.251 14.4436 23.8568)
(344.001 -23.5982 -5.12442)
(319.676 1.434 2.29581)
(299.644 -0.0827596 3.92199)
(337.987 -3.61826 -44.3428)
(326.354 11.3631 -2.0727)
(303.946 7.32185 2.18798)
(314.428 5.2636 2.52641)
(275.668 -0.456213 -4.78682)
(268.171 24.7977 17.8206)
(315.172 2.9685 1.19589)
(323.726 -2.99295 23.6098)
(304.934 7.92919 -9.21748)
(312.793 2.01569 -7.96047)
(267.614 16.8373 0.139839)
(321.065 -0.262948 -2.12969)
(308.929 3.36921 -9.75324)
(310.436 0.501205 7.33523)
(270.792 12.8865 -1.90181)
(303.231 -0.42656 -1.67917)
(309.291 2.73747 1.78739)
(314.919 0.954299 -1.43664)
(276.986 -0.966332 -2.93793)
(276.81 1.05177 -4.20579)
(319.37 25.3435 -18.981)
(271.805 3.41438 -0.30565)
(311.05 5.99329 -0.228581)
(295.124 13.0105 -2.84311)
(319.887 -8.08673 6.27667)
(315.306 6.54768 -1.4228)
(262.784 26.1782 -1.53191)
(345.544 4.65259 1.23841)
(301.296 -12.0247 10.9449)
(328.512 0.058536 -2.86663)
(331.317 -0.73259 1.11412)
(314.86 5.64806 6.58711)
(279.808 8.51466 -6.62474)
(293.384 4.37933 -0.774012)
(298.788 -2.99827 9.69956)
(307.497 4.08125 -19.5784)
(302.559 6.89455 -17.5139)
(303.186 -13.6545 -3.96761)
(330.595 1.26456 11.0251)
(307.118 -0.676159 -0.498841)
(253.499 24.7596 -24.2901)
(244.126 40.6632 -17.7075)
(336.333 -2.09541 10.774)
(271.956 21.8624 -8.92842)
(297.145 -5.24115 -0.999357)
(254.226 33.436 4.73418)
(303.369 -1.30105 -1.05283)
(313.174 -1.47795 -5.95348)
(337.703 21.8205 -19.1669)
(309.173 14.3506 10.9899)
(329.454 0.317758 1.36815)
(317.676 2.32847 1.37702)
(312.273 2.15937 -1.33639)
(323.047 0.404572 2.70804)
(314.382 -5.73343 0.342394)
(255.34 15.2591 -4.72369)
(301.244 0.877159 3.17729)
(320.915 2.07512 -1.00874)
(306.209 11.9067 16.1601)
(320.476 -0.661116 0.308159)
(227.32 24.7713 -15.5986)
(317.217 7.54983 -11.7446)
(325.636 8.31712 -10.6748)
(322.029 -1.67766 -1.55975)
(274.769 9.07135 0.305876)
(328.912 3.98725 0.307574)
(356.695 -10.0937 14.9731)
(326.983 -3.18622 9.22524)
(324.833 -1.28592 -2.7468)
(356.385 2.6551 -0.0525002)
(329.062 -20.7519 -8.00138)
(297.836 -1.22308 -1.30695)
(307.961 0.4359 8.83298)
(276.585 -0.488855 -0.960438)
(321.111 -3.05941 -6.50523)
(243.317 46.3985 10.2675)
(286.886 12.2321 21.6124)
(344.105 1.6133 -17.6764)
(319.467 1.12205 -4.10805)
(325.435 -0.409052 -0.565273)
(221.045 20.9035 9.80448)
(276.237 12.3783 -31.327)
(329.432 9.07057 5.88942)
(248.826 26.6222 -1.3504)
(323.514 1.85129 -0.455859)
(305.7 22.5731 -2.94763)
(335.464 41.7408 -1.00042)
(332.178 11.3985 18.0679)
(323.694 3.23705 4.06998)
(319.427 0.911299 13.5394)
(323.57 8.77847 -1.23642)
(282.762 -5.96692 -2.86782)
(280.728 -1.31085 7.25414)
(315.615 1.05547 5.49884)
(323.897 6.0133 1.9546)
(281.531 -5.18675 -0.105419)
(331.062 0.26949 -7.73837)
(332.084 -2.54114 -12.7862)
(301.355 13.074 -3.91716)
(271.33 13.5315 9.08258)
(319.872 -10.5312 -5.80403)
(302.59 -4.82666 -11.4389)
(309.33 18.5683 -32.1086)
(328.628 -0.0978575 -1.00856)
(304.17 -0.392379 -0.533576)
(312.525 5.06305 12.5867)
(341.599 -1.77305 5.45001)
(337.908 -4.70716 2.75166)
(300.865 -2.31259 11.9721)
(332.218 0.214507 -0.863902)
(321.898 -32.9045 5.59217)
(326.325 -0.24792 -0.0393628)
(265.192 15.0322 -8.9635)
(332.246 -0.0194001 0.0952283)
(328.689 7.52541 -19.8836)
(331.272 7.03781 0.612848)
(320.136 2.51332 35.1183)
(264.598 18.8571 3.20437)
(306.677 -1.81904 -6.93825)
(307.191 13.9985 -20.877)
(323.13 2.34319 -1.78653)
(323.098 1.9553 3.80369)
(232.286 18.8708 -18.5574)
(332.139 0.702586 -5.01168)
(322.221 4.34591 -9.62755)
(331.463 -0.254043 0.515599)
(327.182 0.675625 20.7439)
(345.249 -5.85894 -6.12941)
(305.068 6.05294 2.90154)
(337.569 1.81391 6.47058)
(307.466 0.0218498 -5.58141)
(304.301 -6.19705 -16.2549)
(295.242 9.2095 24.4616)
(309.676 1.86102 4.0429)
(311.457 18.4602 22.2411)
(289.198 -7.93844 4.71983)
(298.571 5.25213 20.3543)
(332.391 11.6261 23.5174)
(313.398 -6.22173 -11.2131)
(288.601 -1.15293 10.3545)
(301.684 -0.550314 9.82257)
(312.155 0.511915 5.04963)
(323.715 -2.75948 -6.11773)
(299.73 -1.57739 5.80355)
(301.268 -0.963691 -24.4757)
(307.721 -0.770237 3.86078)
(282.125 -0.247111 -12.2878)
(309.916 1.39572 -6.79136)
(311.963 -2.89757 -15.6994)
(297.098 1.41079 -5.30697)
(305.791 -17.6992 21.2518)
(324.3 -7.96756 3.36842)
(297.773 0.272745 -2.32976)
(310.525 -0.509962 21.979)
(286.155 9.5099 8.69128)
(292.952 5.16357 5.15824)
(287.127 -1.01361 -2.53629)
(302.099 8.00129 -6.93761)
(302.673 -4.53024 8.4174)
(297.12 -2.98745 -0.446789)
(300.631 0.244832 7.07759)
(310.773 -4.4986 -10.852)
(311.088 -0.596723 5.42659)
(304.975 -0.669238 -6.32483)
(308.953 2.10995 10.1743)
(295.695 3.37312 17.1931)
(312.094 -2.17829 8.4109)
(257.973 -0.125472 -3.56348)
(293.181 -0.655613 1.74653)
(304.773 -1.79533 5.7526)
(307.912 -6.35675 -10.7357)
(292.291 0.00938741 -2.15819)
(305.136 -0.70755 1.66026)
(297.553 -0.306906 -1.36169)
(297.172 -0.138747 0.705468)
(302.006 -5.96459 -8.23864)
(300.259 3.76689 -6.89754)
(287.433 -4.31348 -5.11423)
(294.195 -3.16602 -10.4167)
(295.019 29.2647 24.1249)
(300.954 3.7776 -3.08108)
(317.341 -0.112443 1.57768)
(300.473 2.85754 -16.1834)
(306.057 10.4288 -9.57892)
(296.014 -1.43869 -3.14185)
(305.504 -0.1517 0.459855)
(307.897 -0.0359185 0.537984)
(304.465 -0.104652 -4.3649)
(281.744 6.93783 21.9876)
(294.142 0.0697629 -0.338424)
(296.161 1.97581 12.0894)
(289.68 2.48671 6.41354)
(290.028 -7.14981 -9.69742)
(309.967 0.227305 -0.920327)
(300.417 0.838926 -3.78988)
(317.156 -3.08945 2.35514)
(306.86 -5.37015 -1.72822)
(297.936 4.75534 1.21794)
(293.335 -1.06864 -5.73375)
(295.209 2.64137 4.18777)
(300.619 0.486618 1.72768)
(295.548 0.271989 -9.09926)
(296.084 -0.0997571 1.06248)
(307.027 2.27601 0.806656)
(306.239 -0.53712 -8.85141)
(299.017 0.892734 15.4683)
(303.855 -4.07532 19.0572)
(286.752 4.01983 -12.0031)
(303.682 1.48478 1.25783)
(320.144 -4.8678 -12.1107)
(298.516 2.682 5.49619)
(298.424 6.73325 -2.37145)
(298.254 5.50473 11.674)
(295.186 -5.61554 12.0934)
(301.213 -1.1957 -17.9121)
(314.96 1.81981 33.2076)
(303.031 0.832245 7.56422)
(297.72 0.66712 9.55618)
(305.661 -1.65269 4.34047)
(304.876 0.349232 3.4907)
(298.091 2.51619 5.683)
(301.237 0.011215 -0.762957)
(308.809 0.531439 -14.8287)
(282.148 0.27009 -4.38967)
(298.835 0.0586032 -0.327957)
(282.284 -0.463707 -2.91366)
(309.958 4.19374 7.43677)
(312.839 -0.0922023 -1.80274)
(290.047 11.0136 21.7347)
(308.827 -1.92026 2.20949)
(307.944 1.82337 -4.49171)
(299.723 -0.0431891 -0.736041)
(297.601 -1.55967 4.25817)
(312.003 0.752677 1.65293)
(289.53 -1.35739 -4.76591)
(307.29 0.0497572 0.924964)
(310.318 -0.220097 1.52991)
(279.322 2.88322 17.9448)
(322.664 3.03926 29.9353)
(301.9 1.31435 -11.3944)
(305.734 2.79672 10.8659)
(303.374 1.93807 -1.25157)
(310.742 -1.23768 -6.95041)
(302.549 0.1564 -1.55411)
(301.459 -0.0187976 0.0297816)
(301.857 -2.19586 5.0453)
(298.8 -3.08703 15.0035)
(297.437 0.08729 -0.846385)
(294.596 -2.02227 9.83188)
(306.541 -1.1157 8.00657)
(312.259 4.61212 3.93265)
(304.32 -0.00684143 0.33015)
(296.739 2.82158 -25.7697)
(288.083 -1.91303 7.61399)
(311.183 1.81167 7.89972)
(288.949 -0.327139 2.25865)
(306.77 0.8456 1.22772)
(303.512 -0.222227 -0.819966)
(287.105 -8.49666 3.65912)
(301.975 -0.0614613 -0.416229)
(227.161 14.9903 12.4838)
(245.895 22.2702 15.7894)
(239.603 6.00377 -4.15218)
(248.309 17.4152 -6.78477)
(291.255 6.858 4.18608)
(308.481 -1.08158 4.36819)
(282.021 4.29905 5.80639)
(278.052 -2.05602 4.13306)
(264.003 4.38384 -1.29197)
(292.776 3.65031 -1.5785)
(239.636 12.5965 3.12236)
(266.733 18.9791 35.5371)
(246.095 19.4598 0.792752)
(306.558 -2.31676 -9.05128)
(267.858 2.45969 9.23281)
(299.312 -0.484636 6.8491)
(285.702 -0.0580178 4.01184)
(239.047 23.7902 -10.7547)
(288.046 5.03362 -1.77238)
(283.985 0.163686 -2.78197)
(292.101 -6.56443 -3.97349)
(290.426 -2.76465 -1.32774)
(288.848 -0.0674933 -4.97465)
(258.845 4.31898 2.78285)
(287.595 0.842236 -1.14955)
(275.126 -0.26152 -0.125228)
(248.322 37.4467 2.55818)
(246.651 24.4691 -8.9264)
(284.878 2.32251 -6.22543)
(258.841 8.78442 -10.2377)
(290.606 0.0746237 -2.11656)
(251.579 18.5566 5.09408)
(210.014 28.8239 2.4255)
(260.714 3.4043 4.65363)
(276.02 21.0557 -0.993637)
(282.986 0.686975 -14.6364)
(276.539 6.88904 -8.0521)
(273.931 0.191863 -2.28941)
(286.6 0.793982 -4.63291)
(287.194 -3.11792 4.97856)
(281.181 1.165 4.6052)
(275.686 -1.09346 -5.96585)
(265.362 6.79566 2.62202)
(284.083 4.91753 3.39073)
(291.465 0.318163 -0.222021)
(311.695 6.5703 -18.0177)
(247.951 32.4344 2.21724)
(280.354 -2.79151 11.1193)
(294.914 -1.93333 1.3059)
(266.913 14.7537 -3.25494)
(272.067 -5.25155 8.41804)
(296.587 1.44037 -7.37412)
(277.33 9.6148 9.32196)
(285.054 7.67796 4.37658)
(290.882 -0.374232 -1.65802)
(301.85 2.33872 8.25523)
(242.28 19.5954 -12.4787)
(295.936 0.478501 -4.55799)
(266.376 19.0391 -2.8342)
(280.192 0.145571 5.85888)
(287.781 4.06855 -37.0367)
(264.11 4.6495 8.69469)
(283.541 10.5829 -9.16235)
(277.632 6.66384 -2.36388)
(294.504 -0.0798358 -0.597891)
(299.455 -1.04445 -1.65781)
(290.614 6.85572 -1.48038)
(276.129 -2.40622 7.90026)
(290.638 1.01602 -4.51612)
(294.305 -0.782361 1.32845)
(278.451 10.435 2.57822)
(280.971 1.19176 -5.23046)
(297.488 2.17143 -3.34268)
(283.654 -2.22687 -6.28228)
(309.296 0.549594 -3.5106)
(288.911 1.59761 18.0217)
(294.907 1.79134 1.13538)
(292.695 2.2295 -1.06561)
(307.671 4.12989 -17.746)
(278.218 18.7639 -12.7451)
(277.527 5.26592 -2.25438)
(256.57 8.41526 10.6337)
(294.873 6.11967 1.96822)
(318.028 3.50958 10.4637)
(262.959 23.1124 -20.3171)
(273.659 2.66344 8.14687)
(251.406 16.4642 12.5886)
(276.975 10.7795 6.36827)
(276.138 6.9956 0.0618621)
(293.238 -6.84161 25.9341)
(295.354 1.73815 -0.832872)
(276.738 -4.27763 10.8011)
(297.603 18.2737 -16.0357)
(282.665 -6.92346 1.13662)
(298.124 -2.11963 9.10272)
(264.073 4.69002 -7.83736)
(295.21 0.184152 6.56485)
(269.572 20.402 13.5357)
(295.196 -1.20058 -11.8454)
(265.527 3.63674 -1.8621)
(305.052 -4.28264 3.40443)
(300.544 -27.0722 -1.33258)
(292.177 -4.25175 -2.38278)
(289.611 2.51392 1.48074)
(280.369 7.93211 1.54063)
(283.051 -2.07703 -2.9875)
(295.458 1.49791 -0.166169)
(284.048 1.85274 8.37161)
(310.279 11.3983 -2.36736)
(281.208 6.25299 2.32078)
(296.757 0.0443167 0.466697)
(263.474 12.8857 10.6903)
(278.877 -5.90205 -5.82026)
(297.934 0.841017 -3.0168)
(294.223 -13.0067 8.21648)
(295.045 1.17851 10.0437)
(296.715 0.936754 -0.597232)
(321.66 -0.529207 13.9678)
(285.57 3.65962 -19.8083)
(302.52 17.2729 7.942)
(285.124 -5.86575 6.34415)
(261.737 9.44295 -2.33894)
(299.743 0.187061 -1.85735)
(292.637 2.00944 1.18419)
(270.382 25.2287 -18.9154)
(297.672 1.31001 -1.61367)
(287.536 6.48744 5.24419)
(276.954 1.41351 -10.2221)
(253.087 20.5828 14.5504)
(239.423 13.2516 2.19216)
(281.106 7.3025 -0.821201)
(271.387 40.9763 -0.981055)
(281.03 12.5753 -29.3519)
(278.026 -0.911404 0.489667)
(233.163 19.4855 -33.5753)
(298.337 0.0578044 0.608406)
(281.094 -1.57903 -6.09578)
(247.039 20.7023 -1.21698)
(300.633 -7.63757 -40.0068)
(297.081 -2.66845 0.367973)
(267.061 -9.50954 -11.4841)
(299.805 6.21411 8.56514)
(289.678 -0.0673432 -0.165017)
(298.929 0.907678 -0.971955)
(274.701 -7.36924 -22.857)
(290.639 7.79335 0.620243)
(283.113 -2.40904 1.05583)
(279.599 -1.64071 0.446762)
(268.4 3.53396 10.788)
(296.966 3.80101 -3.33172)
(238.954 25.26 -17.1782)
(280.757 -5.20771 -3.98248)
(287.444 -1.95822 -1.40242)
(234.721 26.7289 14.6107)
(303.831 4.43494 13.075)
(286.013 10.0389 6.48385)
(278.87 -0.0304566 -0.163339)
(296.04 0.0894875 -3.0329)
(295.77 1.84249 14.1325)
(288.283 8.3184 3.09357)
(298.659 1.32856 0.150925)
(291.759 3.09341 -2.69547)
(299.435 3.25181 -17.6911)
(308.969 7.523 -0.860152)
(320.333 -6.47125 -13.9883)
(297.614 -0.674365 0.0366409)
(284.129 -14.4645 20.9397)
(299.312 -5.9684 -5.66225)
(287.61 -0.156449 -15.6926)
(233.389 28.7632 15.7245)
(287.108 -5.87562 -17.1304)
(302.996 -6.99698 -7.27497)
(262.251 0.600391 18.6365)
(277.122 15.9708 -27.5209)
(305.512 9.97176 -5.37832)
(303.191 0.465608 -0.115466)
(287.302 -0.261047 8.86778)
(257.228 23.9874 -12.0973)
(242.845 26.5062 -1.25326)
(287.736 36.1285 -0.863314)
(297.771 6.96645 4.25425)
(298.924 8.96966 5.17745)
(301.651 1.00081 -3.58455)
(304.549 2.2498 -16.7877)
(288.807 2.99749 8.73966)
(283.546 8.80017 3.54444)
(300.18 -6.37119 -3.35506)
(217.795 22.657 1.90623)
(287.608 3.73338 4.46795)
(280.5 0.829732 9.71975)
(297.586 -1.94076 23.7256)
(246.938 16.2024 -5.69917)
(305 5.36306 12.3376)
(292.477 0.229343 -3.37855)
(262.642 24.7974 16.4868)
(248.063 31.2342 -4.48168)
(303.22 2.54973 8.0913)
(290.798 0.110947 -21.4455)
(254.658 19.7885 -2.58474)
(305.605 -20.0478 20.1394)
(245.986 23.3046 1.79779)
(310.932 3.41508 2.66606)
(247.522 31.2566 -22.1293)
(260.303 23.3817 19.0472)
(304.874 0.367252 10.5232)
(304.243 8.25421 -1.7999)
(301.1 -0.909343 0.049057)
(291.076 -2.1619 0.580845)
(262.728 14.9369 -5.77918)
(291.703 1.05548 4.8192)
(279.643 -1.85611 11.2568)
(296.973 -3.87845 6.81474)
(297.814 15.8949 -3.28828)
(292.144 -1.99408 -7.02666)
(291.623 0.636278 7.65733)
(242.132 14.1103 12.0472)
(288.328 3.38469 -3.30909)
(266.232 3.20633 0.633691)
(285.356 5.6345 -2.41809)
(293.644 2.4646 -12.3702)
(291.747 8.02903 -11.6711)
(248.311 24.4155 1.66835)
(245.5 17.095 9.29092)
(284.426 -4.25807 6.31447)
(287.858 -1.13467 -4.42455)
(296.165 0.77988 -3.45391)
(294.838 9.74925 2.59599)
(306.279 0.630719 -0.156255)
(313.683 16.1237 10.9872)
(222.143 30.3069 0.0708242)
(237.817 17.1519 -16.7344)
(297.368 6.84593 -5.41096)
(277.801 0.543567 -0.939726)
(272.925 34.6353 -4.9361)
(260.606 18.4523 -9.73239)
(300.368 3.99172 11.7585)
(300.548 0.917374 -4.27733)
(300.106 3.54771 2.03869)
(263.683 13.496 -4.71676)
(252.147 23.5943 -1.71518)
(241.849 16.537 -7.68727)
(244.474 17.4003 -1.83733)
(224.44 42.5831 23.2836)
(306.198 1.21143 1.38006)
(281.398 24.7735 11.416)
(295.859 -0.724813 7.27305)
(310.388 -1.59664 -2.5361)
(276.358 21.3885 14.5261)
(285.112 -0.397082 -6.2488)
(260.892 9.8407 7.3313)
(304.222 0.301491 -0.21989)
(306.759 -3.53303 -2.9412)
(313.596 2.35847 -17.7322)
(310.582 1.29065 -2.8011)
(303.767 -0.023088 0.0240686)
(256.685 21.2122 -21.7787)
(284.195 7.47623 2.2901)
(287.535 4.24396 -18.0894)
(329.761 -0.863655 4.88395)
(306.977 -3.98879 -16.1106)
(306.165 -0.0697846 -0.472726)
(295.843 0.624682 -2.74066)
(263.029 -0.109729 -0.855271)
(272.217 23.5039 3.54123)
(275.255 24.0891 26.3471)
(305.481 -0.0209603 -0.0255491)
(304.116 0.247744 -0.0330812)
(268.226 21.1975 -0.10155)
(270.942 6.67445 -2.51971)
(267.909 6.65718 -2.97315)
(245.358 26.2158 -4.8066)
(301.357 -3.62945 3.77525)
(303.999 2.16151 -2.59094)
(309.729 3.50145 0.405267)
(299.124 0.196152 9.00714)
(309.799 0.150327 4.80894)
(272.943 9.36581 -6.49187)
(312.44 8.5939 5.46099)
(306.367 -0.077971 -1.58102)
(286.253 11.3114 -13.6042)
(305.72 1.64716 1.87198)
(306.011 -0.0171962 -0.0145576)
(281.687 12.6011 7.24106)
(302.726 4.44706 -4.81225)
(297.463 -4.39413 -1.45003)
(297.647 -3.5852 1.08498)
(298.368 3.3019 1.7288)
(306.275 4.17264 -3.5647)
(303.427 11.3594 -2.47518)
(278.784 -2.26726 13.7006)
(296.887 7.8157 9.66172)
(243.169 31.2418 -1.622)
(295.131 1.20509 5.51663)
(317.594 -10.8382 16.9084)
(295.667 13.4262 1.8372)
(305.026 -0.339147 -7.29389)
(325.327 -9.67081 6.93113)
(305.818 1.31268 1.89761)
(281.269 9.80572 3.44742)
(306.99 7.26913 2.95492)
(307.062 -0.417367 0.362465)
(315.249 3.33735 32.0127)
(306.592 -6.61094 -5.55266)
(290.767 -3.62257 -5.47904)
(304.663 -4.27711 5.1533)
(289.89 1.27943 -9.68092)
(288.199 1.67932 -1.81535)
(259.697 29.0246 6.76577)
(301.128 6.28565 -2.56736)
(317.968 6.68869 12.5798)
(269.011 23.3391 10.862)
(286.848 -0.721635 1.31138)
(308.617 -0.0649414 0.0454298)
(254.4 19.4669 13.5415)
(273.637 0.0812423 -0.2147)
(294.661 17.3121 32.2428)
(300.71 8.8943 -1.54338)
(316.869 -9.21968 -15.4624)
(258.335 17.935 12.0657)
(296.747 9.59635 -1.86479)
(300.772 8.71569 -12.9066)
(246.997 19.7494 -1.16116)
(252.347 12.5126 4.13539)
(320.804 -0.453894 7.99906)
(310.972 2.11316 -0.836503)
(253.533 15.4308 -14.8154)
(319.12 -4.93728 -3.99834)
(275.84 5.07763 2.60785)
(309.172 1.91942 0.746892)
(325.253 3.40565 20.9483)
(339.39 5.83875 -7.70713)
(307.101 7.1854 7.08332)
(298.563 9.75525 -3.91803)
(314.331 -0.825941 0.390757)
(308.162 -1.10301 8.17024)
(225.88 21.9877 14.8607)
(262.773 3.9209 0.774836)
(311.949 -2.27959 9.75499)
(285.965 12.8232 -23.4835)
(276.787 4.10071 15.8981)
(249.503 24.0346 -1.21846)
(287.794 1.68451 -6.04786)
(317.757 -7.89774 4.98073)
(312.969 -6.37515 8.31049)
(276.563 -0.00535329 -2.11658)
(251.456 22.2056 12.1443)
(294.987 7.63432 24.6292)
(318.904 12.3645 0.349295)
(293.951 0.0230384 -0.523495)
(322.171 0.698727 -5.41289)
(308.614 -3.88831 14.5122)
(305.268 -0.0124185 -0.012018)
(310.747 5.71193 -2.03867)
(299.461 5.72196 -5.31343)
(266.487 19.7169 13.6613)
(311.945 1.2645 -0.140467)
(258.377 30.1663 -15.2139)
(315.123 5.58648 5.62063)
(317.271 -8.3985 -8.17504)
(318.445 -8.45253 49.2839)
(281.996 -0.140251 -18.1729)
(289.893 7.379 -3.78799)
(276.893 0.621283 -6.75005)
(254.018 29.1833 -0.22071)
(301.806 -5.02775 5.40666)
(303.088 8.81068 -11.3548)
(306.327 -3.35867 1.7372)
(280.676 8.09163 -9.45058)
(299.379 11.2469 1.86717)
(320.945 5.74009 -2.97946)
(314.436 5.21899 7.21766)
(297.211 -7.2847 -8.69681)
(322.26 -7.98503 1.90203)
(306.179 13.4442 -17.9829)
(307.873 1.51846 -0.127951)
)


// ************************************************************************* //
