/*--------------------------------*- C++ -*----------------------------------*\
  =========                 |
  \\      /  F ield         | OpenFOAM: The Open Source CFD Toolbox
   \\    /   O peration     | Website:  https://openfoam.org
    \\  /    A nd           | Version:  7
     \\/     M anipulation  |
\*---------------------------------------------------------------------------*/
FoamFile
{
    version     2.0;
    format      ascii;
    class       scalarField;
    location    "0.1075/lagrangian/reactingCloud1";
    object      d;
}
// * * * * * * * * * * * * * * * * * * * * * * * * * * * * * * * * * * * * * //


316
(
2e-07
2e-07
2e-07
2e-07
2e-07
2e-07
2e-07
2e-07
2e-07
2e-07
2e-07
2e-07
2e-07
2e-07
2e-07
2e-07
2e-07
2e-07
2e-07
2e-07
2e-07
2e-07
2e-07
2e-07
2e-07
2e-07
2e-07
2e-07
2e-07
2e-07
2e-07
2e-07
2e-07
2e-07
2e-07
2e-07
2e-07
2e-07
2e-07
2e-07
2e-07
2e-07
2e-07
2e-07
2e-07
2e-07
2e-07
2e-07
2e-07
2e-07
2e-07
2e-07
2e-07
2e-07
2e-07
2e-07
2e-07
2e-07
2e-07
2e-07
2e-07
2e-07
2e-07
2e-07
2e-07
2e-07
2e-07
2e-07
2e-07
2e-07
2e-07
2e-07
2e-07
2e-07
2e-07
2e-07
2e-07
2e-07
2e-07
2e-07
2e-07
2e-07
2e-07
2e-07
2e-07
2e-07
2e-07
2e-07
2e-07
2e-07
2e-07
2e-07
2e-07
2e-07
2e-07
2e-07
2e-07
2e-07
2e-07
2e-07
2e-07
2e-07
2e-07
2e-07
2e-07
2e-07
2e-07
2e-07
2e-07
2e-07
2e-07
2e-07
2e-07
2e-07
2e-07
2e-07
2e-07
2e-07
2e-07
2e-07
2e-07
2e-07
2e-07
2e-07
2e-07
2e-07
2e-07
2e-07
2e-07
2e-07
2e-07
2e-07
2e-07
2e-07
2e-07
2e-07
2e-07
2e-07
2e-07
2e-07
2e-07
2e-07
2e-07
2e-07
2e-07
2e-07
2e-07
2e-07
2e-07
2e-07
2e-07
2e-07
2e-07
2e-07
2e-07
2e-07
2e-07
2e-07
2e-07
2e-07
2e-07
2e-07
2e-07
2e-07
2e-07
2e-07
2e-07
2e-07
2e-07
2e-07
2e-07
2e-07
2e-07
2e-07
2e-07
2e-07
2e-07
2e-07
2e-07
2e-07
2e-07
2e-07
2e-07
2e-07
2e-07
2e-07
2e-07
2e-07
2e-07
2e-07
2e-07
2e-07
2e-07
2e-07
2e-07
2e-07
2e-07
2e-07
2e-07
2e-07
2e-07
2e-07
2e-07
2e-07
2e-07
2e-07
2e-07
2e-07
2e-07
2e-07
2e-07
2e-07
2e-07
2e-07
2e-07
2e-07
2e-07
2e-07
2e-07
2e-07
2e-07
2e-07
2e-07
2e-07
2e-07
2e-07
2e-07
2e-07
2e-07
2e-07
2e-07
2e-07
2e-07
2e-07
2e-07
2e-07
2e-07
2e-07
2e-07
2e-07
2e-07
2e-07
2e-07
2e-07
2e-07
2e-07
2e-07
2e-07
2e-07
2e-07
2e-07
2e-07
2e-07
2e-07
2e-07
2e-07
2e-07
2e-07
2e-07
2e-07
2e-07
6.4443e-07
2e-07
2e-07
2e-07
2e-07
2e-07
2e-07
2e-07
2e-07
2e-07
2e-07
2e-07
2e-07
2e-07
2e-07
2e-07
2e-07
2e-07
2e-07
2e-07
2e-07
2e-07
2e-07
2e-07
2e-07
2e-07
2e-07
2e-07
2e-07
2e-07
2e-07
2e-07
2e-07
2e-07
2e-07
2e-07
2e-07
2e-07
2e-07
2e-07
2e-07
2e-07
2e-07
2e-07
2e-07
2e-07
2e-07
2e-07
2e-07
2e-07
2e-07
2e-07
2e-07
2e-07
2e-07
)


// ************************************************************************* //
