381.963
422.431
507.176
503.169
505.547
498.265
435.56
506.087
438.769
500.43
501.037
506.388
507.015
506.651
507.481
451.041
495.248
505.565
507.555
503.413
416.859
505.966
507.594
503.782
485.677
504.124
506.477
461.993
487.177
507.709
506.477
507.705
505.011
506.91
471.213
505.744
473.225
502.206
507.995
502.98
503.369
506.382
495.88
496.645
508.199
507.812
508.171
482.942
498.659
459.227
487.557
462.761
501.438
506.404
508.326
507.124
467.391
591.079
592.711
593.943
588.475
592.342
593.69
593.161
591.211
591.769
591.649
592.289
590.496
590.263
591.34
590.124
590.22
589.575
589.554
589.224
589.342
588.607
588.102
588.655
588.303
587.997
587.997
588.3
586.903
586.505
586.768
586.372
586.28
585.932
587.472
587.457
586.338
586
586.333
586.788
586.96
586.713
586.454
586.529
586.259
586.94
586.792
586.393
586.526
586.762
586.484
586.429
586.67
586.672
586.535
586.494
586.496
586.56
586.534
586.596
586.53
586.537
586.562
586.58
586.545
586.552
586.575
586.554
586.561
586.662
586.561
586.562
597.788
594.785
595.341
594.745
594.411
595.341
591.952
593.199
594.855
595.833
593.022
593.91
593.022
594.535
594.638
593.082
596.09
596.221
593.767
594.839
594.934
596.633
595.024
593.149
597.889
593.323
595.8
593.85
593.195
592.845
594.168
593.198
594.462
597.88
593.68
594.456
595.796
593.449
595.796
593.84
592.651
592.499
595.152
593.102
596.468
593.199
594.889
594.013
595.271
595.271
593.411
593.239
591.735
595.643
593.108
591.86
591.402
541.752
544.114
551.318
549.128
546.544
551.464
551.336
552.472
560.571
555.004
555.559
576.029
562.709
575.509
575.198
571.923
573.352
576.396
574.708
589.643
582.994
577.961
582.471
582.471
581.251
583.813
582.693
583.06
593.056
584.727
586.772
588.563
588.156
589.341
590.881
594.781
591.694
589.194
592.611
591.543
592.922
589.358
590.186
589.604
592.644
591.79
593.542
590.644
593.18
591.33
590.786
591.409
593.366
509.572
471.431
510.996
495.374
509.34
505.946
497.088
477.66
511.081
512.855
497.985
513.454
512.432
513.568
511.741
514.094
513.561
499.885
450.704
487.349
517.472
490.52
519.441
366.373
520.472
521.528
523.544
521.312
525.872
526.996
529.297
520.756
502.438
437.405
532.451
539.131
540.737
505.036
505.036
498.689
503.474
503.817
506.506
477.515
506.566
481.835
495.591
505.993
483.809
430.394
483.809
505.14
502.877
506.543
468.578
503.656
506.907
440.272
506.889
499.938
499.938
506.889
491.907
446.69
475.971
506.989
504.866
507.078
494.382
504.866
449.825
452.893
506.997
480.313
452.893
482.303
506.417
506.867