/*--------------------------------*- C++ -*----------------------------------*\
  =========                 |
  \\      /  F ield         | OpenFOAM: The Open Source CFD Toolbox
   \\    /   O peration     | Website:  https://openfoam.org
    \\  /    A nd           | Version:  7
     \\/     M anipulation  |
\*---------------------------------------------------------------------------*/
FoamFile
{
    version     2.0;
    format      ascii;
    class       vectorField;
    location    "0.7/lagrangian/reactingCloud1";
    object      coordinates;
}
// * * * * * * * * * * * * * * * * * * * * * * * * * * * * * * * * * * * * * //


2453
(
(-1.0558 0.297928 1.0842e-19)
(-1.07677 0.181098 0)
(-1.08391 0.29513 0)
(-1.09201 0.386334 1.0842e-19)
(-1.1095 0.344256 5.42101e-20)
(-1.19238 0.361182 2.1684e-19)
(-1.14957 0.14833 0)
(-1.15323 0.359192 2.1684e-19)
(-1.15895 0.29352 -2.1684e-19)
(-1.2564 0.383843 2.1684e-19)
(-1.19082 0.368996 -1.0842e-19)
(-1.21141 0.0961761 0)
(-1.2222 0.260853 -1.0842e-19)
(-1.24211 0.19602 -1.05032e-19)
(-1.25366 0.293328 2.03288e-20)
(-1.26942 0.245926 5.42101e-20)
(-1.28958 0.203721 -5.42101e-20)
(-1.30727 0.0620599 0)
(-1.32049 0.199224 0)
(-1.33372 0.260683 -5.42101e-20)
(-1.3506 0.330213 1.0842e-19)
(-1.36823 0.178462 0)
(-1.38177 0.370519 -2.1684e-19)
(-1.39996 0.257541 1.49078e-19)
(-1.41621 0.373011 1.69407e-21)
(-1.41847 0.378073 0)
(-1.43181 0.271912 -1.0842e-19)
(-1.44843 0.126963 0)
(-1.47528 0.38149 0)
(-1.48176 0.212971 0)
(-1.49619 0.289949 -2.1684e-19)
(-1.51037 0.303172 1.0842e-19)
(-1.52756 0.296613 0)
(-1.54331 0.240781 -1.0842e-19)
(-1.56179 0.341512 5.42101e-20)
(-1.57601 0.366482 0)
(-1.59324 0.287828 9.48677e-20)
(-1.60722 0.204455 1.0842e-19)
(-1.62532 0.301626 0)
(-1.64147 0.328044 -1.6263e-19)
(-1.65694 0.215807 2.1684e-19)
(-1.67442 0.313923 1.0842e-19)
(-0.872346 0.464148 1.0842e-19)
(-0.917072 0.458382 -2.03288e-19)
(-0.561076 0.462998 0)
(-0.368473 0.401838 -5.42101e-20)
(-0.354699 0.379106 2.71051e-20)
(-0.322097 0.350166 1.0842e-19)
(-0.334059 0.305255 -1.0842e-19)
(-0.324729 0.190606 0)
(-0.386978 0.314798 -1.0842e-19)
(-0.324114 0.11314 -1.35525e-20)
(-0.370779 0.206827 1.0842e-19)
(-0.441183 0.380283 0)
(-0.425909 0.325378 -1.0842e-19)
(-0.45693 0.378135 0)
(-0.49268 0.40564 -1.6263e-19)
(-0.430663 0.174729 0)
(-0.525157 0.421786 -1.0842e-19)
(-0.490709 0.352442 -4.33681e-19)
(-0.535251 0.405275 -2.1684e-19)
(-0.484004 0.193175 0)
(-0.539761 0.37833 1.0842e-19)
(-0.53801 0.321435 1.0842e-19)
(-0.539739 0.259032 -5.42101e-20)
(-0.578047 0.367838 5.42101e-20)
(-0.534081 0.0390568 -6.77626e-21)
(-0.652888 0.439885 0)
(-0.582354 0.219363 1.0842e-19)
(-0.618497 0.399474 0)
(-0.603356 0.18721 -2.71051e-20)
(-0.627656 0.330739 0)
(-0.622571 0.13877 0)
(-0.659425 0.34024 -2.1684e-19)
(-0.790964 0.450735 0)
(-0.673414 0.352536 0)
(-0.70081 0.428535 -2.1684e-19)
(-0.709634 0.385803 -2.71051e-20)
(-0.681859 0.0773148 0)
(-0.711209 0.269336 2.71051e-20)
(-0.725176 0.340327 1.0842e-19)
(-0.736557 0.34025 -2.1684e-19)
(-0.743406 0.233581 0)
(-0.756695 0.249122 0)
(-0.772259 0.404456 0)
(-0.77795 0.184524 2.71051e-20)
(-0.796224 0.373511 -1.6263e-19)
(-0.815728 0.329533 0)
(-0.835655 0.179 1.0842e-19)
(-0.825371 0.163442 0)
(-0.990224 0.439112 2.1684e-19)
(-0.862354 0.287892 2.1684e-19)
(-0.874412 0.364728 8.13152e-20)
(-0.888131 0.387247 2.1684e-19)
(-0.898018 0.244097 5.42101e-20)
(-0.922065 0.40461 2.1684e-19)
(-0.912734 0.113087 0)
(-0.935591 0.3233 1.0842e-19)
(-0.954967 0.403766 -2.1684e-19)
(-0.959597 0.418572 3.25261e-19)
(-0.972931 0.420875 0)
(-0.962001 0.311828 -2.71051e-19)
(-0.976294 0.274708 2.71051e-20)
(-0.994573 0.0498638 -1.46113e-20)
(-1.00308 0.255308 0)
(-1.01312 0.316118 -6.77626e-21)
(-1.02477 0.398054 0)
(-1.02141 0.1462 -1.0842e-19)
(-1.04697 0.176256 0)
(0.134865 0.101731 -2.71051e-20)
(0.111089 0.242693 1.0842e-19)
(0.0696226 0.106152 -2.71051e-20)
(0.0239197 0.258605 1.0842e-19)
(-0.00203366 0.262058 2.71051e-20)
(-0.0145731 0.236189 0)
(-0.0345215 0.151899 0)
(-0.0203131 0.0575825 -1.35525e-20)
(-0.0547538 0.211874 -8.13152e-20)
(-0.0801192 0.262799 -1.0842e-19)
(-0.124509 0.2285 -1.0842e-19)
(-0.13631 0.280485 0)
(-0.161546 0.197422 -2.71051e-20)
(-0.174955 0.255066 0)
(-0.211937 0.263211 0)
(-0.224991 0.220002 -1.6263e-19)
(-0.25917 0.120181 5.42101e-20)
(-0.2644 0.23669 -5.42101e-20)
(-0.266674 0.202496 0)
(-0.284346 0.344908 2.1684e-19)
(-0.300784 0.162954 0)
(0.508586 0.0895348 -5.42101e-20)
(0.502048 0.252235 -1.0842e-19)
(0.501709 0.197185 1.0842e-19)
(0.431472 0.274386 0)
(0.488491 0.153642 0)
(0.458684 0.191791 0)
(0.444637 0.254842 1.0842e-19)
(0.387365 0.0937026 -6.09864e-20)
(0.369322 0.0490499 -1.01644e-20)
(0.313183 0.264634 0)
(0.290271 0.209201 5.42101e-20)
(0.273835 0.22711 5.42101e-20)
(0.159925 0.216094 9.48677e-20)
(1.2274 0.256945 -2.71051e-20)
(1.22979 0.127936 -1.35525e-20)
(1.09118 0.163549 0)
(1.08163 0.235707 0)
(0.990996 0.167594 1.35525e-20)
(0.982658 0.20871 2.71051e-20)
(0.941479 0.249901 1.0842e-19)
(0.83196 0.191757 -5.42101e-20)
(0.782762 0.0634384 -2.71051e-20)
(0.793811 0.239306 1.18585e-20)
(0.78685 0.198343 -1.0842e-19)
(0.780708 0.125164 0)
(0.704182 0.115836 -5.42101e-20)
(0.613491 0.153473 5.42101e-20)
(2.12112 0.264393 0)
(2.02153 0.210516 -1.0842e-19)
(1.90368 0.08721 2.71051e-20)
(1.88026 0.208014 0)
(1.87562 0.0672527 -2.71051e-20)
(1.83588 0.0559925 0)
(1.73414 0.243055 -5.42101e-20)
(1.64102 0.247807 0)
(1.56972 0.213339 0)
(1.55548 0.0741238 0)
(1.47493 0.185315 2.71051e-20)
(1.42064 0.0635297 2.71051e-20)
(1.41009 0.248429 -5.42101e-20)
(1.38541 0.243027 -5.42101e-20)
(1.37317 0.203245 0)
(1.27425 0.250647 5.42101e-20)
(1.24503 0.313843 1.0842e-19)
(2.90221 -2.11135e-33 1.84254e-35)
(3.39012 0.280734 0)
(3.37695 0.127474 -1.35525e-20)
(3.21876 0.2595 0)
(3.24926 0.121347 0)
(3.22776 0.207058 0)
(3.06789 0.248452 0)
(3.09354 0.227442 -1.0842e-19)
(3.11534 0.207874 5.42101e-20)
(3.03567 0.203937 -4.06576e-20)
(2.99735 0.18954 5.42101e-20)
(2.96615 0.219159 0)
(2.92112 0.20617 0)
(2.88846 0.127357 6.77626e-21)
(2.87862 0.158528 5.42101e-20)
(2.85101 0.191662 0)
(2.60537 0.0343309 -6.77626e-21)
(2.60828 0.181837 2.71051e-20)
(2.59757 0.213003 0)
(2.55578 0.215305 0)
(2.53993 0.0673665 -2.71051e-20)
(2.51651 0.240357 1.6263e-19)
(2.46581 0.109576 0)
(2.40573 0.126835 -2.71051e-20)
(2.35409 0.231018 -5.42101e-20)
(2.22785 0.207185 -1.0842e-19)
(2.19041 0.269409 -1.0842e-19)
(2.19841 0.186818 0)
(2.18489 0.157197 -2.71051e-20)
(2.17741 0.248677 -1.35525e-20)
(2.16755 0.13905 0)
(2.14933 0.199052 1.35525e-20)
(5.23963 0.20457 -2.1684e-19)
(5.09882 0.147686 5.42101e-20)
(4.95458 0.218456 0)
(4.9648 0.169675 0)
(4.94878 0.146146 -5.42101e-20)
(4.94035 0.113201 2.71051e-20)
(4.87511 0.131444 0)
(4.69279 0.0692804 1.01644e-20)
(4.42662 0.279874 0)
(4.44952 0.277504 0)
(4.48503 0.150245 5.42101e-20)
(4.47452 0.111142 -2.71051e-20)
(4.43955 0.0234753 -6.77626e-21)
(4.33738 0.237288 1.74912e-19)
(4.36703 0.0646139 0)
(4.26896 0.237637 -1.0842e-19)
(4.33548 0.129678 -1.0842e-19)
(4.0775 0.174254 1.0842e-19)
(4.03175 0.2124 -8.13152e-20)
(4.04388 0.160524 0)
(4.00531 0.207734 0)
(3.93032 0.242804 0)
(3.90444 0.185611 0)
(3.8754 0.0972699 0)
(3.85006 0.171599 -5.42101e-20)
(3.7758 0.272706 -2.71051e-20)
(3.76059 0.274203 1.0842e-19)
(3.80362 0.203025 0)
(3.77455 0.150304 -2.5411e-21)
(3.76767 0.109835 3.38813e-21)
(3.6237 0.242776 -1.0842e-19)
(3.60682 0.186877 -5.42101e-20)
(3.60406 0.0896355 -5.42101e-20)
(3.49081 0.348689 2.1684e-19)
(3.44708 0.222634 0)
(3.40496 0.225153 0)
(6.67318 -1.79175e-33 1.56364e-35)
(7.71351 -1.70358e-33 1.48669e-35)
(6.55764 -1.80154e-33 1.57218e-35)
(7.72337 -1.70274e-33 1.48596e-35)
(6.39535 -1.8153e-33 1.58418e-35)
(6.07089 -1.84279e-33 1.60818e-35)
(6.93981 -1.76915e-33 1.54391e-35)
(6.08986 -1.84119e-33 1.60678e-35)
(6.56427 -1.80098e-33 1.57169e-35)
(6.0164 -1.84741e-33 1.61221e-35)
(7.09378 -1.7561e-33 1.53253e-35)
(7.17408 -1.7493e-33 1.52659e-35)
(7.56723 0.279437 0)
(7.78754 0.182543 -5.42101e-20)
(7.7425 0.19852 -5.42101e-20)
(7.79374 0.0896561 0)
(7.67001 0.155654 0)
(7.70195 0.00269873 0)
(7.68124 0.0887387 -1.35525e-20)
(7.63802 0.0522163 0)
(7.68201 0.111542 -2.71051e-20)
(7.62567 0.181991 1.0842e-19)
(7.49395 0.230652 2.71051e-20)
(7.58319 0.12209 1.35525e-20)
(7.46837 0.100527 0)
(7.38022 0.0407103 2.71051e-20)
(7.40537 0.117571 0)
(7.28319 0.208197 -2.1684e-19)
(7.2749 0.217488 0)
(7.15571 0.208807 0)
(7.21006 0.154036 -8.13152e-20)
(7.18219 0.16613 -1.0842e-19)
(7.09765 0.190125 1.35525e-20)
(7.07125 0.166635 0)
(7.01658 0.107529 5.42101e-20)
(6.95514 0.199611 5.42101e-20)
(6.9224 0.111812 0)
(6.80671 0.086493 -2.71051e-20)
(6.69701 0.226429 5.42101e-20)
(6.73583 0.192116 0)
(6.57829 0.235992 1.0842e-19)
(6.37368 0.206668 0)
(6.33938 0.224922 -1.6263e-19)
(6.22875 0.264807 0)
(6.2848 0.120286 -5.42101e-20)
(6.26483 0.0989619 5.42101e-20)
(6.17005 0.0234162 0)
(6.16964 0.235874 -1.0842e-19)
(6.07279 0.278364 -1.0842e-19)
(6.18165 0.127299 0)
(6.1783 0.0913827 0)
(6.11028 0.218734 -1.0842e-19)
(6.07254 0.0457428 -6.77626e-21)
(6.07046 0.107775 0)
(5.88105 0.280301 0)
(5.87188 0.118282 -1.35525e-20)
(5.82612 0.210875 1.0842e-19)
(5.86086 0.157 5.42101e-20)
(5.84315 0.169629 1.0842e-19)
(5.76338 0.247765 1.0842e-19)
(5.6707 0.258073 0)
(5.6997 0.108793 0)
(5.67541 0.170281 5.42101e-20)
(5.6365 0.238132 -5.42101e-20)
(5.59299 0.0619915 -2.03288e-20)
(5.62736 0.212134 1.0842e-19)
(5.576 0.273709 5.42101e-20)
(5.62649 0.0853444 5.42101e-20)
(5.57114 0.221763 0)
(5.40269 0.153308 -5.42101e-20)
(5.39057 0.159253 0)
(5.36675 0.198246 -1.0842e-19)
(5.32509 0.283286 5.42101e-20)
(5.27323 0.0538178 0)
(5.32546 0.101944 2.71051e-20)
(5.29311 0.0858248 0)
(10.4387 -1.47261e-33 1.28513e-35)
(10.042 -1.50623e-33 1.31447e-35)
(10.7598 -1.4454e-33 1.26138e-35)
(10.6436 -1.45524e-33 1.26997e-35)
(10.3968 -1.47616e-33 1.28823e-35)
(9.03854 -1.59128e-33 1.38869e-35)
(9.81594 -1.52539e-33 1.33119e-35)
(8.44005 -1.642e-33 1.43295e-35)
(10.405 -1.47547e-33 1.28763e-35)
(10.4852 1.62838e-21 1.42107e-23)
(8.06682 -1.67363e-33 1.46056e-35)
(9.66387 -1.53828e-33 1.34244e-35)
(10.7837 0.422024 -1.0842e-19)
(9.43455 -1.55772e-33 1.3594e-35)
(10.8685 0.259353 2.1684e-19)
(10.8031 0.247032 1.0842e-19)
(10.7831 0.167557 0)
(10.4777 0.368337 -2.1684e-19)
(10.8211 0.0124473 0)
(10.4567 0.295736 2.1684e-19)
(10.7322 0.040859 1.35525e-20)
(10.4 0.175664 0)
(10.5344 0.0691763 1.05879e-21)
(10.5076 0.042719 -2.71051e-20)
(10.2338 0.210454 1.0842e-19)
(10.2138 0.219293 1.0842e-19)
(10.2256 0.221604 -1.0842e-19)
(10.5697 0.0286156 -6.77626e-21)
(10.4279 0.128854 -5.42101e-20)
(10.1679 0.214962 6.77626e-21)
(10.2866 0.156225 5.42101e-20)
(10.1453 0.202167 -1.0842e-19)
(9.90801 0.337951 0)
(10.0342 0.223552 1.35525e-19)
(10.1467 0.163909 -2.71051e-20)
(9.90505 0.324365 0)
(10.213 0.0653202 -2.71051e-20)
(9.89619 0.22449 1.6263e-19)
(9.97423 0.196838 0)
(9.87762 0.209853 1.0842e-19)
(9.95841 0.056189 1.69407e-20)
(9.91533 0.167516 0)
(9.9206 0.0546 0)
(9.38121 0.485578 -5.42101e-20)
(9.88233 0.138255 0)
(9.6012 0.30225 1.52466e-19)
(9.6792 0.222077 2.71051e-20)
(9.64541 0.224139 0)
(9.44394 0.357685 2.1684e-19)
(9.77032 0.0716803 5.42101e-20)
(9.60837 0.137147 -8.13152e-20)
(9.43754 0.123689 2.71051e-20)
(9.2065 0.265872 0)
(9.34241 0.160671 0)
(9.15735 0.281461 0)
(9.10754 0.283822 -5.42101e-20)
(9.284 0.131341 -1.35525e-20)
(9.17965 0.210683 0)
(9.15868 0.219898 -1.0842e-19)
(9.16709 0.176216 -5.42101e-20)
(9.2019 0.103203 -2.71051e-20)
(9.18677 0.15093 -6.77626e-21)
(9.10694 0.189 0)
(9.07443 0.0648824 2.71051e-20)
(9.01438 0.18007 0)
(8.91027 0.252697 1.35525e-20)
(8.93934 0.194522 6.77626e-20)
(8.87376 0.219471 0)
(8.83943 0.232796 1.6263e-19)
(8.91939 0.140976 -1.01644e-20)
(8.93249 0.105045 -2.03288e-20)
(8.91143 0.0564858 -6.77626e-21)
(8.87294 0.0851596 5.42101e-20)
(8.84927 0.132252 0)
(8.80282 0.0516217 -1.35525e-20)
(8.77156 0.155936 0)
(8.69787 0.116194 0)
(8.70524 0.0725991 0)
(8.50776 0.13849 -1.11808e-19)
(8.35389 0.184227 5.42101e-20)
(8.30883 0.148225 -5.42101e-20)
(8.23246 0.144665 -2.71051e-20)
(8.19344 0.247534 -5.42101e-20)
(8.18424 0.194954 0)
(8.19272 0.0387581 0)
(8.19349 0.108956 6.77626e-21)
(8.16668 0.090383 -5.42101e-20)
(8.14873 0.0406888 2.71051e-20)
(8.02859 0.0865893 -6.77626e-21)
(7.99281 0.0675563 0)
(7.88738 0.172749 2.71051e-20)
(7.85862 0.242713 -1.0842e-19)
(7.85096 0.110634 1.35525e-20)
(12.7689 -1.27512e-33 1.11278e-35)
(12.8852 -1.26527e-33 1.10418e-35)
(12.3352 -1.31188e-33 1.14486e-35)
(12.5118 -1.29691e-33 1.1318e-35)
(13.6758 -1.19826e-33 1.04571e-35)
(12.5434 -1.29424e-33 1.12946e-35)
(12.5645 1.59919e-31 -1.39559e-33)
(11.9209 -1.347e-33 1.17551e-35)
(14.0191 -1.16917e-33 1.02032e-35)
(11.8872 -1.34985e-33 1.178e-35)
(12.8914 -1.26474e-33 1.10372e-35)
(11.6883 -1.3667e-33 1.1927e-35)
(11.796 -1.35758e-33 1.18474e-35)
(14.0153 -1.16949e-33 1.0206e-35)
(11.6466 -1.37024e-33 1.19579e-35)
(13.7877 -1.18878e-33 1.03743e-35)
(11.6179 -1.37267e-33 1.19791e-35)
(11.5635 -1.37728e-33 1.20194e-35)
(11.6135 -1.37305e-33 1.19824e-35)
(11.5079 -1.382e-33 1.20605e-35)
(12.8701 -1.26655e-33 1.1053e-35)
(12.661 5.01598e-33 -4.37738e-35)
(11.475 -1.38478e-33 1.20848e-35)
(12.3983 -1.30653e-33 1.14019e-35)
(11.7718 -1.35963e-33 1.18653e-35)
(11.939 -1.34546e-33 1.17417e-35)
(13.9845 -1.1721e-33 1.02287e-35)
(11.2012 -1.40799e-33 1.22873e-35)
(13.6115 -1.20371e-33 1.05046e-35)
(13.723 7.58315e-31 -6.61771e-33)
(13.9644 0.339299 0)
(13.9319 0.175778 -5.42101e-20)
(13.7984 0.237966 -4.06576e-20)
(13.9923 0.126815 8.13152e-20)
(13.9478 0.0860501 -2.71051e-20)
(13.8114 0.124792 -1.35525e-20)
(13.747 0.108372 0)
(13.007 -1.25494e-33 1.09517e-35)
(13.3247 0.278083 0)
(13.4031 0.235444 2.71051e-20)
(13.2345 0.351477 6.77626e-21)
(13.6206 0.132823 -2.71051e-20)
(13.3569 0.1728 -1.0842e-19)
(13.1933 0.249154 -1.6263e-19)
(13.3967 0.110895 0)
(13.1018 0.297733 2.1684e-19)
(13.0918 0.314385 2.1684e-19)
(13.071 0.22944 -1.01644e-20)
(13.0713 0.245232 0)
(13.2971 0.0948269 2.71051e-20)
(12.3818 0.625464 -3.25261e-19)
(12.9563 0.244064 -1.01644e-20)
(13.0172 0.179346 0)
(12.9134 0.214483 2.71051e-20)
(12.9527 0.225519 0)
(12.7602 0.234182 5.42101e-20)
(12.6962 0.267734 0)
(12.8067 0.173313 -2.71051e-20)
(12.7976 0.168465 2.71051e-20)
(12.6552 0.238317 -1.0842e-19)
(12.788 0.127531 0)
(12.691 0.199335 -6.77626e-21)
(12.783 0.108611 0)
(12.6815 0.171233 4.06576e-20)
(12.7241 0.041904 -1.35525e-20)
(12.3095 0.285855 0)
(12.5977 0.102652 5.42101e-20)
(12.4515 0.192187 0)
(12.4279 0.191605 -8.13152e-20)
(12.2117 0.329058 1.0842e-19)
(12.3235 0.240615 0)
(12.2339 0.280187 0)
(12.2604 0.278858 1.0842e-19)
(12.2827 0.165819 -1.0842e-19)
(12.2437 0.155676 -6.77626e-20)
(12.282 0.130554 0)
(12.1685 0.182805 0)
(12.1215 0.14977 0)
(11.9927 0.280488 -5.42101e-20)
(12.1037 0.136957 2.71051e-20)
(12.051 0.146524 5.42101e-20)
(11.7337 0.345 0)
(11.9221 0.024415 7.19978e-21)
(11.698 0.296686 -1.0842e-19)
(11.7296 0.207935 1.35525e-20)
(11.6632 0.213466 5.42101e-20)
(11.7084 0.0097008 3.38813e-21)
(11.6736 0.165759 5.42101e-20)
(11.559 0.199133 0)
(11.6021 0.0908924 -3.38813e-20)
(11.5737 0.135438 -5.42101e-20)
(11.4828 0.237163 0)
(11.5083 0.103748 -4.06576e-20)
(11.4625 0.19365 0)
(11.4122 0.176055 1.0842e-19)
(11.442 0.00275213 4.23516e-22)
(11.2064 0.2331 0)
(11.2151 0.0624581 5.42101e-20)
(11.176 0.0470476 0)
(11.1034 0.369283 -5.42101e-20)
(11.0139 0.207582 0)
(10.9814 0.414443 1.01644e-20)
(10.9391 0.174526 0)
(18.4658 -7.92299e-34 6.91429e-36)
(18.5863 -7.82085e-34 6.82515e-36)
(17.4668 -8.76962e-34 7.65313e-36)
(16.2435 -9.80644e-34 8.55795e-36)
(17.81 5.30385e-26 -4.6286e-28)
(18.0806 -8.24941e-34 7.19915e-36)
(15.6599 -1.0301e-33 8.98956e-36)
(18.9412 -7.52009e-34 6.56268e-36)
(16.9701 -9.19057e-34 8.02049e-36)
(17.6703 -8.59717e-34 7.50263e-36)
(15.5342 -1.04076e-33 9.08257e-36)
(16.5516 -9.54528e-34 8.33004e-36)
(15.9638 -1.00435e-33 8.7648e-36)
(15.517 -1.04222e-33 9.09529e-36)
(17.3086 -8.90374e-34 7.77018e-36)
(17.7555 -8.52499e-34 7.43964e-36)
(17.5566 -8.69351e-34 7.58671e-36)
(17.6546 -8.61044e-34 7.51422e-36)
(15.4192 -1.0505e-33 9.16761e-36)
(17.0143 -9.15312e-34 7.98781e-36)
(16.0875 -9.9386e-34 8.67329e-36)
(15.3297 1.25608e-30 1.09802e-32)
(17.241 -8.96105e-34 7.82019e-36)
(17.4918 -8.74845e-34 7.63465e-36)
(16.2264 -9.8209e-34 8.57057e-36)
(15.9884 -1.00226e-33 8.74657e-36)
(15.2751 -1.06272e-33 9.2742e-36)
(18.6166 -7.79517e-34 6.80274e-36)
(18.9556 -7.50784e-34 6.552e-36)
(15.9929 5.08256e-24 4.43548e-26)
(17.9235 -8.38256e-34 7.31535e-36)
(15.1723 -1.07143e-33 9.35025e-36)
(17.919 -8.3864e-34 7.3187e-36)
(17.9335 -8.37412e-34 7.30798e-36)
(18.7373 -7.69287e-34 6.71346e-36)
(14.9663 -1.08888e-33 9.50255e-36)
(18.7606 -7.67312e-34 6.69623e-36)
(18.9506 -7.51205e-34 6.55567e-36)
(17.3754 -8.84714e-34 7.72078e-36)
(18.2937 1.0764e-29 9.395e-32)
(18.2539 -8.10253e-34 7.07097e-36)
(15.2588 -1.0641e-33 9.28624e-36)
(16.7055 -9.41489e-34 8.21625e-36)
(18.4715 -7.9181e-34 6.91002e-36)
(16.5384 -9.5565e-34 8.33983e-36)
(18.2605 1.61063e-24 1.40558e-26)
(16.2144 -9.83112e-34 8.57949e-36)
(18.1308 -8.20687e-34 7.16203e-36)
(16.5178 -9.57395e-34 8.35506e-36)
(15.4155 -1.05082e-33 9.17037e-36)
(18.548 -7.85332e-34 6.85349e-36)
(17.6388 -8.62388e-34 7.52594e-36)
(18.9379 -7.52286e-34 6.5651e-36)
(19.0691 -7.41167e-34 6.46806e-36)
(18.7445 -7.68675e-34 6.70813e-36)
(14.5766 -1.12192e-33 9.79082e-36)
(15.5835 -1.03658e-33 9.04607e-36)
(16.3688 -9.70018e-34 8.46522e-36)
(18.523 -7.87445e-34 6.87193e-36)
(16.0299 -9.98747e-34 8.71593e-36)
(17.1349 -9.05092e-34 7.89862e-36)
(14.4418 -1.13334e-33 9.89052e-36)
(15.3097 3.83352e-22 -3.34546e-24)
(17.582 -8.67205e-34 7.56798e-36)
(14.3893 -1.13779e-33 9.92933e-36)
(16.8975 -9.25216e-34 8.07423e-36)
(19.0587 -7.4205e-34 6.47577e-36)
(16.4428 -9.63755e-34 8.41056e-36)
(17.0828 -9.09507e-34 7.93715e-36)
(14.7285 -1.10904e-33 9.67846e-36)
(17.0247 -9.14436e-34 7.98016e-36)
(17.177 -9.00931e-34 7.87264e-36)
(18.7007 -7.7239e-34 6.74054e-36)
(16.0369 -9.98152e-34 8.71074e-36)
(16.2693 8.63879e-19 -7.53896e-21)
(19.0417 -7.43486e-34 6.48831e-36)
(18.2202 -8.13115e-34 7.09594e-36)
(14.2072 -1.15323e-33 1.0064e-35)
(16.7334 -9.39123e-34 8.19561e-36)
(19.0407 0.351713 -2.71051e-20)
(19.1373 0.365855 -1.0842e-19)
(19.1313 0.370992 -2.1684e-19)
(18.9703 0.296094 0)
(18.5512 0.414046 0)
(18.5517 0.452215 0)
(19.2283 0.24504 -2.71051e-20)
(18.9606 0.16549 0)
(19.2036 0.111948 5.42101e-20)
(18.8307 0.114674 -2.71051e-20)
(18.7427 0.2114 -5.42101e-20)
(18.9461 0.158416 2.71051e-20)
(18.9832 0.121002 0)
(18.6191 0.0961056 2.03288e-20)
(18.7579 0.180525 -1.10114e-20)
(18.7845 0.122089 5.42101e-20)
(18.3572 0.337797 -5.42101e-20)
(18.363 0.118482 0)
(18.9565 0.0433505 1.35525e-20)
(18.1308 0.307003 0)
(18.656 0.158843 -6.09864e-20)
(18.4975 0.263903 0)
(18.9138 0.0692496 -3.04932e-20)
(18.4944 0.162622 -5.42101e-20)
(18.6436 0.103441 -5.42101e-20)
(18.6075 0.103111 0)
(18.2302 0.200821 -1.0842e-19)
(18.3176 0.235539 0)
(18.5114 0.0992066 0)
(18.2507 0.124968 -5.42101e-20)
(18.3475 0.0781394 -2.03288e-20)
(17.1225 0.564258 1.0842e-19)
(18.2556 0.0941875 -5.42101e-20)
(17.5713 0.409325 0)
(17.908 0.183151 -8.13152e-20)
(17.7865 0.276126 -1.0842e-19)
(18.0999 0.0867606 0)
(17.3013 0.312976 0)
(17.5821 0.288535 1.6263e-19)
(17.9967 0.136907 -2.71051e-20)
(17.781 0.189338 -1.0842e-19)
(17.867 0.152987 5.42101e-20)
(17.8058 0.127702 2.71051e-20)
(18.0163 0.024854 0)
(17.4276 0.261945 -1.0842e-19)
(17.5032 0.209757 1.0842e-19)
(17.0509 0.400781 -2.1684e-19)
(17.8409 0.0289683 1.69407e-21)
(17.5839 0.171346 5.42101e-20)
(17.3726 0.184606 5.42101e-20)
(17.3925 0.160019 5.42101e-20)
(16.708 0.62401 0)
(17.3546 0.211236 0)
(17.2783 0.187006 0)
(16.6629 0.69169 2.1684e-19)
(17.3938 0.0384791 0)
(17.1855 0.136192 -1.0842e-19)
(17.2207 0.0611572 1.35525e-20)
(17.1183 0.129706 -8.13152e-20)
(16.7057 0.29911 7.45389e-20)
(17.1412 0.122114 -2.71051e-20)
(16.8738 0.215511 0)
(17.0719 0.0850935 -2.71051e-20)
(16.6688 0.291033 2.71051e-20)
(17.0992 0.0466572 3.38813e-21)
(16.4829 0.357387 0)
(17.0466 0.0482838 0)
(16.4599 0.359725 2.1684e-19)
(16.5559 0.136116 2.71051e-20)
(16.4325 0.19134 5.42101e-20)
(16.5258 0.13439 1.0842e-19)
(16.0717 0.446599 1.0842e-19)
(16.4952 0.114617 1.35525e-20)
(16.2685 0.271743 5.42101e-20)
(16.0817 0.299084 -2.71051e-20)
(16.329 0.112628 -5.42101e-20)
(16.1106 0.349922 1.6263e-19)
(16.4201 0.0401854 2.71051e-20)
(16.3734 0.0635784 -5.42101e-20)
(16.234 0.136826 2.71051e-20)
(16.1893 0.152693 -5.42101e-20)
(16.056 0.154515 -2.03288e-20)
(15.7803 0.453957 -1.01644e-20)
(16.0166 0.17893 -1.0842e-19)
(15.7531 0.397675 0)
(15.7026 0.366172 0)
(16.0515 0.122891 0)
(15.8906 0.175769 -5.42101e-20)
(15.7781 0.323402 -2.03288e-20)
(16.0403 0.138962 -5.42101e-20)
(15.8782 0.212366 0)
(15.6791 0.310078 0)
(15.8622 0.107276 0)
(15.7692 0.158246 -1.35525e-20)
(15.714 0.16884 -5.42101e-20)
(15.5453 0.322526 0)
(15.5589 0.207177 -5.42101e-20)
(15.6728 0.0934039 0)
(15.6611 0.101693 0)
(15.5895 0.160563 1.0842e-19)
(15.4208 0.274087 -4.33681e-19)
(15.4749 0.223932 -8.13152e-20)
(15.6108 0.0014952 0)
(15.5383 0.100642 3.21873e-20)
(15.2563 0.568665 4.33681e-19)
(15.2815 0.225398 -1.0842e-19)
(15.4882 0.10269 0)
(15.4004 0.250254 -1.0842e-19)
(15.2437 0.258144 5.42101e-20)
(15.2503 -1.06482e-33 9.29253e-36)
(15.347 0.0972818 -1.01644e-20)
(15.2952 0.120249 0)
(15.187 0.205048 -1.0842e-19)
(15.143 0.233785 1.0842e-19)
(15.3206 0.00872691 -6.77626e-21)
(15.218 0.112247 -5.42101e-20)
(14.1065 -1.16175e-33 1.01385e-35)
(15.087 0.155606 1.0842e-19)
(15.0501 0.200844 0)
(15.1092 0.0690327 -1.35525e-20)
(14.9039 0.297035 -2.03288e-20)
(14.9938 0.064053 0)
(14.8968 0.145542 2.5411e-21)
(14.8055 0.278811 0)
(14.8222 0.183802 3.38813e-20)
(14.7557 0.0881831 -2.71051e-20)
(14.7634 0.0205267 1.27055e-21)
(14.7509 0.025156 -3.38813e-21)
(14.5868 0.272075 0)
(14.5651 0.119353 2.71051e-20)
(14.5258 0.186031 0)
(14.4976 0.20614 2.1684e-19)
(14.4884 0.129714 1.0842e-19)
(14.4389 0.131656 0)
(14.4106 0.199827 2.1684e-19)
(14.3401 0.214463 1.0842e-19)
(14.2857 0.234368 0)
(14.2347 0.229272 1.0842e-19)
(14.1804 0.202719 5.42101e-20)
(22.1035 -4.83996e-34 4.22377e-36)
(21.0339 -5.74645e-34 5.01485e-36)
(21.2409 -5.57104e-34 4.86177e-36)
(24.3928 -2.89967e-34 2.5305e-36)
(20.7874 -5.95539e-34 5.19719e-36)
(20.7228 -6.0101e-34 5.24494e-36)
(21.5589 -5.3015e-34 4.62655e-36)
(21.1879 -5.61595e-34 4.90097e-36)
(21.5113 0.000424928 1.17549e-38)
(20.7972 -5.94705e-34 5.18991e-36)
(23.0429 -4.04379e-34 3.52896e-36)
(21.1299 -5.6651e-34 4.94386e-36)
(23.4066 -3.73553e-34 3.25995e-36)
(20.7225 -6.01038e-34 5.24518e-36)
(20.8587 -5.89497e-34 5.14446e-36)
(20.7387 -5.99664e-34 5.23319e-36)
(23.3398 3.94796e-25 3.44533e-27)
(24.2517 -3.01929e-34 2.63489e-36)
(21.6711 -5.20636e-34 4.54352e-36)
(21.1543 -5.64442e-34 4.92581e-36)
(22.8869 -4.17601e-34 3.64435e-36)
(23.1131 -3.9843e-34 3.47705e-36)
(22.8812 3.20184e-19 2.79421e-21)
(21.8076 -5.09075e-34 4.44263e-36)
(23.049 -4.03862e-34 3.52445e-36)
(22.5114 -4.49426e-34 3.92208e-36)
(22.2143 -4.74606e-34 4.14183e-36)
(20.2984 -6.36977e-34 5.55881e-36)
(24.3852 -2.90617e-34 2.53617e-36)
(23.5817 -3.58715e-34 3.13046e-36)
(22.2142 -4.74612e-34 4.14187e-36)
(22.211 -4.74884e-34 4.14425e-36)
(20.9072 -5.85382e-34 5.10855e-36)
(22.5227 -4.48467e-34 3.91371e-36)
(21.5539 5.48194e-23 4.78402e-25)
(22.6268 -4.3964e-34 3.83668e-36)
(21.0768 -5.71012e-34 4.98314e-36)
(20.3509 -6.32533e-34 5.52003e-36)
(23.9091 -3.30963e-34 2.88827e-36)
(24.2263 -3.04079e-34 2.65366e-36)
(24.186 -3.075e-34 2.68351e-36)
(21.6673 -5.20965e-34 4.54639e-36)
(23.6988 -3.48784e-34 3.0438e-36)
(20.6986 -6.02807e-34 5.26503e-36)
(21.4625 -5.38319e-34 4.69784e-36)
(24.1002 -3.14767e-34 2.74693e-36)
(21.8017 -5.0957e-34 4.44695e-36)
(21.5517 -5.3076e-34 4.63187e-36)
(23.484 -3.66996e-34 3.20272e-36)
(21.3185 -5.50525e-34 4.80436e-36)
(22.4589 -4.53874e-34 3.9609e-36)
(22.0877 -4.8533e-34 4.23541e-36)
(22.515 -4.4912e-34 3.91941e-36)
(22.5215 -4.48562e-34 3.91455e-36)
(23.2009 -3.90987e-34 3.41209e-36)
(23.623 -3.55215e-34 3.09991e-36)
(22.7193 -4.31804e-34 3.76829e-36)
(20.6912 -5.99739e-34 5.23384e-36)
(24.0144 -3.22041e-34 2.81041e-36)
(23.5939 -3.57679e-34 3.12142e-36)
(21.0847 -5.70339e-34 4.97728e-36)
(20.2197 -6.43646e-34 5.61701e-36)
(20.92 -5.84297e-34 5.09908e-36)
(24.3543 -2.9323e-34 2.55898e-36)
(24.2711 -3.00285e-34 2.62055e-36)
(21.5922 -5.27329e-34 4.60193e-36)
(21.5579 -5.3023e-34 4.62725e-36)
(24.326 -2.95635e-34 2.57996e-36)
(22.4763 -4.52394e-34 3.94799e-36)
(21.9929 -4.93367e-34 4.30555e-36)
(24.4027 -2.89133e-34 2.52322e-36)
(24.0782 -3.16637e-34 2.76325e-36)
(24.2178 -3.048e-34 2.65995e-36)
(20.5327 -6.17118e-34 5.38551e-36)
(23.399 -3.74199e-34 3.26559e-36)
(22.6584 -4.36968e-34 3.81336e-36)
(23.3484 -3.78481e-34 3.30296e-36)
(24.2118 -3.05306e-34 2.66436e-36)
(21.4122 -5.42581e-34 4.73503e-36)
(23.0047 -4.0761e-34 3.55716e-36)
(19.959 -6.65745e-34 5.80987e-36)
(22.7646 -4.27966e-34 3.7348e-36)
(20.0119 -6.61264e-34 5.77076e-36)
(21.3503 -5.47831e-34 4.78085e-36)
(23.0766 5.08934e-25 4.4414e-27)
(19.9828 -6.63726e-34 5.79225e-36)
(22.9139 -4.15306e-34 3.62432e-36)
(19.9494 -6.66562e-34 5.817e-36)
(24.2471 -3.02321e-34 2.63832e-36)
(23.6606 -3.52029e-34 3.07211e-36)
(21.5276 -5.32798e-34 4.64966e-36)
(20.8753 2.06413e-23 1.80134e-25)
(21.2188 -5.58973e-34 4.87808e-36)
(22.6839 -4.34806e-34 3.7945e-36)
(24.4181 -2.87827e-34 2.51182e-36)
(20.7853 -5.95714e-34 5.19871e-36)
(21.3848 -5.44905e-34 4.75532e-36)
(22.3746 -4.61014e-34 4.02321e-36)
(21.0602 -5.72413e-34 4.99537e-36)
(22.8104 -4.24081e-34 3.7009e-36)
(22.493 -4.50981e-34 3.93565e-36)
(24.1491 -3.10621e-34 2.71074e-36)
(20.5864 -6.12575e-34 5.34586e-36)
(22.697 -4.33691e-34 3.78476e-36)
(22.0922 -4.84948e-34 4.23207e-36)
(22.8879 1.0389e-18 -9.06636e-21)
(20.0994 -6.53848e-34 5.70604e-36)
(21.6166 -5.25261e-34 4.58388e-36)
(22.8166 -4.23552e-34 3.69628e-36)
(19.7718 -6.81612e-34 5.94834e-36)
(23.9213 -3.29928e-34 2.87924e-36)
(21.6888 1.85186e-25 1.6161e-27)
(19.727 -6.85409e-34 5.98147e-36)
(19.9287 1.98723e-25 -1.73423e-27)
(23.687 -3.49789e-34 3.05256e-36)
(21.3547 -5.47453e-34 4.77755e-36)
(22.9563 -4.11719e-34 3.59301e-36)
(20.1573 -6.4894e-34 5.66321e-36)
(21.4273 -5.413e-34 4.72385e-36)
(23.8656 6.21595e-25 5.42457e-27)
(20.2564 -6.40542e-34 5.58992e-36)
(21.4785 -5.36961e-34 4.68599e-36)
(23.2065 -3.90512e-34 3.40794e-36)
(19.6909 -6.88468e-34 6.00817e-36)
(21.466 1.13884e-23 9.93849e-26)
(22.4823 -4.51891e-34 3.94359e-36)
(20.5833 -6.12837e-34 5.34814e-36)
(21.244 7.10565e-23 6.20101e-25)
(23.379 -3.75891e-34 3.28035e-36)
(21.4272 1.44248e-05 -6.1656e-15)
(20.1278 -6.51441e-34 5.68504e-36)
(20.878 -5.87854e-34 5.13013e-36)
(23.157 -3.94703e-34 3.44453e-36)
(21.8751 -5.03354e-34 4.39271e-36)
(21.1396 -5.65687e-34 4.93668e-36)
(22.148 -4.80225e-34 4.19086e-36)
(23.1499 -3.95309e-34 3.44981e-36)
(20.2818 -6.38386e-34 5.57111e-36)
(19.567 -6.98965e-34 6.09978e-36)
(20.3082 -6.36152e-34 5.55162e-36)
(19.5602 -6.99539e-34 6.10479e-36)
(20.1007 -6.53733e-34 5.70504e-36)
(20.87 -5.88535e-34 5.13607e-36)
(22.9664 -4.10863e-34 3.58555e-36)
(20.4465 -6.24431e-34 5.44933e-36)
(22.7485 -4.28508e-34 3.73953e-36)
(19.764 -6.82267e-34 5.95405e-36)
(23.8532 -3.35703e-34 2.92964e-36)
(21.6953 -5.18592e-34 4.52568e-36)
(21.8382 -5.06481e-34 4.42e-36)
(24.274 -3.00039e-34 2.6184e-36)
(21.727 -5.15901e-34 4.5022e-36)
(22.2151 -4.74532e-34 4.14118e-36)
(19.4339 -7.10249e-34 6.19825e-36)
(22.2573 -4.70961e-34 4.11002e-36)
(21.9583 -4.96296e-34 4.33111e-36)
(22.7695 -4.27548e-34 3.73116e-36)
(19.4251 -7.10298e-34 6.21076e-36)
(23.9433 -7.8626e-35 5.03988e-36)
(23.7867 -3.41341e-34 2.97883e-36)
(21.8157 -5.08385e-34 4.43661e-36)
(21.5065 -5.34587e-34 4.66527e-36)
(21.3478 -5.48038e-34 4.78266e-36)
(21.5861 -5.27846e-34 4.60644e-36)
(24.205 -3.05887e-34 2.66943e-36)
(24.3103 -2.96961e-34 2.59154e-36)
(19.6534 -6.91644e-34 6.03589e-36)
(23.3224 -3.80692e-34 3.32225e-36)
(21.2798 -5.53803e-34 4.83297e-36)
(19.3655 1.15702e-19 1.00971e-21)
(23.4387 1.56318e-24 -1.36417e-26)
(21.8364 -5.06635e-34 4.42133e-36)
(21.4202 -5.41903e-34 4.72912e-36)
(19.3515 1.21687e-19 -1.06194e-21)
(22.6949 1.54963e-18 1.35234e-20)
(20.4606 -6.2323e-34 5.43885e-36)
(21.4314 -5.40959e-34 4.72088e-36)
(19.8911 -6.71498e-34 5.86008e-36)
(19.3251 1.14658e-19 1.0006e-21)
(22.3926 -4.59487e-34 4.00988e-36)
(23.6106 -3.56267e-34 3.10909e-36)
(19.2923 -7.22252e-34 6.303e-36)
(19.2751 -7.23707e-34 6.31569e-36)
(24.0206 -3.21513e-34 2.8058e-36)
(19.5928 -6.96784e-34 6.08074e-36)
(24.1134 -3.13648e-34 2.73717e-36)
(19.4961 -7.04975e-34 6.15222e-36)
(24.3728 -2.91662e-34 2.5453e-36)
(20.9195 -5.84341e-34 5.09946e-36)
(23.6929 -3.49289e-34 3.0482e-36)
(19.1972 -7.30306e-34 6.37329e-36)
(19.1883 2.03158e-25 1.77293e-27)
(24.1441 0.785222 1.0842e-19)
(21.1784 -5.62398e-34 4.90797e-36)
(20.8976 -5.862e-34 5.11569e-36)
(23.844 0.572953 -1.0842e-19)
(24.1832 0.386317 3.25261e-19)
(23.8173 0.475734 -1.0842e-19)
(24.3181 0.250166 1.0842e-19)
(24.4799 0.0966855 2.71051e-20)
(24.2785 0.252967 0)
(23.0756 1.02784 4.33681e-19)
(23.0943 0.776566 -9.48677e-20)
(24.387 0.227596 -1.0842e-19)
(23.5246 0.406683 0)
(24.3874 0.0517863 0)
(23.4976 0.530397 -1.0842e-19)
(24.4338 0.00119141 0)
(23.7784 0.407405 0)
(24.0871 0.314527 0)
(24.1816 0.132512 0)
(24.283 0.0500766 2.71051e-20)
(24.0629 0.175191 0)
(24.2739 0.0782298 0)
(23.4834 0.432324 1.35525e-19)
(23.9063 0.20474 5.42101e-20)
(23.5918 0.288187 5.42101e-20)
(22.9943 0.675552 -2.1684e-19)
(23.8804 0.159726 2.71051e-20)
(23.9464 0.105289 -2.37169e-20)
(24.0424 0.178068 1.0842e-19)
(23.5381 0.49202 -5.42101e-20)
(23.4471 0.301164 -1.0842e-19)
(23.6088 0.134199 -1.0842e-19)
(23.6062 0.157493 1.0842e-19)
(23.4197 0.257476 0)
(23.5894 0.0754595 -2.71051e-20)
(23.2948 0.499251 -2.71051e-19)
(23.6268 0.0604688 5.0822e-21)
(23.4184 0.0617995 0)
(23.0306 0.334594 1.0842e-19)
(23.238 0.00758693 0)
(22.7471 0.446213 -5.42101e-20)
(23.0767 0.385837 0)
(23.1731 0.153093 0)
(23.138 0.114309 1.0842e-19)
(22.7569 0.434692 -5.42101e-20)
(23.1077 0.0538891 -1.35525e-20)
(21.2408 -5.57109e-34 4.86182e-36)
(23.1233 0.132198 -5.42101e-20)
(22.9921 0.0892737 -2.11758e-20)
(22.7555 0.253777 -5.42101e-20)
(22.9063 0.114817 0)
(22.8882 0.1453 0)
(22.9437 0.00396379 8.47033e-22)
(22.2346 0.489445 0)
(22.8341 0.105522 5.42101e-20)
(22.8982 0.0831194 -6.77626e-21)
(22.7696 0.0807022 -4.06576e-20)
(22.5821 0.235547 2.71051e-20)
(22.3091 0.283354 -2.71051e-20)
(19.1452 -7.2496e-34 6.32663e-36)
(22.3993 0.319533 -2.1684e-19)
(22.62 0.134884 -2.71051e-20)
(22.0379 0.38675 0)
(22.5399 0.145617 1.0842e-19)
(22.564 0.0893212 -5.42101e-20)
(22.4872 0.129136 -1.35525e-20)
(22.4272 0.171569 -5.42101e-20)
(22.5376 0.075298 -1.35525e-20)
(22.4555 0.132228 6.77626e-21)
(22.109 0.376582 2.1684e-19)
(22.305 0.0881942 2.71051e-20)
(22.153 0.0426827 5.0822e-21)
(22.0767 0.0124459 3.38813e-21)
(22.066 0.149159 2.71051e-20)
(22.0903 0.0714664 0)
(21.7975 0.324244 0)
(21.9849 0.100049 2.71051e-20)
(19.1351 -7.35575e-34 6.41926e-36)
(21.6123 0.194637 -3.38813e-20)
(21.5679 0.251306 4.74338e-20)
(21.6173 0.137642 -1.35525e-20)
(21.2626 0.572996 0)
(21.599 0.108536 -5.42101e-20)
(21.487 0.00373138 0)
(20.8787 0.736875 4.33681e-19)
(20.0858 -6.54999e-34 5.71609e-36)
(19.1298 -7.36017e-34 6.42312e-36)
(21.1109 0.316876 -1.0842e-19)
(21.2896 0.202638 -2.71051e-20)
(21.324 0.0669403 0)
(21.0974 0.0439246 0)
(21.118 0.202526 1.35525e-20)
(20.7585 0.555885 0)
(20.6788 0.492386 -5.42101e-20)
(20.7376 0.434233 -3.04508e-19)
(20.6318 0.466535 0)
(20.749 0.33902 0)
(20.9764 0.0449123 2.71051e-20)
(20.7108 0.497495 -2.1684e-19)
(20.8144 0.202241 2.71051e-20)
(20.833 0.110059 -1.35525e-20)
(20.7844 0.140094 -5.42101e-20)
(20.783 0.123875 0)
(20.5022 0.353251 0)
(20.7131 0.0484794 -1.35525e-20)
(20.5266 0.33058 0)
(20.5868 0.00483372 3.38813e-21)
(20.5179 0.0317423 8.47033e-21)
(20.5088 0.282524 -1.6263e-19)
(20.5353 0.21225 2.03288e-20)
(20.4711 0.315764 0)
(20.4919 0.0381023 -2.5411e-21)
(20.6253 0.0848465 0)
(20.5588 0.156001 -5.42101e-20)
(20.5011 0.0590908 -1.35525e-20)
(20.3627 0.141558 0)
(20.3713 0.0874599 -3.38813e-21)
(20.2722 0.0354366 0)
(20.2519 0.0819348 -1.69407e-20)
(20.2408 0.146603 5.42101e-20)
(20.2356 0.12242 -1.35525e-20)
(20.0748 0.325072 -4.06576e-20)
(20.1776 0.136024 -5.42101e-20)
(20.0943 0.146231 2.71051e-20)
(19.9658 0.44179 -1.0842e-19)
(19.8811 0.248718 -1.35525e-20)
(19.9057 0.157569 0)
(19.8438 0.381961 0)
(19.8907 0.159531 2.71051e-20)
(19.8971 0.0472547 1.35525e-20)
(19.8528 0.184965 -1.0842e-19)
(19.7272 0.301453 0)
(19.7213 0.299389 1.0842e-19)
(19.6432 0.540033 0)
(19.6969 0.0936343 2.71051e-20)
(19.6115 0.176913 0)
(19.5522 0.168461 -5.42101e-20)
(19.5496 0.117085 -1.0842e-19)
(19.5042 0.200973 -1.0842e-19)
(19.4666 0.219038 -1.0842e-19)
(19.4465 0.106564 -5.42101e-20)
(19.4132 0.0484485 0)
(19.4011 0.166575 -1.0842e-19)
(19.3644 0.469696 -2.1684e-19)
(19.3135 0.0823222 0)
(19.3003 0.172051 5.42101e-20)
(19.296 0.243053 0)
(28.1618 6.21788e-151 -5.42626e-153)
(27.881 3.81965e-96 3.33335e-98)
(27.6557 -1.34309e-35 1.1721e-37)
(29.7554 3.68559e-118 -3.21636e-120)
(26.516 -1.10023e-34 9.60153e-37)
(28.9291 2.02802e-57 1.76982e-59)
(27.6207 -1.63988e-35 1.4311e-37)
(28.1085 3.53468e-73 -3.08467e-75)
(28.0331 5.09547e-156 4.44675e-158)
(26.8429 -8.23176e-35 7.18375e-37)
(28.8283 1.28917e-56 1.12504e-58)
(26.4708 -1.13852e-34 9.93573e-37)
(27.2493 -4.31931e-35 4.58584e-37)
(25.8628 -1.65383e-34 1.44327e-36)
(26.8248 -8.3853e-35 7.31774e-37)
(29.398 1.39427e-73 1.21676e-75)
(26.0141 -1.52564e-34 1.3314e-36)
(29.0649 1.2498e-56 -1.09069e-58)
(28.7841 9.65909e-156 8.42936e-158)
(27.0982 -6.06767e-35 5.29518e-37)
(25.8795 -1.6397e-34 1.43095e-36)
(27.1989 -5.21433e-35 4.55048e-37)
(28.0092 3.40655e-114 2.97285e-116)
(26.6642 -9.74663e-35 8.50575e-37)
(28.6871 2.85659e-153 2.49291e-155)
(28.755 4.81796e-113 4.20457e-115)
(26.0112 -1.52806e-34 1.33352e-36)
(28.033 2.72217e-96 -2.3756e-98)
(29.6271 1.45039e-115 -1.26573e-117)
(27.6349 -1.51935e-35 1.32591e-37)
(27.5297 -2.41062e-35 2.10371e-37)
(25.5775 -1.89567e-34 1.65433e-36)
(28.8575 2.72122e-91 -2.37477e-93)
(28.9525 8.01737e-156 -6.99666e-158)
(26.3149 -1.27066e-34 1.10889e-36)
(28.7903 7.4357e-22 -6.48903e-24)
(28.5225 1.56345e-156 -1.3644e-158)
(27.3002 -4.35591e-35 3.80134e-37)
(27.056 -6.42588e-35 5.60778e-37)
(29.0462 1.79663e-155 -1.56789e-157)
(27.5214 -2.48138e-35 2.16547e-37)
(28.7257 1.08808e-29 -9.4955e-32)
(26.6573 -9.80496e-35 8.55666e-37)
(27.6291 -1.56823e-35 1.36857e-37)
(28.9014 3.70649e-57 3.23461e-59)
(27.5341 -2.37378e-35 2.07156e-37)
(26.475 -1.135e-34 9.905e-37)
(26.6694 -9.70197e-35 8.46678e-37)
(27.3392 -4.02564e-35 3.51312e-37)
(28.1266 1.96317e-73 1.71323e-75)
(26.9123 -7.64371e-35 6.67057e-37)
(27.8138 -3.37439e-38 2.94478e-40)
(25.7225 -1.7727e-34 1.54701e-36)
(28.1174 1.02968e-157 8.98587e-160)
(25.722 -1.77315e-34 1.5474e-36)
(27.6455 -1.42929e-35 1.24732e-37)
(29.4948 6.84949e-156 -5.97746e-158)
(29.0834 3.88376e-156 3.3893e-158)
(27.8356 3.45207e-156 3.01258e-158)
(28.2927 8.87277e-74 7.74315e-76)
(28.9208 6.2029e-156 -5.41319e-158)
(25.8754 -1.64319e-34 1.43399e-36)
(25.4154 -2.03298e-34 1.77416e-36)
(26.6293 -1.00419e-34 8.76339e-37)
(25.6329 -1.8487e-34 1.61333e-36)
(25.3464 -2.09146e-34 1.82519e-36)
(26.197 -1.37064e-34 1.19614e-36)
(27.8484 1.07499e-155 -9.3813e-158)
(27.1105 -5.96353e-35 5.20429e-37)
(29.1124 1.11077e-56 9.69351e-59)
(29.4593 1.43872e-114 1.25555e-116)
(27.68 -1.13747e-35 9.92651e-38)
(29.6032 3.24153e-154 -2.82884e-156)
(29.4859 3.0739e-154 2.68255e-156)
(27.2326 -4.92936e-35 4.30179e-37)
(28.0001 2.78324e-147 2.4289e-149)
(28.333 2.94048e-153 -2.56612e-155)
(26.4978 -1.11569e-34 9.73652e-37)
(26.1891 -1.37733e-34 1.20198e-36)
(27.1773 -5.39753e-35 4.71035e-37)
(26.6754 -9.65114e-35 8.42242e-37)
(25.2826 -2.14559e-34 1.87243e-36)
(29.0644 4.94606e-91 4.31636e-93)
(28.5484 9.96313e-148 8.69469e-150)
(25.9397 -1.58864e-34 1.38639e-36)
(27.8826 4.46744e-96 3.89868e-98)
(27.8485 2.96361e-139 2.5863e-141)
(27.9994 9.57847e-23 -8.359e-25)
(28.8089 7.39544e-156 -6.4539e-158)
(26.3954 -1.20244e-34 1.04935e-36)
(26.3631 -1.22981e-34 1.07324e-36)
(29.4431 5.96658e-113 -5.20696e-115)
(26.5405 -1.07948e-34 9.42051e-37)
(28.93 6.42912e-156 5.61061e-158)
(26.1615 -1.40065e-34 1.22233e-36)
(25.1908 -2.22341e-34 1.94034e-36)
(25.9119 -1.61221e-34 1.40696e-36)
(27.0391 -6.56859e-35 5.73232e-37)
(29.7547 6.58908e-156 -5.75021e-158)
(29.1527 5.81856e-21 -5.07778e-23)
(25.0917 -2.30737e-34 2.01361e-36)
(25.1283 -2.27638e-34 1.98656e-36)
(26.6928 -9.50375e-35 8.2938e-37)
(27.8837 9.68183e-119 8.4492e-121)
(27.5701 -2.06851e-35 1.80516e-37)
(29.6196 1.93892e-155 1.69207e-157)
(29.5265 3.48828e-113 -3.04417e-115)
(27.5617 -2.13959e-35 1.86719e-37)
(28.6006 1.31098e-20 -1.14408e-22)
(26.1318 -1.42586e-34 1.24433e-36)
(27.7639 -4.25899e-36 3.71676e-38)
(25.0807 -2.31668e-34 2.02173e-36)
(25.0893 -2.3094e-34 2.01539e-36)
(28.0862 9.9088e-29 8.64728e-31)
(28.9213 6.48837e-156 5.66232e-158)
(28.5216 1.3554e-72 1.18284e-74)
(25.0558 -2.33775e-34 2.04012e-36)
(26.6904 -9.52428e-35 8.31171e-37)
(25.8586 -1.65742e-34 1.44641e-36)
(25.3974 -2.0483e-34 1.78753e-36)
(28.6615 7.82222e-114 -6.82635e-116)
(25.0332 -2.35695e-34 2.05688e-36)
(28.1061 9.10126e-21 -7.94255e-23)
(27.0444 -6.52416e-35 5.69354e-37)
(28.9346 8.56317e-58 7.47297e-60)
(26.0666 -1.48112e-34 1.29255e-36)
(25.2132 -2.20438e-34 1.92373e-36)
(24.9841 -2.39852e-34 2.09316e-36)
(28.5643 1.44699e-72 1.26277e-74)
(24.9918 -2.39201e-34 2.08748e-36)
(24.9479 -2.42926e-34 2.11998e-36)
(26.4539 -1.1529e-34 1.00612e-36)
(29.7329 1.76322e-113 1.53874e-115)
(28.7117 1.11818e-155 -9.75823e-158)
(26.7237 -9.24245e-35 8.06576e-37)
(25.023 -2.36557e-34 2.0644e-36)
(26.197 -1.37057e-34 1.19608e-36)
(24.9101 -2.46124e-34 2.14789e-36)
(25.1415 3.31142e-29 2.88987e-31)
(28.1805 2.13301e-44 -1.86145e-46)
(26.2954 4.91962e-22 -4.29329e-24)
(24.9226 -2.4507e-34 2.1387e-36)
(26.0427 -1.50137e-34 1.31023e-36)
(24.8993 -2.47044e-34 2.15592e-36)
(28.4062 3.67237e-153 3.20483e-155)
(25.6655 -1.82102e-34 1.58918e-36)
(29.4343 0.0385449 3.38813e-21)
(24.8951 -2.47395e-34 2.15898e-36)
(27.5844 -1.94735e-35 1.69942e-37)
(25.2352 -2.18576e-34 1.90749e-36)
(28.4794 2.46248e-73 2.14897e-75)
(25.707 -1.78587e-34 1.55851e-36)
(29.2393 8.66721e-73 -7.56376e-75)
(24.8485 -2.51352e-34 2.19352e-36)
(24.8528 -2.50986e-34 2.19032e-36)
(24.9078 -2.46318e-34 2.14959e-36)
(24.8436 -2.51759e-34 2.19707e-36)
(29.0497 1.05683e-56 -9.22278e-59)
(26.0043 -1.53395e-34 1.33865e-36)
(28.5663 1.13628e-108 9.91617e-111)
(29.7129 4.8101e-57 -4.19771e-59)
(26.6648 -9.74128e-35 8.50109e-37)
(29.7858 3.64093e-56 3.17739e-58)
(28.8948 2.17025e-156 -1.89395e-158)
(26.8953 -7.78737e-35 6.79593e-37)
(24.79 -2.56302e-34 2.23672e-36)
(28.7339 3.70066e-154 -3.22952e-156)
(27.9995 3.30354e-147 2.88296e-149)
(29.2159 3.38877e-30 -2.95734e-32)
(29.0485 4.62636e-57 4.03736e-59)
(25.0281 -2.36126e-34 2.06064e-36)
(26.8879 -7.85045e-35 6.85099e-37)
(24.7604 -2.58814e-34 2.25864e-36)
(24.8524 -2.51022e-34 2.19063e-36)
(26.9876 -7.00572e-35 6.1138e-37)
(27.0799 -6.22311e-35 5.43082e-37)
(27.7958 -1.55496e-36 1.357e-38)
(25.5547 -1.91497e-34 1.67117e-36)
(24.7385 -2.60674e-34 2.27486e-36)
(24.7314 -2.61276e-34 2.28013e-36)
(26.1737 -1.39031e-34 1.2133e-36)
(24.7314 -2.61273e-34 2.28009e-36)
(26.6936 -9.49752e-35 8.28836e-37)
(25.7721 -1.73068e-34 1.51034e-36)
(26.8316 -8.3272e-35 7.26704e-37)
(24.8297 -2.52938e-34 2.20736e-36)
(27.1308 2.47404e-25 2.15906e-27)
(26.7378 -9.12234e-35 7.96095e-37)
(25.6168 -1.8623e-34 1.62521e-36)
(25.6901 -1.80019e-34 1.571e-36)
(24.8299 -2.5292e-34 2.2072e-36)
(28.274 4.35439e-71 3.80002e-73)
(24.676 1.31856e-33 1.61491e-35)
(27.5705 -2.06483e-35 1.80195e-37)
(28.8044 4.36174e-156 -3.80643e-158)
(26.0963 -1.45591e-34 1.27055e-36)
(28.3193 1.79102e-156 -1.563e-158)
(28.6397 3.3284e-155 2.90465e-157)
(24.6442 -2.68665e-34 2.3446e-36)
(24.6356 -2.69393e-34 2.35096e-36)
(26.9613 -7.22807e-35 6.30784e-37)
(24.6324 -2.6966e-34 2.35329e-36)
(25.2174 -2.20083e-34 1.92063e-36)
(29.3066 2.17034e-73 1.89403e-75)
(28.0537 1.31993e-72 -1.15188e-74)
(29.2648 4.37262e-139 -3.81592e-141)
(27.8007 -1.14391e-36 9.98274e-39)
(27.4046 -3.47162e-35 3.02963e-37)
(24.5878 -2.73442e-34 2.38629e-36)
(24.5843 -2.73737e-34 2.38887e-36)
(29.8551 1.29368 0)
(29.6534 0.856551 -4.33681e-19)
(29.7769 0.464444 -2.1684e-19)
(29.6454 0.53227 -4.33681e-19)
(29.2793 0.624017 -5.42101e-20)
(29.7134 0.150429 -2.71051e-20)
(29.3097 0.262578 1.0842e-19)
(29.536 0.00875934 -6.77626e-21)
(29.5681 0.206158 1.0842e-19)
(29.4029 0.134134 0)
(29.2489 0.249245 0)
(29.2481 0.393308 2.1684e-19)
(29.411 0.0282446 6.77626e-21)
(29.2101 0.30212 1.0842e-19)
(29.2391 0.111367 5.42101e-20)
(28.2644 0.844227 4.33681e-19)
(29.3557 0.0416535 -2.71051e-20)
(29.1183 0.117172 2.71051e-20)
(29.0453 0.0885408 5.42101e-20)
(28.7466 0.393892 -2.1684e-19)
(29.1395 0.0551626 0)
(28.7294 0.564906 -4.33681e-19)
(28.9821 0.161577 -5.42101e-20)
(28.7625 0.299576 0)
(28.2231 0.558573 1.0842e-19)
(28.6633 0.301446 -6.77626e-20)
(28.6303 0.310539 5.42101e-20)
(28.9275 0.013194 -6.77626e-21)
(28.5978 0.295095 0)
(28.1463 0.647581 1.6263e-19)
(28.4385 0.284956 0)
(28.5768 0.179993 0)
(28.4634 0.162506 -5.42101e-20)
(28.3456 0.422528 0)
(28.4334 0.415793 0)
(27.9297 0.544299 -2.1684e-19)
(27.9367 0.440414 0)
(27.7697 0.586648 4.33681e-19)
(28.281 0.0942691 -5.42101e-20)
(27.9965 0.297163 0)
(28.2116 0.229486 -8.13152e-20)
(28.0982 0.111841 -5.42101e-20)
(28.0951 0.132021 -1.69407e-20)
(27.399 0.669502 -2.1684e-19)
(27.5734 0.508061 1.0842e-19)
(27.8541 0.126612 0)
(27.6359 0.411589 0)
(27.7809 0.118387 0)
(27.9127 0.201819 1.6263e-19)
(27.7142 0.170765 5.42101e-20)
(27.8778 0.0223474 1.35525e-20)
(27.6443 0.331938 -8.13152e-20)
(27.7057 -9.19615e-36 8.02536e-38)
(27.6864 0.163192 0)
(27.7438 0.0153654 0)
(25.7415 -1.7464e-34 1.54197e-36)
(27.726 0.0240553 0)
(27.6975 0.00396019 -1.69407e-21)
(27.2776 0.830368 1.0842e-19)
(27.7097 0.0169771 -6.77626e-21)
(27.4329 0.310177 4.06576e-20)
(27.4758 0.340816 -5.42101e-20)
(27.6952 0.253488 0)
(27.4241 0.083484 0)
(27.522 0.200742 0)
(27.3105 0.27198 0)
(27.1034 0.429441 -2.1684e-19)
(27.3399 0.364339 -1.0842e-19)
(27.2881 0.289196 0)
(27.3683 0.0218959 1.35525e-20)
(26.2557 -1.32085e-34 1.15269e-36)
(27.3225 0.0847547 -8.13152e-20)
(26.9579 0.395179 1.0842e-19)
(27.0194 0.0149351 -6.77626e-21)
(27.0263 0.0105073 -1.69407e-21)
(26.9827 0.097249 0)
(26.8916 0.113046 5.42101e-20)
(26.88 0.0145488 1.01644e-20)
(26.3668 0.712449 -1.0842e-19)
(26.7492 0.207919 1.21973e-19)
(26.1949 0.606485 0)
(26.7691 0.0692206 0)
(26.6526 0.280984 0)
(26.6006 0.155179 0)
(26.5749 0.141641 5.42101e-20)
(26.3904 0.289644 -1.35525e-20)
(26.4876 0.13342 0)
(26.2858 0.462104 -1.35525e-20)
(26.5609 0.145565 0)
(26.4261 0.14332 0)
(26.4777 0.15017 1.42302e-19)
(26.4868 0.200933 -1.0842e-19)
(26.4546 0.0172222 8.47033e-21)
(26.238 0.482158 -4.40457e-20)
(26.3293 0.244984 0)
(26.2881 0.248806 0)
(26.2626 0.0335798 0)
(26.2636 0.098572 0)
(26.3524 0.101248 0)
(26.1892 0.0411075 1.35525e-20)
(26.1525 0.220395 0)
(25.8526 0.0738492 0)
(25.9879 0.161081 -5.42101e-20)
(25.9664 0.139871 0)
(25.8975 0.134113 0)
(25.632 0.518393 1.0842e-19)
(25.7522 0.250157 -1.0842e-19)
(25.7406 0.190373 9.48677e-20)
(25.6615 0.157538 2.71051e-20)
(25.5431 0.168559 1.0842e-19)
(25.5003 0.0583217 2.71051e-20)
(25.3753 0.481696 2.1684e-19)
(25.4692 0.162681 0)
(25.3634 0.77101 -1.28749e-19)
(25.4838 0.0328458 -5.0822e-21)
(25.4051 0.190022 4.06576e-20)
(25.2495 0.445686 3.38813e-21)
(25.3745 0.315882 -1.0842e-19)
(25.3808 0.106367 4.06576e-20)
(25.2833 0.400429 2.1684e-19)
(25.3358 0.0514905 1.27055e-21)
(25.3116 0.238523 0)
(25.1996 0.31032 1.0842e-19)
(25.176 0.357756 -2.1684e-19)
(25.1784 0.13286 0)
(25.1908 0.12278 6.77626e-21)
(25.1403 0.163107 0)
(25.2153 0.0675857 -1.35525e-20)
(25.1659 0.0746063 0)
(25.114 0.0611063 -1.35525e-20)
(25.1047 0.0051989 -1.69407e-21)
(24.9984 0.000466559 1.46937e-39)
(25.03 0.395204 8.13152e-20)
(25.0627 0.129201 0)
(24.9721 0.144122 0)
(24.8898 0.462744 2.1684e-19)
(24.8999 0.340206 5.42101e-20)
(24.9007 0.07239 -5.42101e-20)
(24.8268 0.305631 0)
(24.7721 0.579159 2.1684e-19)
(24.7801 0.00261435 0)
(24.7179 0.636218 4.33681e-19)
(24.7426 0.156255 -4.06576e-20)
(24.769 0.0355976 -1.35525e-20)
(24.5742 0.0794645 2.71051e-20)
(33.9503 1.96612e-113 -1.7158e-115)
(36.6425 1.23451e-57 -1.07734e-59)
(34.3658 3.84394e-156 -3.35456e-158)
(35.2591 3.13231e-22 -2.73353e-24)
(36.9169 2.3805e-57 2.07743e-59)
(35.5255 2.46762e-102 -2.15346e-104)
(31.1776 3.54507e-155 3.09374e-157)
(33.6686 1.34049e-60 -1.16983e-62)
(36.2776 0.0307896 1.35525e-20)
(31.0029 1.55146e-156 1.35394e-158)
(32.2209 1.13852e-56 9.93567e-59)
(35.6156 4.10716e-22 3.58427e-24)
(33.9942 3.84178e-90 -3.35267e-92)
(31.3221 3.43928e-77 3.00141e-79)
(30.9123 3.03391e-125 2.64765e-127)
(33.5793 1.38605e-91 -1.20959e-93)
(35.0752 1.37051e-56 1.19602e-58)
(32.6824 1.12865e-21 9.8496e-24)
(33.8009 1.39854e-155 1.22048e-157)
(33.748 3.39065e-90 -2.95897e-92)
(34.7979 3.2831e-57 -2.86512e-59)
(33.3852 1.43503e-57 -1.25233e-59)
(34.1808 5.41086e-114 4.72199e-116)
(34.3088 1.78379e-155 1.55669e-157)
(35.716 4.06788e-155 -3.54999e-157)
(36.1923 3.62766e-90 3.16581e-92)
(33.9733 1.03141e-115 9.00095e-118)
(30.9384 1.02621e-56 -8.95557e-59)
(31.16 1.74033e-153 1.51877e-155)
(34.469 1.03236e-155 -9.00929e-158)
(33.2764 4.23153e-90 3.6928e-92)
(36.8644 3.44843e-57 -3.0094e-59)
(36.958 4.98843e-58 -4.35334e-60)
(34.2051 8.5778e-156 7.48574e-158)
(31.3791 2.08444e-56 -1.81906e-58)
(32.2272 2.2654e-155 -1.97699e-157)
(31.5488 1.40865e-73 1.22931e-75)
(31.9722 4.87781e-100 -4.2568e-102)
(35.504 5.17998e-156 -4.5205e-158)
(32.3365 1.21641e-100 -1.06154e-102)
(33.1518 3.78624e-22 -3.3042e-24)
(36.4711 8.46782e-85 -7.38976e-87)
(35.1437 1.05074e-155 9.16963e-158)
(33.5252 2.43844e-155 -2.12799e-157)
(30.8691 1.63977e-156 1.431e-158)
(31.7488 8.3689e-156 -7.30343e-158)
(31.204 2.55104e-90 -2.22626e-92)
(31.8194 1.37639e-90 1.20116e-92)
(32.7133 7.42723e-57 6.48164e-59)
(35.5381 2.36067e-23 2.06013e-25)
(33.7247 2.28465e-50 1.99379e-52)
(32.8686 2.24673e-57 1.9607e-59)
(30.629 4.88447e-108 4.26261e-110)
(33.8268 1.70301e-85 -1.48619e-87)
(35.2314 9.84007e-140 -8.5873e-142)
(35.9096 3.65854e-90 3.19276e-92)
(34.9443 7.83918e-74 6.84115e-76)
(32.037 8.30451e-51 -7.24723e-53)
(30.6083 1.07376e-155 9.37053e-158)
(33.8526 2.73976e-155 -2.39095e-157)
(35.512 1.50565e-156 -1.31396e-158)
(35.4119 2.78102e-156 -2.42696e-158)
(33.6864 1.39269e-157 -1.21538e-159)
(34.1997 6.47897e-57 -5.65411e-59)
(33.3896 1.8129e-155 -1.5821e-157)
(34.7467 5.29762e-158 -4.62317e-160)
(31.1356 1.17615e-21 1.02641e-23)
(36.2278 2.40604e-155 -2.09972e-157)
(30.5118 4.72575e-156 4.1241e-158)
(34.2202 8.91596e-125 7.78084e-127)
(30.4952 1.40895e-57 1.22957e-59)
(31.973 7.87368e-101 6.87125e-103)
(31.6309 6.13944e-22 -5.35781e-24)
(31.6946 1.25854e-101 -1.09831e-103)
(30.3945 2.31577e-56 -2.02094e-58)
(36.0184 3.49352e-104 -3.04875e-106)
(31.4645 2.15416e-155 1.87991e-157)
(34.8785 1.928e-56 1.68254e-58)
(30.4625 2.33273e-51 -2.03574e-53)
(32.4448 2.32548e-156 2.02941e-158)
(30.4542 2.54724e-156 2.22294e-158)
(34.7594 6.58119e-114 -5.74332e-116)
(31.3232 2.33433e-76 -2.03714e-78)
(32.534 2.35073e-57 2.05145e-59)
(33.0279 1.74794e-155 -1.52541e-157)
(31.1456 2.98976e-113 -2.60913e-115)
(31.0114 6.86606e-156 -5.99192e-158)
(31.0233 1.89118e-57 1.65041e-59)
(30.9292 4.00099e-155 -3.49161e-157)
(32.0901 4.22364e-90 3.68591e-92)
(33.1752 1.00508e-21 -8.77119e-24)
(35.5145 0.246911 -5.42101e-20)
(30.331 1.96561e-56 1.71537e-58)
(31.6365 8.66702e-114 -7.56359e-116)
(34.3347 2.44008e-155 -2.12942e-157)
(31.0333 4.26712e-139 -3.72386e-141)
(32.6251 1.39857e-155 -1.22051e-157)
(35.0579 1.29667e-56 1.13158e-58)
(36.6271 7.83986e-57 -6.84174e-59)
(32.9776 8.70832e-57 7.59964e-59)
(32.4294 7.55024e-101 -6.58899e-103)
(33.5752 4.14119e-157 3.61396e-159)
(30.9277 3.11123e-155 -2.71513e-157)
(35.1842 5.55208e-115 -4.84523e-117)
(34.4605 1.53054e-156 1.33569e-158)
(30.283 2.06915e-156 -1.80572e-158)
(36.5189 4.79254e-125 -4.18239e-127)
(32.5133 1.62305e-56 1.41642e-58)
(36.1482 5.02628e-59 4.38637e-61)
(30.2569 9.21402e-157 -8.04095e-159)
(30.8686 4.14527e-125 -3.61752e-127)
(35.8072 3.03262e-22 -2.64653e-24)
(35.0211 2.92957e-114 -2.5566e-116)
(37.0074 1.63107e-155 -1.42342e-157)
(35.3188 5.76605e-74 5.03196e-76)
(36.9348 1.20434e-22 1.05101e-24)
(31.7405 1.8825e-155 1.64283e-157)
(35.0186 2.07524e-156 -1.81103e-158)
(36.5559 8.00143e-156 6.98274e-158)
(36.7341 1.61658e-155 -1.41077e-157)
(30.1931 2.79959e-113 -2.44317e-115)
(30.7346 3.27127e-57 -2.85479e-59)
(32.0358 1.30248e-76 -1.13665e-78)
(34.8613 4.86071e-157 4.24187e-159)
(33.0053 2.39528e-51 2.09033e-53)
(36.1659 3.52299e-131 -3.07447e-133)
(30.4792 1.13576e-138 9.91159e-141)
(36.3811 3.48284e-131 3.03943e-133)
(30.0945 1.43883e-56 -1.25565e-58)
(36.7475 8.67848e-58 -7.5736e-60)
(31.5586 1.42644e-124 -1.24483e-126)
(30.1211 3.32411e-54 2.9009e-56)
(35.8443 3.41592e-102 2.98102e-104)
(30.115 2.23092e-155 1.9469e-157)
(30.9891 1.9783e-56 -1.72643e-58)
(33.6852 8.33605e-158 -7.27476e-160)
(33.5656 7.30539e-156 6.37532e-158)
(35.9196 4.0948e-155 -3.57348e-157)
(35.1438 8.7969e-156 7.67694e-158)
(30.0818 1.60674e-153 1.40218e-155)
(30.0781 3.31867e-113 2.89616e-115)
(30.4207 1.37022e-154 -1.19577e-156)
(30.0565 2.84425e-113 2.48214e-115)
(31.3777 2.14422e-99 -1.87123e-101)
(31.3137 5.41993e-154 -4.7299e-156)
(30.3006 1.78896e-155 1.5612e-157)
(34.9883 4.56051e-155 -3.97989e-157)
(36.3235 3.45805e-22 -3.01779e-24)
(35.5602 1.67868e-156 -1.46496e-158)
(30.0421 1.67187e-113 1.45902e-115)
(37.0048 6.99997e-156 -6.10879e-158)
(30.0531 1.30571e-155 -1.13948e-157)
(36.4318 6.31386e-156 -5.51002e-158)
(35.0519 2.62445e-57 2.29032e-59)
(30.814 4.46514e-154 3.89667e-156)
(36.5319 4.15129e-57 3.62278e-59)
(31.2737 7.77888e-157 -6.78853e-159)
(36.1401 2.93058e-155 2.55747e-157)
(36.6464 4.41759e-131 -3.85517e-133)
(30.0228 3.00626e-113 -2.62352e-115)
(33.9565 7.00621e-156 6.11423e-158)
(32.524 3.79284e-125 -3.30996e-127)
(32.2728 6.65504e-22 -5.80777e-24)
(34.0736 9.97925e-75 8.70876e-77)
(31.8306 1.22807e-112 1.07172e-114)
(33.8104 1.12539e-156 9.82111e-159)
(33.227 6.16782e-156 -5.38258e-158)
(32.1083 9.3189e-156 8.13248e-158)
(34.9501 3.96385e-73 -3.4592e-75)
(29.9867 5.91766e-113 5.16426e-115)
(31.2241 8.53585e-156 7.44912e-158)
(33.8688 6.48649e-156 5.66067e-158)
(32.2329 3.93125e-155 3.43075e-157)
(29.9429 5.51266e-155 4.81083e-157)
(31.833 1.38969e-55 1.21276e-57)
(36.5778 9.27237e-103 8.09187e-105)
(31.1778 1.94332e-156 1.69591e-158)
(34.0352 5.91255e-25 5.1598e-27)
(32.6271 4.51155e-57 3.93717e-59)
(29.9934 2.12644e-138 -1.85571e-140)
(37.1695 0.944085 -8.67362e-19)
(36.9588 2.40835e-157 2.10173e-159)
(35.4581 3.33406e-125 -2.90959e-127)
(37.1193 0.777255 0)
(36.6372 1.07043 0)
(34.0757 2.94167e-101 -2.56716e-103)
(36.9886 0.515137 -2.1684e-19)
(36.8112 0.597828 0)
(36.5651 0.70817 -5.42101e-20)
(36.9048 0.414668 4.74338e-20)
(36.6162 0.443097 -3.25261e-19)
(36.8108 0.712385 0)
(36.9027 0.36372 1.0842e-19)
(35.6306 1.25024 1.55854e-19)
(36.5792 0.555087 -2.1684e-19)
(36.8789 0.285874 0)
(36.3607 0.455318 5.42101e-20)
(36.313 0.780348 0)
(36.4866 0.449853 0)
(36.5295 0.358705 3.25261e-19)
(36.7995 0.0549804 0)
(35.024 5.29268e-156 4.61885e-158)
(36.7681 0.138765 0)
(36.4439 0.498789 -2.1684e-19)
(36.4277 0.187669 0)
(36.3724 0.635004 0)
(35.7867 0.869081 0)
(35.4336 1.00328 0)
(35.948 0.523427 4.33681e-19)
(36.1567 0.342 -2.71051e-19)
(36.2882 0.0703737 0)
(35.5523 0.721217 8.13152e-20)
(36.0869 0.250377 -5.42101e-20)
(36.2425 0.0111489 7.6233e-21)
(36.1702 0.173317 0)
(35.9843 0.208274 -1.49078e-19)
(35.7605 0.453123 1.0842e-19)
(35.8944 0.0776774 0)
(35.7159 0.437342 1.0842e-19)
(35.9088 0.236418 5.42101e-20)
(35.6895 0.749013 0)
(31.3406 1.03653e-51 -9.04565e-54)
(35.9713 0.131602 5.42101e-20)
(35.6854 0.346492 0)
(35.8309 0.153698 -5.42101e-20)
(35.52 0.403933 0)
(35.7831 0.141346 -1.35525e-20)
(35.2813 0.56311 -2.1684e-19)
(35.6642 0.47132 -2.1684e-19)
(35.8409 0.020699 1.48231e-21)
(35.1832 0.521375 0)
(35.4148 0.354275 0)
(35.1807 0.594024 0)
(35.4644 0.336779 0)
(34.9778 0.663818 0)
(35.6241 0.0186415 -3.38813e-21)
(35.411 0.030985 0)
(35.1966 0.309115 0)
(34.8729 0.624502 1.0842e-19)
(35.1694 0.281139 2.71051e-19)
(34.8196 0.457092 -1.35525e-19)
(34.8201 0.359025 1.49078e-19)
(34.6403 0.850558 5.42101e-20)
(34.8655 0.0131727 3.38813e-21)
(34.7508 0.187168 0)
(35.0388 0.447566 2.1684e-19)
(34.946 0.15914 1.0842e-19)
(34.3542 0.127398 -1.35525e-20)
(34.6097 0.548072 0)
(34.2975 0.902318 0)
(34.6244 0.364887 4.06576e-20)
(34.8635 0.0436991 -6.77626e-21)
(34.2983 0.654829 0)
(34.4289 0.426596 0)
(34.8684 0.235281 -5.42101e-20)
(34.2918 0.015371 -6.77626e-21)
(34.274 0.482736 -2.1684e-19)
(34.4281 0.375444 -1.0842e-19)
(34.4284 0.342252 5.42101e-20)
(34.2104 0.64809 3.25261e-19)
(34.5321 0.124218 0)
(34.0866 0.546784 0)
(34.4934 0.291069 2.1684e-19)
(34.1101 0.258711 -1.0842e-19)
(33.5447 0.911814 2.1684e-19)
(34.1781 0.288002 2.03288e-20)
(30.6628 2.91174e-57 2.54104e-59)
(34.2649 0.0557936 5.42101e-20)
(34.2821 0.125014 0)
(30.1862 8.68858e-57 -7.58241e-59)
(34.2016 0.124184 6.77626e-21)
(34.2917 0.00489562 -1.69407e-21)
(34.1266 0.149461 -1.35525e-20)
(33.5805 0.857784 4.33681e-19)
(33.812 0.384191 -1.0842e-19)
(33.5645 0.566519 1.6263e-19)
(33.8664 0.0973251 2.71051e-20)
(34.0762 0.0896877 -5.42101e-20)
(33.7475 0.541505 1.0842e-19)
(30.6481 4.78046e-156 -4.17184e-158)
(33.2779 0.767224 4.33681e-19)
(33.7547 0.201593 0)
(33.7749 0.0408 2.37169e-20)
(33.646 0.111917 -5.42101e-20)
(33.7445 0.0282045 -3.38813e-21)
(33.5098 0.164968 1.35525e-20)
(33.5658 0.0449748 -2.03288e-20)
(33.5632 0.0802946 -2.71051e-20)
(33.2145 0.61432 -2.1684e-19)
(33.3496 0.0956543 5.42101e-20)
(33.4706 0.00661272 -8.47033e-22)
(33.348 0.0740759 -2.71051e-20)
(33.0611 0.464099 0)
(33.2504 0.218346 0)
(33.2867 0.0890712 8.04681e-21)
(33.392 0.129887 1.0842e-19)
(33.2768 0.0954019 -2.71051e-20)
(33.1475 0.444179 4.06576e-20)
(32.932 0.537112 2.1684e-19)
(33.1469 0.261373 -1.0842e-19)
(33.3062 0.0942048 0)
(33.0543 0.339928 -2.1684e-19)
(32.7519 0.530167 1.0842e-19)
(33.1799 0.0783662 0)
(33.2375 0.0784027 1.52466e-20)
(33.1289 0.137019 0)
(33.0874 0.151798 1.35525e-20)
(32.9319 0.0163368 3.38813e-21)
(32.9884 0.410998 0)
(32.8738 0.225307 0)
(32.7915 0.317526 0)
(32.7924 0.0936542 0)
(32.4347 0.660799 4.33681e-19)
(32.6868 0.233167 1.0842e-19)
(32.6665 0.0923574 1.35525e-20)
(32.6278 0.0826483 0)
(32.4659 0.281227 1.0842e-19)
(32.2132 0.900741 1.0842e-19)
(32.4647 0.19762 -2.71051e-20)
(32.2997 0.55672 0)
(32.4575 0.155727 0)
(32.4048 0.233693 1.0842e-19)
(32.4154 0.151252 -1.0842e-19)
(32.293 0.499491 2.71051e-20)
(32.2875 0.335962 8.13152e-20)
(32.1058 0.640142 4.33681e-19)
(32.1011 0.799566 4.33681e-19)
(31.9684 0.972545 -8.67362e-19)
(32.2868 0.223209 0)
(32.2003 0.300789 0)
(32.043 0.402582 0)
(32.1022 0.670197 5.42101e-20)
(32.0375 0.0464222 2.71051e-20)
(32.0105 0.333155 1.0842e-19)
(32.0498 0.0149826 0)
(31.9132 0.0673287 -2.71051e-20)
(31.9107 0.0154658 -1.69407e-21)
(31.8996 0.0421306 6.77626e-21)
(31.8478 0.117659 5.42101e-20)
(31.6213 0.535322 8.13152e-20)
(31.7457 0.25218 -5.42101e-20)
(30.0867 7.60437e-156 -6.63623e-158)
(31.746 0.100485 6.77626e-21)
(31.8111 0.761092 4.33681e-19)
(31.5113 0.607491 -1.6263e-19)
(31.6319 0.489317 -2.1684e-19)
(31.4736 0.57407 0)
(31.5663 0.276214 9.48677e-20)
(31.578 0.0740483 0)
(31.5463 0.122386 -1.35525e-20)
(31.573 0.2379 1.0842e-19)
(29.8207 7.00893e-156 -6.1166e-158)
(31.3642 0.202921 0)
(31.3479 0.0263746 -1.35525e-20)
(31.2797 0.119343 1.0842e-19)
(31.3003 0.09337 5.42101e-20)
(31.1951 0.302797 5.42101e-20)
(31.1379 0.409654 2.1684e-19)
(31.1148 0.304056 2.71051e-20)
(31.1088 0.0355174 -5.42101e-20)
(31.2357 0.3292 5.42101e-20)
(31.0731 0.175026 0)
(30.9892 0.342534 -1.0842e-19)
(30.9078 0.493591 -1.0842e-19)
(30.8452 0.0169205 0)
(30.7342 0.316255 -5.42101e-20)
(30.7291 0.317105 -1.0842e-19)
(30.7274 0.0946709 -5.42101e-20)
(30.7088 0.0496051 -2.71051e-20)
(30.6368 0.505997 -4.33681e-19)
(30.6207 0.105488 4.06576e-20)
(29.8102 1.27909e-153 1.11625e-155)
(30.6477 0.129615 0)
(30.541 0.18502 0)
(30.4829 0.0745498 1.35525e-20)
(30.467 0.18805 1.0842e-19)
(30.4491 0.264263 0)
(30.4337 0.0335893 -2.71051e-20)
(30.4314 0.0630862 3.98105e-20)
(30.2905 0.494759 0)
(30.2914 0.12128 0)
(30.2313 0.228908 1.0842e-19)
(30.1587 0.412863 0)
(30.142 0.24476 1.6263e-19)
(30.0943 0.127401 2.03288e-20)
(30.0759 0.174543 0)
(30.1718 1.10356 2.1684e-19)
(30.0603 0.00541856 -1.69407e-21)
(30.0485 0.140179 -2.71051e-20)
(30.1739 0.690255 -4.33681e-19)
(30.0281 0.470605 2.1684e-19)
(29.8765 0.0865231 3.38813e-21)
(29.822 0.44361 -4.33681e-19)
(29.8168 0.19746 0)
(29.8152 0.147957 0)
(29.8095 0.461208 -2.1684e-19)
(29.8112 0.211487 -1.0842e-19)
(38.1042 3.48176e-139 -3.03848e-141)
(40.792 2.69832e-155 -2.35479e-157)
(51.9838 1.63044e-157 1.42287e-159)
(44.521 1.16727e-41 1.01866e-43)
(43.3539 3.37679e-76 -2.94688e-78)
(42.5664 2.59464e-156 -2.2643e-158)
(42.2834 8.29831e-155 -7.24183e-157)
(50.0171 2.74549e-155 2.39595e-157)
(43.7723 4.49104e-31 3.91927e-33)
(38.407 1.59902e-90 1.39545e-92)
(46.6105 0 0)
(38.0958 1.00006e-155 -8.72741e-158)
(40.7156 9.46199e-160 8.25735e-162)
(44.661 6.63143e-145 -5.78716e-147)
(42.9786 3.4749e-57 3.0325e-59)
(44.8658 1.39659e-41 -1.21879e-43)
(52.322 7.70124e-32 6.72077e-34)
(51.9313 0 0)
(46.0923 1.97509e-155 1.72363e-157)
(38.9324 1.21283e-155 -1.05842e-157)
(48.4091 0 0)
(42.376 1.46152e-155 -1.27545e-157)
(50.2701 0 0)
(40.2883 4.66202e-139 -4.06849e-141)
(39.6997 1.12294e-103 -9.79979e-106)
(51.7363 3.73739e-33 -3.26157e-35)
(39.3833 1.7534e-155 1.53017e-157)
(44.609 1.68776e-41 -1.47288e-43)
(41.3479 1.33358e-113 -1.1638e-115)
(47.1358 6.09194e-128 -5.31636e-130)
(49.0631 0 0)
(41.3007 6.89709e-62 6.019e-64)
(39.7193 1.81025e-102 -1.57978e-104)
(47.5174 2.48627e-107 -2.16974e-109)
(41.9957 3.59148e-156 3.13424e-158)
(43.5424 3.01671e-155 2.63264e-157)
(42.5486 1.86705e-156 1.62935e-158)
(44.2254 2.54514e-73 -2.22111e-75)
(42.7995 2.57176e-156 2.24434e-158)
(40.3815 3.31009e-155 2.88867e-157)
(39.1044 4.29429e-125 3.74757e-127)
(38.9016 2.55358e-74 2.22848e-76)
(39.1211 1.98435e-56 -1.73172e-58)
(40.3381 3.43559e-30 2.99819e-32)
(43.2719 1.42082e-155 1.23993e-157)
(51.3959 0.265385 -1.6263e-19)
(40.0271 5.83671e-139 5.09362e-141)
(45.3776 1.34573e-156 -1.1744e-158)
(40.7844 6.75758e-156 -5.89725e-158)
(49.8529 6.17419e-128 5.38814e-130)
(43.2615 4.71793e-58 4.11728e-60)
(47.8485 2.9009e-155 -2.53158e-157)
(52.0677 5.79154e-154 5.0542e-156)
(50.2129 1.80778e-40 -1.57763e-42)
(49.5978 6.56021e-111 5.72501e-113)
(47.5708 4.21318e-156 -3.67679e-158)
(45.1537 2.32489e-156 -2.0289e-158)
(43.5471 3.92701e-156 3.42705e-158)
(48.4257 0 0)
(46.9467 1.67695e-121 -1.46346e-123)
(43.1301 8.1832e-57 -7.14137e-59)
(51.7709 0 0)
(45.9772 7.21696e-157 6.29814e-159)
(47.9744 0 0)
(44.5092 2.08327e-102 1.81804e-104)
(51.294 0 0)
(46.1406 2.97914e-14 -3.82317e-33)
(50.0832 0 0)
(41.6921 1.59437e-61 -1.39139e-63)
(39.082 9.73413e-57 8.49485e-59)
(52.8153 1.82189e-79 1.58994e-81)
(43.6466 4.99025e-156 4.35492e-158)
(38.893 3.11282e-74 -2.71652e-76)
(39.1628 2.99798e-114 -2.6163e-116)
(46.5804 1.10159e-122 9.61341e-125)
(40.8356 1.24767e-155 1.08882e-157)
(43.7074 6.25321e-103 5.4571e-105)
(43.0553 3.0558e-155 2.66676e-157)
(50.0845 0 0)
(39.1245 4.25642e-156 3.71452e-158)
(45.0286 6.49899e-91 5.67159e-93)
(39.3035 1.09741e-90 9.57696e-93)
(38.5616 3.0809e-103 -2.68866e-105)
(47.2656 3.59791e-45 3.13985e-47)
(37.6957 3.99276e-61 3.48443e-63)
(37.9312 2.06153e-101 1.79907e-103)
(37.7121 9.02266e-139 -7.87396e-141)
(42.4832 2.969e-154 -2.59101e-156)
(44.6632 5.72912e-74 -4.99972e-76)
(49.9066 2.46377e-115 2.1501e-117)
(38.3656 3.61806e-156 -3.15743e-158)
(38.1072 3.63428e-156 3.17159e-158)
(40.3294 1.7483e-155 -1.52572e-157)
(41.3841 7.67872e-156 -6.70111e-158)
(43.3753 1.34349e-104 1.17244e-106)
(49.2328 0 0)
(37.9284 4.68535e-156 4.08884e-158)
(43.1431 2.1166e-56 1.84713e-58)
(48.0299 1.7929e-155 -1.56464e-157)
(38.2111 1.41019e-61 -1.23066e-63)
(41.9125 5.45022e-155 4.75633e-157)
(46.3854 2.31936e-156 -2.02407e-158)
(39.3184 2.29857e-154 -2.00594e-156)
(37.6958 8.28232e-156 7.22787e-158)
(43.1262 2.4037e-139 -2.09768e-141)
(49.1069 1.14494e-50 9.99173e-53)
(52.1057 7.13545e-124 6.22701e-126)
(46.1592 0 0)
(38.7473 3.92455e-155 -3.4249e-157)
(37.5828 9.92724e-91 8.66337e-93)
(46.8601 2.45329e-154 -2.14096e-156)
(48.1473 5.87455e-157 5.12665e-159)
(46.5797 6.7292e-107 -5.87248e-109)
(52.1699 6.56525e-123 -5.72941e-125)
(40.9369 1.15706e-155 -1.00975e-157)
(51.8071 9.70321e-65 8.46786e-67)
(52.6346 6.66915e-156 5.82008e-158)
(43.8104 2.81706e-73 -2.45841e-75)
(47.3095 4.89539e-38 -4.27214e-40)
(40.4307 4.69769e-43 -4.09962e-45)
(42.5483 1.27419e-90 1.11197e-92)
(50.689 1.97576e-75 -1.72422e-77)
(47.9912 5.6856e-90 4.96175e-92)
(48.4402 0 0)
(40.6561 3.26044e-156 -2.84534e-158)
(43.045 1.2232e-155 1.06747e-157)
(49.4899 2.0786e-133 1.81396e-135)
(49.0229 0 0)
(51.9687 5.19153e-156 -4.53058e-158)
(46.0329 8.56252e-108 7.4724e-110)
(50.5092 1.56061e-155 1.36192e-157)
(46.5886 7.70541e-65 6.72441e-67)
(46.3825 0 0)
(42.4791 1.73634e-156 1.51528e-158)
(45.2145 9.20063e-57 -8.02927e-59)
(42.3594 1.16053e-41 1.01278e-43)
(38.8794 3.15374e-114 2.75223e-116)
(40.2305 4.11646e-157 3.59238e-159)
(40.2501 4.30805e-155 -3.75958e-157)
(38.1971 3.94084e-108 3.43912e-110)
(42.0386 1.01967e-139 -8.89852e-142)
(45.9947 0.00187282 0)
(37.4624 2.85898e-58 -2.49499e-60)
(42.5272 2.92678e-74 2.55417e-76)
(43.2754 7.89643e-157 -6.89111e-159)
(42.2416 2.16356e-156 -1.88811e-158)
(38.7741 3.83835e-156 3.34967e-158)
(42.7922 9.16214e-91 -7.99568e-93)
(48.9408 1.30227e-39 1.13647e-41)
(48.004 3.06609e-128 2.67573e-130)
(37.8944 2.27914e-156 1.98897e-158)
(40.662 1.43764e-155 1.25461e-157)
(41.7598 6.0746e-156 5.30123e-158)
(37.9045 7.79861e-156 -6.80574e-158)
(40.0388 1.73865e-90 -1.5173e-92)
(49.0535 2.11847e-121 1.84876e-123)
(51.612 0 0)
(51.8048 3.8818e-156 3.3876e-158)
(37.4262 3.5019e-90 -3.05606e-92)
(38.1069 1.81115e-156 -1.58057e-158)
(45.2111 2.55876e-91 -2.233e-93)
(44.9205 7.33096e-24 -6.39763e-26)
(41.6144 1.00893e-102 8.80483e-105)
(52.9957 0 0)
(42.1466 9.72526e-23 8.48711e-25)
(38.4948 4.03003e-156 3.51695e-158)
(40.9601 5.78536e-103 5.04881e-105)
(42.81 9.00675e-42 7.86007e-44)
(41.841 4.26658e-155 -3.72339e-157)
(49.332 0 0)
(44.7114 1.55817e-155 -1.3598e-157)
(45.1609 6.29187e-156 5.49083e-158)
(49.767 1.53115e-155 1.33621e-157)
(37.6679 6.61104e-63 5.76936e-65)
(38.7159 3.17532e-156 2.77106e-158)
(46.9625 1.30387e-156 1.13787e-158)
(45.2487 4.33332e-125 -3.78163e-127)
(40.3543 6.73365e-31 -5.87637e-33)
(46.3851 1.39029e-122 1.21329e-124)
(37.7174 1.20446e-155 1.05111e-157)
(43.7221 1.67599e-155 1.46262e-157)
(45.5159 1.19221e-91 1.04043e-93)
(45.2678 5.04418e-57 -4.40199e-59)
(40.028 3.21544e-57 2.80607e-59)
(37.3205 3.38539e-58 -2.95438e-60)
(45.5099 4.89499e-156 4.27179e-158)
(42.9951 3.52989e-155 -3.08049e-157)
(52.1067 2.66825e-153 2.32855e-155)
(48.5323 0 0)
(37.303 4.12037e-57 3.59579e-59)
(52.4058 0 0)
(37.2878 5.00962e-22 4.37183e-24)
(38.366 6.77684e-125 -5.91406e-127)
(43.1749 1.41188e-22 1.23213e-24)
(47.1877 1.46983e-127 1.2827e-129)
(38.4824 3.88257e-42 -3.38826e-44)
(44.7494 6.21878e-156 -5.42705e-158)
(37.2564 6.09796e-139 5.32161e-141)
(47.7325 0 0)
(41.3052 2.49862e-155 -2.18051e-157)
(48.896 2.78226e-90 2.42804e-92)
(48.2998 1.82163e-156 1.58971e-158)
(52.6119 1.309 -8.67362e-19)
(47.5646 1.23279e-155 -1.07584e-157)
(37.9938 2.85584e-58 2.49225e-60)
(52.8492 1.31438 0)
(52.302 1.56365 0)
(52.7524 0.998538 0)
(52.5291 1.17808 0)
(40.1597 2.17491e-156 1.89801e-158)
(52.938 1.01681 4.33681e-19)
(51.9277 1.06563 0)
(49.8782 4.07769e-123 -3.55854e-125)
(52.733 0.668626 4.33681e-19)
(52.5959 0.306046 0)
(52.9603 0.202927 0)
(38.0679 2.69393e-57 -2.35095e-59)
(52.1914 0.727467 2.1684e-19)
(50.3838 1.31263 0)
(51.2002 1.10332 -4.33681e-19)
(51.7881 1.6906 0)
(51.4516 0.741465 -1.0842e-19)
(52.0817 0.624472 -5.42101e-20)
(52.6401 0.203793 3.38813e-21)
(52.5306 0.47683 1.0842e-19)
(52.0551 0.453394 1.0842e-19)
(52.7714 0.238553 2.71051e-20)
(52.5626 0.0153902 -3.38813e-21)
(51.3203 0.770345 0)
(52.6202 0.743434 0)
(45.2792 1.34793e-57 -1.17632e-59)
(52.4087 0.0854152 5.42101e-20)
(51.105 1.28223 0)
(51.6694 0.75868 0)
(52.1646 0.116173 2.71051e-20)
(44.6974 1.43603e-155 1.25321e-157)
(52.2173 0.20121 0)
(51.9569 0.156605 0)
(51.9606 0.145295 1.35525e-20)
(52.7971 0.496944 -1.0842e-19)
(51.2961 0.0484019 2.71051e-20)
(51.7523 0.394514 2.1684e-19)
(51.3624 0.549808 -2.1684e-19)
(51.5427 0.254092 9.14796e-20)
(50.589 0.747321 0)
(51.72 0.0883573 0)
(51.551 0.919845 -3.25261e-19)
(48.7639 8.54602e-44 7.458e-46)
(50.7145 1.02103 0)
(51.6214 0.264114 -1.0842e-19)
(51.7205 0.0380099 -4.57398e-20)
(51.2644 0.582664 -2.1684e-19)
(51.3519 0.425261 0)
(50.4828 0.496879 -4.33681e-19)
(51.3348 0.00673425 0)
(50.8824 0.375195 -1.0842e-19)
(51.282 0.360025 0)
(51.1673 0.392891 0)
(50.995 0.337249 -1.0842e-19)
(51.0057 0.207645 -5.42101e-20)
(51.3133 0.327079 1.0842e-19)
(50.9826 0.207281 0)
(50.8093 0.111526 5.42101e-20)
(46.5622 2.33203e-156 2.03513e-158)
(50.911 0.423946 0)
(51.1571 0.813217 2.1684e-19)
(44.18 8.41355e-155 -7.34239e-157)
(50.9554 0.343416 1.0842e-19)
(50.8294 0.668583 2.1684e-19)
(49.4016 1.16242 -6.50521e-19)
(50.5884 0.315555 1.0842e-19)
(46.5881 3.0563e-155 2.66719e-157)
(50.3073 1.10248 4.33681e-19)
(48.7965 2.05392 0)
(50.7296 0.0903581 -3.38813e-20)
(50.8169 0.1104 -2.71051e-20)
(49.9482 0.680867 0)
(50.3233 0.405766 0)
(50.5153 0.708809 2.1684e-19)
(50.0241 0.125967 5.42101e-20)
(49.6783 0.295169 1.0842e-19)
(50.4444 0.290505 2.1684e-19)
(49.5289 0.874492 0)
(50.253 0.237874 -1.0842e-19)
(47.9333 1.47727 -4.33681e-19)
(50.3456 0.123395 0)
(49.7378 0.688008 -5.42101e-20)
(50.2745 0.0198838 3.38813e-21)
(49.0966 1.02566 2.1684e-19)
(50.2817 0.0283972 -6.77626e-21)
(48.8754 1.11761 0)
(48.1833 2.19596 1.73472e-18)
(37.8142 3.07186e-155 -2.68077e-157)
(49.7616 0.11566 -3.21873e-20)
(49.129 3.86279e-72 3.371e-74)
(49.9115 0.34909 0)
(49.3645 0.881457 -4.33681e-19)
(42.8973 3.53491e-157 3.08487e-159)
(49.9048 0.118013 5.42101e-20)
(50.4947 0.0894281 0)
(49.7231 0.319791 -8.13152e-20)
(49.6554 0.291102 -1.0842e-19)
(49.9685 0.271336 8.13152e-20)
(49.8083 0.109617 4.23516e-20)
(37.7966 3.41796e-157 2.98281e-159)
(49.7297 0.0799773 5.42101e-20)
(49.7235 0.0482386 8.47033e-21)
(49.4256 0.411004 0)
(49.6553 0.209301 0)
(49.6039 0.272414 -8.13152e-20)
(49.7093 0.295366 0)
(49.6203 0.264806 0)
(49.1738 0.475715 -4.33681e-19)
(45.1646 3.167e-154 2.7638e-156)
(49.2726 0.254145 0)
(49.0551 0.47181 -5.42101e-20)
(49.3132 0.386453 0)
(48.0651 0.987661 -1.6263e-19)
(49.262 0.144631 5.42101e-20)
(47.6715 1.38011 0)
(49.0489 0.250295 2.71051e-20)
(48.9944 0.0701254 8.47033e-21)
(48.842 0.424361 0)
(48.3523 0.673326 1.0842e-19)
(48.7268 0.589039 -4.33681e-19)
(48.5433 0.582739 2.1684e-19)
(48.8511 0.385548 0)
(48.6139 0.339832 0)
(47.6489 2.90456e-127 -2.53477e-129)
(48.6264 0.0272576 -5.0822e-21)
(48.7122 0.266822 -2.71051e-20)
(38.2778 9.36115e-42 8.16935e-44)
(48.4436 0.208018 -6.77626e-21)
(48.1428 0.534882 0)
(48.6543 0.0673079 -4.74338e-20)
(48.3851 0.150367 -2.71051e-20)
(48.0997 0.41304 2.1684e-19)
(39.5712 3.49951e-102 -3.05398e-104)
(48.11 0.797728 4.33681e-19)
(47.981 0.331161 1.0842e-19)
(48.5397 0.0545569 -1.35525e-20)
(48.0305 0.111043 -5.42101e-20)
(48.8454 0.250429 -1.0842e-19)
(48.2005 0.219116 -1.0842e-19)
(48.1423 0.12845 0)
(47.7621 0.515124 -4.33681e-19)
(47.9073 0.0697407 0)
(47.57 0.19185 1.6263e-19)
(46.9359 0.860569 -4.33681e-19)
(47.7714 0.202803 0)
(46.9888 1.18816 2.1684e-19)
(47.9168 0.448552 2.1684e-19)
(47.3338 0.557994 -5.42101e-20)
(47.1833 0.107204 0)
(47.1023 0.714047 -4.33681e-19)
(46.8242 2.45746e-65 -2.14459e-67)
(47.3805 0.189686 2.71051e-20)
(37.1506 6.66435e-156 5.81589e-158)
(46.4707 1.97112 -1.30104e-18)
(47.2853 0.285582 1.0842e-19)
(47.1794 0.257641 1.35525e-20)
(46.2882 1.12872 -3.25261e-19)
(47.59 0.124798 -4.06576e-20)
(46.4712 0.880499 -2.1684e-19)
(46.8614 0.541013 5.42101e-20)
(47.0547 0.149294 -1.0842e-19)
(47.0888 0.0274101 1.35525e-20)
(47.0359 0.382217 1.0842e-19)
(45.8828 1.3835 0)
(46.9199 0.203439 -1.35525e-20)
(46.7305 0.557315 0)
(46.8128 0.213093 2.71051e-20)
(46.8213 0.16406 2.71051e-20)
(46.8579 0.14529 0)
(46.7419 0.116975 0)
(46.7769 0.123857 0)
(37.1358 1.93429e-155 -1.68803e-157)
(46.5133 0.617201 2.1684e-19)
(46.6417 0.0346906 1.35525e-20)
(45.7404 1.41485 4.33681e-19)
(46.3855 0.215718 0)
(45.4976 4.34119e-124 -3.7885e-126)
(38.911 3.45256e-156 -3.01301e-158)
(46.4421 0.483282 0)
(46.2505 0.205064 0)
(46.3005 0.271499 5.42101e-20)
(45.2107 1.26563 0)
(46.4635 0.349213 -2.1684e-19)
(46.2624 0.0550653 -1.35525e-20)
(46.0518 0.707069 -2.1684e-19)
(46.3656 0.371606 1.6263e-19)
(45.8537 0.206061 0)
(45.4686 0.821344 0)
(38.2788 7.15171e-91 -6.2412e-93)
(46.0577 0.112744 0)
(43.8069 3.50538 -8.67362e-19)
(46.1915 0.000248505 5.87747e-39)
(45.6266 0.466524 -2.1684e-19)
(45.7084 0.497192 0)
(46.0129 0.381608 -2.1684e-19)
(45.7939 0.00990063 -4.23516e-22)
(45.7908 0.386077 2.98156e-19)
(42.7073 2.36019e-156 2.0597e-158)
(46.503 0.000606462 -1.17549e-38)
(45.4759 0.475395 -5.42101e-20)
(45.6611 0.16146 -5.42101e-20)
(45.7551 0.395737 0)
(45.5017 0.15221 1.0842e-19)
(45.4121 0.396065 0)
(45.4211 0.219218 -5.42101e-20)
(45.4579 0.0287324 -1.35525e-20)
(45.5856 0.148439 0)
(45.8432 0.291062 0)
(45.4131 0.363966 1.0842e-19)
(45.0679 0.447217 -1.0842e-19)
(45.1055 0.0452644 2.71051e-20)
(45.2633 0.162091 -5.42101e-20)
(44.2396 1.02496 0)
(45.0749 0.649604 -4.33681e-19)
(45.1768 0.124922 5.42101e-20)
(45.0446 0.0422842 1.69407e-21)
(37.112 1.22162e-155 -1.0661e-157)
(42.9098 6.25764e-102 5.46096e-104)
(44.8187 0.0198948 1.69407e-21)
(44.6815 0.284175 0)
(44.8351 0.259822 -1.0842e-19)
(41.844 1.08452e-131 9.46449e-134)
(44.5191 0.29782 -1.0842e-19)
(43.4491 2.44072 -2.1684e-18)
(44.7271 0.594716 2.1684e-19)
(44.2702 0.660747 0)
(37.6367 2.18551e-91 1.90727e-93)
(44.5036 0.166457 5.42101e-20)
(44.5769 0.252888 -2.57498e-19)
(44.4044 0.0834224 -6.77626e-21)
(44.4847 0.502837 -1.0842e-19)
(39.9892 1.69168e-156 -1.4763e-158)
(44.3524 0.187096 0)
(43.3 1.08872 0)
(44.3685 0.194387 1.35525e-20)
(44.5355 0.570107 2.1684e-19)
(39.424 2.47456e-41 -2.15952e-43)
(44.3445 0.132831 2.71051e-20)
(44.2002 0.188303 0)
(44.1874 0.184749 0)
(44.1091 0.258605 1.89735e-19)
(44.0943 0.290942 -2.1684e-19)
(43.9969 0.579339 0)
(43.868 0.222666 0)
(43.5046 1.01851 -1.89735e-19)
(43.8705 0.317255 0)
(43.9994 0.508239 1.0842e-19)
(43.4383 0.970331 -4.33681e-19)
(44.0553 0.604575 -2.1684e-19)
(43.3567 1.0807 4.33681e-19)
(43.8539 0.101756 0)
(43.6668 0.230256 2.71051e-20)
(41.1132 4.23457e-156 -3.69545e-158)
(43.535 0.367235 2.1684e-19)
(43.729 0.108988 -5.42101e-20)
(43.6925 0.479028 2.1684e-19)
(43.3974 1.26754 5.42101e-19)
(43.7204 0.389829 -4.33681e-19)
(43.7148 0.0611269 2.71051e-20)
(43.5213 0.0544409 0)
(43.482 0.0577193 0)
(43.4173 0.146827 5.42101e-20)
(43.1774 0.185985 5.42101e-20)
(42.7622 0.831351 0)
(43.2259 0.244635 -5.42101e-20)
(43.2333 0.229725 5.42101e-20)
(43.0816 0.27648 0)
(43.1181 0.0880847 -2.71051e-20)
(42.9601 0.423879 -1.0842e-19)
(43.2019 0.327006 0)
(43.1787 0.219388 -1.0842e-19)
(42.9912 0.271269 8.13152e-20)
(42.6478 0.831222 1.0842e-19)
(42.9532 0.497127 0)
(42.6324 0.780001 -4.33681e-19)
(42.6912 1.69506e-51 1.47926e-53)
(42.6276 0.566993 1.0842e-19)
(43.0498 0.0201567 0)
(42.8067 0.142337 6.77626e-20)
(42.9169 0.378714 -1.0842e-19)
(42.8285 0.414906 2.1684e-19)
(42.5375 0.0734612 0)
(42.6644 0.00498642 -2.69992e-21)
(37.084 1.4999e-155 1.30895e-157)
(42.5956 0.462465 0)
(42.7274 0.427795 1.0842e-19)
(42.5745 0.0345195 -2.71051e-20)
(42.2991 0.821238 0)
(42.572 0.0257857 0)
(42.53 0.114651 0)
(42.3062 0.815801 0)
(42.5268 0.145035 0)
(42.3187 0.535129 1.0842e-19)
(42.3205 0.178869 5.42101e-20)
(41.7194 1.19495 0)
(42.1684 0.662334 0)
(41.7933 0.552606 0)
(41.9014 0.867406 -1.0842e-19)
(42.1696 0.115294 0)
(42.0612 0.0303664 -1.35525e-20)
(42.0858 0.092646 0)
(41.9676 0.756352 -2.1684e-19)
(42.0671 0.112714 -5.42101e-20)
(41.8568 0.606919 3.38813e-21)
(42.1198 0.0291898 -8.47033e-21)
(42.1088 0.481593 1.96512e-19)
(41.8046 0.182312 -5.42101e-20)
(41.9431 0.708818 -1.6263e-19)
(37.8027 1.14619e-57 -1.00027e-59)
(42.241 0.592228 -1.35525e-19)
(41.7606 0.239101 -1.0842e-19)
(41.9117 0.478784 2.1684e-19)
(41.3092 0.369313 2.1684e-19)
(41.6685 0.54689 0)
(41.4401 0.00185291 0)
(41.5114 0.302912 5.42101e-20)
(41.367 0.358684 -2.1684e-19)
(41.4607 0.294271 -1.0842e-19)
(40.6842 3.38027e-155 -2.94992e-157)
(41.245 0.761845 -5.42101e-20)
(41.2454 0.254026 -1.0842e-19)
(37.0746 1.82409e-90 1.59186e-92)
(39.9207 1.01828e-36 -8.88641e-39)
(41.3658 0.0932065 0)
(41.246 0.118911 5.42101e-20)
(41.2156 0.167689 -2.71051e-20)
(41.1514 0.267024 0)
(41.2064 0.000379048 0)
(40.5649 3.39e-125 2.95841e-127)
(40.3359 2.61533 2.1684e-19)
(41.0282 0.348139 -1.0842e-19)
(41.0454 0.0269005 -3.38813e-21)
(40.8523 0.151423 6.77626e-21)
(41.0335 0.0440773 0)
(40.6292 0.414168 0)
(40.9387 0.629236 8.67362e-19)
(41.0213 0.463864 -2.71051e-20)
(40.8557 0.733671 6.50521e-19)
(40.892 0.106179 -5.42101e-20)
(40.5613 1.00665 0)
(40.5999 0.953776 0)
(40.6861 0.116381 0)
(40.5268 0.847402 -4.33681e-19)
(40.842 0.576572 0)
(40.369 1.76247 -5.42101e-19)
(40.5812 0.413337 0)
(40.4432 0.0257531 0)
(40.4696 0.215171 1.0842e-19)
(40.2739 0.149183 5.42101e-20)
(40.337 0.664974 0)
(39.9133 1.22047 2.1684e-19)
(40.6471 0.314509 0)
(40.1107 0.0768802 4.06576e-20)
(40.1131 0.145204 5.42101e-20)
(39.9679 0.27315 1.35525e-19)
(40.0139 0.379368 8.13152e-20)
(39.7879 1.02168 0)
(39.431 1.61099e-155 -1.40589e-157)
(39.8302 0.232235 1.0842e-19)
(39.8389 0.856276 0)
(39.8525 0.734976 0)
(39.7766 0.208504 -1.0842e-19)
(39.835 0.151419 0)
(39.7596 0.592688 -2.1684e-19)
(39.6317 0.0500074 -1.35525e-20)
(39.3807 0.809012 -2.1684e-19)
(39.5346 0.626945 4.33681e-19)
(39.4956 0.593936 -2.1684e-19)
(39.5379 0.567843 0)
(39.3367 0.295553 0)
(39.3273 0.1171 5.42101e-20)
(39.1805 0.0574058 0)
(39.2427 0.155282 0)
(39.3364 0.00186891 0)
(39.1258 0.294178 2.1684e-19)
(38.9133 0.301921 0)
(39.149 0.0724061 2.71051e-20)
(39.0742 0.114958 -1.35525e-20)
(39.14 0.899527 -2.71051e-19)
(38.9967 9.3414e-153 8.15211e-155)
(39.0596 0.0183597 1.01644e-20)
(38.9955 0.0906612 0)
(38.8979 0.316998 0)
(38.9128 0.292484 0)
(39.2388 0.378296 0)
(38.8772 0.0917644 -8.17387e-20)
(38.8126 0.0484049 -2.71051e-20)
(38.6511 0.287008 1.35525e-19)
(38.6696 0.132128 -8.47033e-22)
(38.6748 0.163254 -3.38813e-21)
(38.3507 0.255468 9.82558e-20)
(38.2864 0.0884172 -2.71051e-20)
(38.4029 0.734076 2.1684e-19)
(38.3439 0.984535 2.1684e-19)
(38.3455 0.933663 -2.98156e-19)
(38.4366 0.445029 2.1684e-19)
(38.1533 0.0671418 0)
(38.1048 0.169723 -1.0842e-19)
(38.3765 0.371297 0)
(38.1025 0.161245 5.42101e-20)
(38.2581 0.76335 0)
(38.2746 0.333212 0)
(38.0394 0.256695 -4.06576e-20)
(37.9914 0.0220027 1.35525e-20)
(37.8685 0.091473 1.35525e-20)
(38.0468 0.679724 -1.01644e-19)
(37.7899 0.171539 -6.09864e-20)
(37.6182 0.210921 0)
(37.8809 0.359147 1.0842e-19)
(37.825 0.432184 -1.49078e-19)
(37.4515 0.136272 0)
(37.4397 0.0111301 0)
(37.3531 0.261415 -1.0842e-19)
(37.5935 0.399191 0)
(37.3278 0.195964 0)
(37.5671 0.532061 1.0842e-19)
(37.2818 0.261776 6.77626e-20)
(37.5082 0.415076 5.42101e-20)
(37.0207 1.57076e-155 -1.37078e-157)
(37.4622 2.27609 6.50521e-19)
(37.497 0.340001 0)
(37.1459 0.102799 5.42101e-20)
(37.1089 0.0522897 0)
(37.0984 0.274616 0)
(37.0427 0.00790704 0)
)


// ************************************************************************* //
