/*--------------------------------*- C++ -*----------------------------------*\
  =========                 |
  \\      /  F ield         | OpenFOAM: The Open Source CFD Toolbox
   \\    /   O peration     | Website:  https://openfoam.org
    \\  /    A nd           | Version:  7
     \\/     M anipulation  |
\*---------------------------------------------------------------------------*/
FoamFile
{
    version     2.0;
    format      ascii;
    class       vectorField;
    location    "0.7/lagrangian/reactingCloud1";
    object      UTurb;
}
// * * * * * * * * * * * * * * * * * * * * * * * * * * * * * * * * * * * * * //


2453
(
(0 0 0)
(0 0 0)
(0 0 0)
(0 0 0)
(0 0 0)
(11.965 -17.1457 -0.504406)
(0 0 0)
(0 0 0)
(0 0 0)
(0.00681303 0.00255943 -0.00571724)
(-1.52176 -10.1685 -0.734453)
(0 0 0)
(0 0 0)
(0 0 0)
(0 0 0)
(0 0 0)
(0 0 0)
(0 0 0)
(0 0 0)
(0 0 0)
(0 0 0)
(0 0 0)
(0 0 0)
(0 0 0)
(0 0 0)
(9.16204 -5.90486 3.52086)
(0 0 0)
(0 0 0)
(-1.6995 0.0734604 -0.800474)
(0 0 0)
(0 0 0)
(0 0 0)
(0 0 0)
(0 0 0)
(0 0 0)
(0 0 0)
(0 0 0)
(0 0 0)
(0 0 0)
(0 0 0)
(0 0 0)
(0 0 0)
(0.766858 -4.01011 0.701056)
(-4.28858 -5.02423 -1.1355)
(5.87623 -9.6459 4.38387)
(3.29859 -3.98614 0.94164)
(-0.0672723 0.24871 1.01994)
(0.387424 -2.83496 -2.60914)
(0 0 0)
(0 0 0)
(0 0 0)
(0 0 0)
(0 0 0)
(-0.328137 -0.536469 -1.77199)
(0 0 0)
(1.36684 -4.4783 -3.56686)
(-3.7772 -0.257429 -1.79116)
(0 0 0)
(3.02262 10.3721 -1.45607)
(0 0 0)
(-3.85257 0.38971 -1.05522)
(0 0 0)
(0 0 0)
(0 0 0)
(0 0 0)
(0 0 0)
(0 0 0)
(-8.53587 5.93397 -1.0571)
(0 0 0)
(0.0290339 -0.170236 0.133434)
(0 0 0)
(0 0 0)
(0 0 0)
(0 0 0)
(2.87332 -0.514513 0.266554)
(0 0 0)
(0.0274095 0.000297412 0.00420886)
(0 0 0)
(0 0 0)
(0 0 0)
(0 0 0)
(0 0 0)
(0 0 0)
(0 0 0)
(3.84771 -7.36232 -1.89153)
(0 0 0)
(0 0 0)
(0 0 0)
(0 0 0)
(0 0 0)
(-2.56214 1.37101 0.707154)
(0 0 0)
(0 0 0)
(0 0 0)
(0 0 0)
(5.32142 -8.37383 2.47166)
(0 0 0)
(0 0 0)
(-3.72583 -12.8388 -2.22132)
(0.7453 -0.826052 -0.388616)
(-0.32031 -5.80292 0.840774)
(0 0 0)
(0 0 0)
(0 0 0)
(0 0 0)
(0 0 0)
(0 0 0)
(0 0 0)
(0 0 0)
(0 0 0)
(0.904774 5.74387 -1.61623)
(0 0 0)
(0.297699 0.273506 -0.0126109)
(0.119899 2.50698 -0.897638)
(-1.62837 1.38851 -2.42874)
(0 0 0)
(0 0 0)
(0 0 0)
(9.45379 -6.67189 -5.85223)
(0 0 0)
(0.233997 2.53246 -2.71856)
(0 0 0)
(0 0 0)
(0 0 0)
(0 0 0)
(0 0 0)
(0 0 0)
(0 0 0)
(-1.62539 -0.119576 2.50725)
(0 0 0)
(0 0 0)
(-0.0156058 -0.0561409 -0.0384564)
(0.693628 0.468212 1.25564)
(-0.0336344 -0.0128945 -0.0109143)
(0 0 0)
(-6.89188 -0.459853 -5.93371)
(-1.36332 -0.910627 0.0994139)
(0 0 0)
(0 0 0)
(-8.18454 1.8635 7.28392)
(0.307281 0.370456 -0.652532)
(-0.454251 -1.86706 -0.058649)
(5.4146 -15.0385 -2.61742)
(-0.254694 -0.194191 -0.794401)
(0 0 0)
(-0.651305 -0.0819738 -6.91894)
(-0.832127 -0.919604 -0.489906)
(-3.47514 -7.24717 -4.10885)
(3.88441 1.60592 3.65445)
(0.828898 0.516376 0.677816)
(0.185743 -4.41477 -5.03738)
(0 0 0)
(-3.99369 -1.62666 0.492274)
(0.320362 8.23169 -0.982279)
(0 0 0)
(0 0 0)
(0 0 0)
(-6.90046 4.12548 -3.5866)
(2.1173 0.2986 -1.64735)
(0 0 0)
(0.691441 -4.14444 3.90435)
(0 0 0)
(0 0 0)
(-2.6617 1.56104 3.36414)
(-2.57594 -2.80391 3.39927)
(-2.1149 3.59713 -1.10617)
(0 0 0)
(0.362899 2.38258 0.494516)
(0 0 0)
(-0.551545 -2.49406 -0.820019)
(-4.50089 0.0445308 -3.83048)
(-0.55815 -7.7798 -1.59021)
(1.81215 2.95535 -7.03513)
(13.3875 12.328 -2.56044)
(-0.385516 -0.184834 0.00358608)
(-36.0396 17.2251 -1.10352)
(0 0 0)
(0.0449063 0.323994 -0.586952)
(0 0 0)
(-0.0953712 0.164125 -3.19632)
(-4.53745 8.19536 3.98908)
(-0.229799 -2.9662 0.323137)
(0.20794 -1.83174 -1.72145)
(2.64623 -3.21887 0.314177)
(-0.371075 1.48431 0.502189)
(-0.325745 -0.39953 0.981933)
(0.148833 -0.0786879 0.161537)
(0 0 0)
(0.0139002 -1.34854 -0.636552)
(1.565 -2.14501 0.983756)
(0 0 0)
(3.54877 -6.10022 -1.96557)
(6.01822 2.94746 -0.113218)
(-1.20817 0.896282 0.157668)
(0 0 0)
(-3.8553 0.138888 -6.06621)
(0 0 0)
(0 0 0)
(-1.53623 -1.50077 4.36222)
(-3.44915 2.0873 -4.74122)
(0.297357 2.56545 -1.83146)
(1.5622 -2.62604 0.895558)
(0.879486 -0.945309 3.04558)
(-1.17676 -1.74452 3.78919)
(0 0 0)
(-1.44735 0.41162 -1.75533)
(-8.03537 0.50818 1.35939)
(4.46139 -1.91735 1.52293)
(-11.0404 3.76068 -7.98953)
(-2.00439 -0.470602 -0.631528)
(-0.277803 0.186851 1.86072)
(0 0 0)
(0.94012 -0.670071 -0.392076)
(0 0 0)
(2.74614 -2.16311 -1.45678)
(-2.3006 3.4861 -8.44513)
(2.61534 3.54839 -3.12163)
(0 0 0)
(0 0 0)
(-5.64097 -1.24358 2.28724)
(0 0 0)
(-26.9114 7.05951 1.21725)
(2.08554 -13.7987 -0.679218)
(-1.7225 -0.628818 0.152203)
(-2.24729 -0.402934 -0.192403)
(0.423824 2.11234 -1.47168)
(-2.56796 -1.20882 2.63038)
(2.84702 -4.83942 2.39347)
(0.164481 -0.233443 -0.140968)
(0 0 0)
(-0.0492044 -0.178051 -0.263094)
(-3.75196 8.499 0.945531)
(-0.490662 -12.1689 16.759)
(3.021 -4.77277 -1.26109)
(0.457852 0.929813 1.10523)
(0 0 0)
(11.8224 -3.55259 -0.673677)
(-2.0162 -1.22971 -0.583089)
(0 0 0)
(-2.52399 26.2506 -1.3316)
(4.90758 -2.50367 2.41708)
(0.852117 5.17969 3.60291)
(-0.00295765 -0.108992 -0.0443266)
(-0.124555 -0.0124172 -0.0525298)
(4.30537 -1.38464 2.66281)
(2.2769 -2.76961 0.270327)
(0.784878 -2.36305 2.21024)
(2.6251 -0.966196 2.56592)
(0.129375 -0.0684006 0.140418)
(-2.32093 -1.76888 -1.34499)
(1.96774 -2.03658 0.774568)
(0.770297 -1.15808 -1.20318)
(-4.12594 -3.39482 4.12246)
(-7.34227 -1.8418 -3.45368)
(3.41091 -6.42813 4.02492)
(0.806227 0.98562 -3.15736)
(-0.0517371 4.32031 0.850764)
(0.272173 -0.993506 -7.27738)
(-2.486 -12.5588 -0.895169)
(-0.994321 0.347163 1.14905)
(-6.46915 -14.1777 1.15528)
(0 0 0)
(0.493227 0.0146649 0.533268)
(-0.992915 1.04198 -0.528579)
(-6.60837 7.1342 -0.676173)
(-6.54091 -6.51881 0.506805)
(3.16892 -3.9312 -3.89511)
(0 0 0)
(-1.04874 1.24781 2.36973)
(0.452202 2.56783 -4.07381)
(5.46165 3.92819 3.73664)
(7.08324 -1.33588 -2.12105)
(-0.141361 -1.88391 -1.30692)
(3.62667 4.49337 4.53183)
(1.30011 7.86485 -0.351647)
(1.74278 0.528905 0.0892346)
(-0.417204 -0.145342 -0.0175344)
(5.54154 -0.505347 0.135099)
(-0.325098 -0.489929 0.29505)
(0 0 0)
(10.4317 -1.59514 0.929058)
(2.39582 2.00945 3.69739)
(-1.23908 0.732733 -0.348173)
(-1.50902 4.53112 1.44956)
(6.28611 5.69464 -0.229566)
(7.23143 0.597855 -0.146986)
(0.50619 -0.553846 -0.236175)
(0 0 0)
(0 0 0)
(-2.36317 1.04499 -1.60596)
(-1.09986 -7.26482 5.97322)
(-0.152386 -0.839801 -0.146504)
(0 0 0)
(0.013045 2.56153 -0.231855)
(0 0 0)
(0 0 0)
(-6.05108 -16.8676 -9.15883)
(0.0323476 -0.818019 0.537359)
(-4.16063 -1.89896 0.526851)
(0.0417696 -0.318171 0.450378)
(0.955187 -8.18417 -4.06069)
(8.05055 -0.245528 2.22149)
(-2.09359 -0.223085 -0.624717)
(0 0 0)
(3.34039 -1.92431 -3.95404)
(-0.287753 -3.33368 -1.13689)
(0 0 0)
(0.619767 -0.312159 0.0181839)
(0.451486 4.46242 1.10403)
(0 0 0)
(2.75092 -4.09196 -1.90134)
(-5.98995 -4.33302 -1.43192)
(1.19436 0.699937 0.330103)
(-3.29888 0.844385 10.3759)
(8.65186 -1.80694 -6.28299)
(0 0 0)
(0 0 0)
(0 0 0)
(-0.129482 -1.26538 -0.23959)
(0.988653 -1.66192 0.566763)
(-1.80273 -2.0348 0.984881)
(-1.23076 -0.396256 0.0908677)
(-0.107423 -0.511485 2.01383)
(0.914837 -1.03649 -1.54588)
(0.000770096 -0.0992469 -1.14554)
(-1.01048 -1.15093 0.956061)
(-0.0645953 -0.0683147 -0.208242)
(0.0205208 -0.294292 0.677086)
(2.32159 -3.33383 5.60427)
(-3.34888 -2.69135 0.665936)
(4.00458 -1.17408 1.86885)
(-0.387752 -0.135082 -0.0162966)
(0.625329 6.42095 -2.59808)
(-6.38766 5.75014 7.2688)
(9.26077 -1.90428 -7.15723)
(14.8919 8.88267 1.99353)
(-2.0205 -5.63224 -3.05821)
(0.621309 15.9645 -1.90503)
(2.22648 -0.0679039 0.614383)
(0.611348 2.00499 -4.05613)
(-0.540544 1.62309 0.519246)
(1.14238 -1.92034 0.654892)
(-1.0698 -4.39707 -0.138123)
(-0.0188923 -0.123043 0.145266)
(1.4655 0.912956 1.19838)
(21.5085 -12.9965 1.11691)
(4.60739 2.30079 -0.0938154)
(0.0159773 -1.8781 2.1145)
(-0.0286379 -0.00737037 -0.00712359)
(3.64411 1.10593 0.186587)
(1.91812 12.177 -3.42639)
(5.65754 -2.89922 8.23186)
(0.897899 0.606099 1.62542)
(13.8339 6.77525 -0.260252)
(2.14363 0.177224 -0.0435715)
(-2.19098 -1.46346 0.159767)
(0.0786174 0.0262078 -0.294735)
(3.25658 1.19192 3.25975)
(-2.95865 -1.74676 5.49788)
(12.6237 1.07333 3.24427)
(-3.19583 3.10903 -1.37832)
(1.98062 -0.12493 0.385922)
(-0.0948574 -0.915133 -0.345396)
(-3.33027 -3.26151 1.88351)
(0.695314 0.638808 -0.0294544)
(-0.411847 -1.34624 0.119359)
(-3.39758 5.77878 -1.77706)
(0.0300735 -0.760511 0.499582)
(-1.59861 -1.9387 -2.49163)
(-1.31289 -1.10237 0.349248)
(0.28419 5.94215 -2.12762)
(0.0373126 -4.42935 0.232008)
(0.618647 6.35233 -2.57032)
(-1.60678 6.04777 -2.06034)
(1.57216 1.05379 0.743011)
(-0.0283601 0.972792 0.40833)
(0.0272215 -0.493433 0.511516)
(0.105653 0.445572 0.471464)
(0.557312 0.225866 -0.0848438)
(2.43585 -1.75444 -0.316246)
(0.410074 -3.87003 -0.814514)
(1.02415 1.25963 2.07774)
(0.218796 0.203746 0.273137)
(-4.94918 5.35001 -1.62884)
(0.541611 0.652963 -1.15015)
(-3.26739 -3.50623 -7.30492)
(-1.76304 -1.94838 -1.03797)
(1.10715 -5.47793 6.90406)
(1.58777 -2.74457 -1.15952)
(6.65707 -3.05062 9.85681)
(-0.335094 2.26867 -1.37835)
(-0.964675 0.630697 -1.04596)
(0 0 0)
(-4.23613 3.85834 -3.02812)
(-0.00800017 -0.0287802 -0.0197144)
(6.57984 -2.26665 -1.29752)
(-0.450497 -0.0560696 -0.409907)
(0.301998 0.424605 1.04672)
(6.3059 -1.48093 -4.0552)
(0.381314 3.14178 -0.829294)
(17.4929 1.48734 4.49564)
(-3.13113 1.06169 -0.861477)
(0 0 0)
(2.66872 -1.40185 -1.98543)
(0.259793 2.35516 -0.390458)
(0 0 0)
(1.20725 -0.353947 0.563397)
(0 0 0)
(-0.895918 1.50408 3.0191)
(0.82265 3.69113 -0.576471)
(2.34534 -3.2708 1.26921)
(2.48583 -0.666176 -0.587865)
(-4.24516 -2.48912 -0.993099)
(-3.233 -1.18897 -0.295386)
(2.434 -0.864715 5.72398)
(-7.84334 -1.33282 -2.10697)
(-1.60208 -1.83178 -1.0109)
(0.51663 -0.360504 -1.549)
(0.462604 -2.1159 -0.0959984)
(0.467411 -0.118294 -0.33001)
(-0.277739 -0.0265864 -0.157117)
(0.524133 -0.77044 1.75677)
(0.0154422 -0.151798 -0.0870164)
(0.567162 -0.807053 0.439663)
(-0.253155 -0.727719 -0.798812)
(-1.09187 -2.26385 0.839504)
(2.06429 -1.35313 1.14535)
(-1.72748 -0.0632762 1.05878)
(1.06241 -1.5929 -3.38193)
(2.25865 -3.4003 0.760232)
(-1.69211 -0.78008 1.5849)
(2.8053 -0.570865 -5.36542)
(0.64268 -0.339333 0.152719)
(-0.731917 -0.172662 2.40778)
(-2.80165 -0.936232 2.75347)
(1.54914 -0.671782 0.564333)
(-1.71147 -6.56555 -6.82015)
(2.66923 -1.33543 -0.969257)
(-1.35739 -1.05658 -0.783893)
(-0.613935 -2.73935 0.330767)
(-0.683756 -1.45057 0.302831)
(13.9577 6.97006 -0.284206)
(-4.46215 -2.10048 4.57062)
(-2.71698 4.11703 -9.97357)
(6.28817 -1.18593 -1.88297)
(-3.13323 0.801986 9.85488)
(-0.38012 -5.06586 -3.51433)
(1.071 0.391989 1.07204)
(-0.361642 -2.38874 1.96405)
(-2.39063 -1.26477 1.45128)
(2.89552 -4.30705 -2.00129)
(0.680596 17.4879 -2.08681)
(9.04131 -1.88827 -6.56581)
(1.53605 -1.68067 -0.716683)
(-0.36429 -1.19079 0.105577)
(-12.4551 0.787698 2.1071)
(7.59203 5.46042 5.19416)
(-13.7404 4.68036 -9.94339)
(-1.64871 -1.82203 -0.970662)
(0.981114 7.8189 11.9902)
(4.32882 4.15731 -1.44127)
(-9.08168 3.56331 -0.169196)
(-5.64831 11.2166 -10.326)
(7.61808 10.3359 -9.09284)
(1.54463 1.04265 2.79616)
(2.34112 14.1623 -0.633214)
(0.688032 0.829487 -1.46108)
(-0.0228913 -0.0823503 -0.0564098)
(-1.44504 2.42594 4.86954)
(0.0241649 -0.438026 0.454079)
(-0.0738534 -0.0190072 -0.0183708)
(-1.97873 -4.19783 0.876369)
(2.93086 -2.08897 -1.22231)
(1.5507 -13.2866 -6.59234)
(5.1977 4.35949 8.02146)
(-1.71756 -4.65447 -1.27103)
(-14.9028 -7.8172 -12.6786)
(4.60158 4.16861 -0.168048)
(-1.17436 0.69446 -0.329988)
(-1.02813 -1.5494 0.933098)
(-8.89735 8.10386 -6.36011)
(2.6241 7.86444 0.724898)
(0.459801 4.54461 1.12437)
(1.8667 11.8506 -3.33454)
(-1.5522 1.6289 -0.826314)
(-0.483671 -11.9956 16.5203)
(-0.975611 3.31927 2.32409)
(-0.224071 -2.16172 -0.81589)
(-2.0133 -0.547168 -3.32936)
(-0.430164 -2.37063 -0.413559)
(0.877945 0.0261036 0.949218)
(0.0101087 -1.18826 1.33782)
(-27.9485 7.33157 1.26416)
(4.76505 -13.2345 -2.30343)
(-3.33636 -0.281081 -1.34363)
(-4.81058 -1.39683 -2.22857)
(-2.27438 1.00573 -1.54562)
(0.245987 2.23 -0.369708)
(9.10593 -1.39241 0.810984)
(-5.54169 5.98263 -0.567029)
(2.62193 -1.52995 -1.26788)
(-0.116838 -0.422789 -0.624727)
(0.696329 0.639741 -0.0294974)
(-1.09922 0.244169 -0.0441676)
(-2.03007 1.506 0.264927)
(0.386815 2.19652 -3.48475)
(-0.448163 0.294314 -0.902851)
(-19.6451 -1.02254 -2.69249)
(-10.8771 -7.98923 -0.238484)
(2.97994 -3.69675 -3.66281)
(6.62276 8.5637 2.54927)
(0.776521 3.48416 -0.544146)
(2.75327 1.58439 -0.489269)
(1.35398 0.494524 -0.00191516)
(-0.771567 -0.873455 -2.32449)
(10.8001 -4.61491 -8.49394)
(-0.708715 -1.27824 1.08682)
(-2.27851 -1.36605 1.35915)
(0.345089 -1.25925 3.43803)
(0.844966 -1.09103 0.279449)
(-1.07537 -0.344044 1.15794)
(0.213709 -0.740814 3.28243)
(-0.0906425 -0.646534 -0.390729)
(-0.157223 -1.08897 0.14999)
(-1.61112 -1.09227 2.3193)
(1.01235 -0.981599 -0.853542)
(-0.20362 -0.00201106 -0.108588)
(0.0676626 -0.224929 0.0427893)
(-0.00930982 -0.00356914 -0.00302101)
(-0.798852 -1.76809 6.60606)
(-5.18677 -6.02708 -3.15913)
(-0.480844 -4.51993 3.01726)
(3.30676 -0.574916 1.997)
(-1.03628 -1.07127 1.87911)
(-0.341035 -0.495133 3.62938)
(-2.26543 -0.156815 -0.147109)
(0.713197 -1.33956 1.58764)
(0.00189481 -0.0125553 0.00878754)
(3.71308 -2.02764 -0.573102)
(-3.45844 -0.897452 -2.15224)
(1.63589 -2.03529 1.84891)
(1.21733 -2.8237 2.50729)
(-0.176849 -0.749753 -0.377019)
(2.93601 -0.882262 -0.167303)
(-0.0828182 -0.561952 0.140111)
(-0.497122 -0.0701286 2.8049)
(-0.242037 -1.1155 0.0660488)
(-4.42367 -7.01965 8.37297)
(0.554587 -7.29055 -3.89297)
(-0.0993576 -1.35412 -1.06196)
(-0.319236 -0.11674 -2.8645)
(10.5365 -5.99186 -26.4866)
(0.625992 -1.86051 8.03442)
(2.53342 -4.30635 2.12983)
(-1.4025 -0.8554 -0.405605)
(-3.18081 -3.92244 0.927388)
(-11.0396 -3.457 -1.58192)
(-2.71768 -6.69764 -5.80217)
(-0.510248 -0.252443 0.447861)
(3.54928 -1.21388 -0.083715)
(4.12898 -0.0402146 -2.71751)
(6.29553 -6.48899 -5.49594)
(-11.9852 -5.34819 -3.4389)
(0.492129 -0.379266 -1.43645)
(1.37956 -1.83934 7.79405)
(-12.1854 -3.598 -17.0931)
(13.7016 -17.8228 9.42017)
(-1.65457 -0.449675 -2.73614)
(-0.448208 -0.0446829 -0.189027)
(0.936015 -1.53904 -0.0986457)
(-2.3591 -0.54224 2.63895)
(-3.46159 -2.06484 -0.313779)
(0.247824 -0.0876722 -0.112964)
(1.06853 -0.0637657 -3.89457)
(3.72356 -2.76412 5.32567)
(0.33199 -0.826089 0.0470412)
(0.672286 -0.370934 0.39474)
(11.0781 -8.58591 5.20528)
(-1.58576 -3.47533 0.283189)
(4.93134 -0.150398 1.36077)
(4.54201 -12.9616 -5.37991)
(-1.735 -1.86183 -3.87896)
(-5.44773 -10.9734 -10.5805)
(-2.68875 -1.58741 4.99634)
(5.20283 -7.67719 3.8762)
(-0.677203 -3.23255 -1.05852)
(5.70011 -4.84032 0.126367)
(1.573 -4.19133 1.93892)
(8.84054 -4.09989 -6.85285)
(2.42334 -2.65904 -25.5135)
(-3.95153 -5.8069 -12.83)
(0.0523906 -0.0640084 -0.09472)
(-6.82298 -8.0278 -4.45265)
(1.85906 6.13532 2.30835)
(3.4003 -5.16103 -9.87785)
(-0.27337 -0.513577 0.604805)
(0.835766 -10.0263 -0.815718)
(-4.96731 -15.0622 -4.88604)
(-3.39745 6.12592 7.21221)
(-3.45755 11.7274 -12.8055)
(-6.31819 -15.8442 6.47668)
(-3.5417 -6.05152 -0.271563)
(-0.234741 -9.28213 3.51391)
(-13.6206 2.07375 10.1604)
(2.313 5.93738 7.01816)
(0.348637 -3.55104 -3.91498)
(-21.0788 -15.724 9.78323)
(-0.860146 0.703189 -0.824737)
(-0.916858 4.05023 -1.86915)
(-4.90334 22.739 -3.12028)
(-10.0966 -22.2053 -2.37654)
(14.1522 9.27707 -1.90359)
(26.3306 -7.61396 -5.42555)
(-5.71833 6.24003 4.0853)
(13.3944 6.51572 -3.57151)
(2.22217 3.75101 -1.98042)
(1.48853 -0.0329943 -1.50717)
(-1.95348 -0.186398 1.18395)
(-5.80285 -2.43327 -3.97719)
(-3.89799 -4.96539 1.74517)
(-2.18542 7.16133 2.52988)
(0.323144 0.910662 0.714522)
(-0.0593518 0.226896 -0.11943)
(1.28408 -0.565848 2.04159)
(17.1803 -20.5579 9.65659)
(2.26424 -0.194318 0.202916)
(6.72701 9.40828 -1.75501)
(-2.93204 -7.40512 0.995723)
(6.76635 7.93591 -3.71292)
(-1.07202 -0.209782 1.72779)
(0.652603 -4.68633 12.8908)
(-1.18915 7.1862 4.03158)
(7.73961 1.94958 0.24088)
(3.98651 0.505375 1.90748)
(0.400422 3.74246 0.753627)
(8.47756 -3.16218 -1.22025)
(11.7383 -4.72295 7.37721)
(-1.40141 -4.71559 14.4084)
(-4.69681 5.71712 -2.13077)
(-6.00156 -1.36629 -3.96633)
(9.68217 -2.72033 7.8521)
(-2.65733 7.01418 2.61816)
(-8.70869 -2.55926 -2.03553)
(-4.73437 -8.10236 5.94151)
(0.501735 5.89316 -3.52596)
(-0.764203 2.23622 -0.419053)
(2.14914 -2.8029 0.0777948)
(1.22853 14.8833 -1.83768)
(-1.07123 1.19611 -5.21409)
(-2.22891 4.61071 -4.68808)
(-5.8692 -6.54574 1.61793)
(1.26519 2.10691 -1.87277)
(-0.235426 0.456343 0.702219)
(15.6835 -2.54498 0.76519)
(5.36022 0.18613 3.27864)
(-4.32602 -0.443647 -3.5579)
(0.0856936 1.57477 1.63362)
(2.27803 11.5422 -12.2998)
(0.223582 1.05078 4.82888)
(1.69898 -0.0202862 1.52005)
(6.56325 8.48675 2.52636)
(0.627423 -5.10246 -1.79597)
(-5.05878 2.49625 0.443564)
(-1.03139 3.50905 2.45697)
(-30.8417 23.1971 3.06259)
(-0.960505 3.61524 -1.23163)
(13.1965 6.46308 -0.248261)
(0.844038 -0.15817 -0.0619004)
(11.6653 -16.4845 -0.896303)
(17.7766 -5.40041 -11.8031)
(4.27268 4.52775 -0.230717)
(3.35337 -3.94994 -2.58744)
(2.61507 1.50486 -0.46471)
(4.91181 2.21747 -0.0987237)
(-7.76689 1.6762 2.46799)
(-4.77996 8.55468 -2.5335)
(0.741936 3.09493 0.776307)
(8.81001 8.08673 0.742881)
(-4.95387 3.95667 -2.83221)
(7.40331 -10.3246 4.00641)
(-2.8634 -14.4654 -1.03106)
(-7.81213 15.4033 -3.46256)
(3.46707 7.30739 5.93388)
(18.4703 12.3639 -16.8773)
(2.47753 2.45283 1.93816)
(-1.01426 0.862118 -0.908228)
(-4.29242 4.14788 -4.35594)
(9.10108 1.66687 -5.83739)
(17.2895 10.3128 2.31449)
(-3.55117 0.788818 -0.142689)
(1.03094 1.01139 1.73624)
(1.72297 2.12418 -0.850391)
(3.12907 5.53793 6.02684)
(0.570907 0.531636 0.712697)
(4.84776 6.61479 -5.00844)
(0.179809 0.25281 0.623217)
(-0.830067 0.546649 0.396644)
(10.0346 3.99886 0.169071)
(-16.4673 -22.8177 -8.42294)
(-5.31055 0.0167808 2.63464)
(21.3638 3.62915 -5.11517)
(-2.66895 1.97996 0.348301)
(0.145275 -0.243715 0.132843)
(-1.67105 0.583442 1.9311)
(-7.05966 1.45408 7.18314)
(0.10771 2.4832 2.86548)
(-3.21988 0.915723 -3.90506)
(3.73477 -2.27426 0.58902)
(-0.997545 1.25583 -0.63023)
(-0.0237246 -0.0601025 -0.0132348)
(-6.04507 2.04973 -1.6632)
(0.266669 1.12463 1.18998)
(3.20145 -5.53391 -2.33796)
(7.76681 -5.5941 -1.00836)
(-0.777579 -0.291148 -2.90885)
(-1.43197 0.463775 4.48388)
(-0.0170531 -0.111065 0.131124)
(4.70813 7.14672 1.99185)
(-3.3601 -1.53359 0.425482)
(-0.0412958 3.44841 0.679067)
(0.599277 0.218878 -0.000847658)
(-2.12132 -0.22604 -0.632992)
(-0.552996 0.363159 -1.11404)
(9.58885 -0.874432 0.233769)
(1.45258 0.90491 1.18782)
(-0.980039 -4.02815 -0.126534)
(0.376681 -3.55489 -0.748187)
(0.246156 5.14689 -1.84287)
(2.2092 2.70077 -8.65171)
(-3.98432 -0.71438 -0.34112)
(-2.09601 -1.40002 0.152842)
(-3.16176 5.37769 -1.65372)
(-9.49276 -36.4161 -37.8282)
(-6.2876 -2.89075 16.0338)
(-4.55484 -0.849128 5.31345)
(5.16178 -3.31455 1.94689)
(-2.25325 -0.317117 7.74395)
(-2.09419 -7.24145 -5.13144)
(0.220869 -2.96304 -0.689447)
(-11.3564 -6.19471 -1.64678)
(17.5008 8.51331 -4.66646)
(1.78172 -1.92389 -0.189093)
(-5.96349 -3.25854 1.6885)
(4.38848 -6.61336 4.26112)
(-1.16676 -2.16891 -5.53492)
(-3.36448 -3.93411 -1.65415)
(-8.36602 -5.6718 12.0433)
(-0.122883 -2.05663 0.451802)
(7.91033 -6.51869 13.1988)
(1.44309 -0.69133 -1.66282)
(2.40485 -14.4145 13.5794)
(9.19179 -4.8192 1.48864)
(5.31149 -8.73339 -0.559772)
(-60.0373 -3.66998 -4.07355)
(4.91512 -1.42096 6.07397)
(3.09004 -6.09571 0.192427)
(7.33472 -22.6669 -16.323)
(3.63528 -1.91941 0.863848)
(0.601093 -0.00309478 -0.305607)
(-63.5421 -7.8209 -12.6039)
(-8.51596 -3.4266 4.00944)
(-25.1836 -0.577544 21.0464)
(-5.92692 -1.8962 6.38202)
(0.809096 -0.273583 4.98339)
(1.28695 -2.91694 -2.45695)
(3.87576 -20.0734 -0.171208)
(-8.57726 -11.3407 4.30627)
(4.06327 -2.91106 5.83146)
(0.361601 -8.02998 -3.48195)
(0.393843 -1.4249 -1.68032)
(-18.7994 -3.27613 -12.5806)
(-3.3523 -8.95145 -2.04714)
(-7.00523 -3.45231 5.49991)
(0.0351021 -0.0201306 -0.0244125)
(8.90826 -8.81341 -10.3127)
(0.0959556 -0.242595 -1.60278)
(-0.56497 -3.4368 4.69554)
(11.9276 -8.28197 -7.82356)
(-0.0602504 -2.15769 6.0339)
(15.7589 -0.888352 2.2466)
(-10.5914 -3.48284 -5.4817)
(10.8093 -3.87084 -3.67378)
(-13.5156 -2.81557 1.22876)
(-8.85184 -2.11491 -7.42562)
(-7.82617 -6.36658 -10.0487)
(-23.3001 -13.6619 -5.45076)
(1.34314 -0.0854073 -0.578397)
(-6.71662 -4.65403 -2.171)
(-1.1218 -0.0110795 -0.598243)
(-1.70375 -3.79703 3.94474)
(-10.4456 -5.72031 9.02439)
(1.56658 -1.04492 1.75454)
(-0.406821 -10.3697 4.51273)
(4.33797 -4.2062 -3.65747)
(5.07516 -7.03226 9.17148)
(-17.411 -2.60424 15.5353)
(1.68497 -2.54497 -1.79327)
(0.654774 -1.38265 0.106651)
(-3.21966 -8.79321 7.24616)
(-3.30375 -5.79782 -1.06852)
(-2.6178 -9.75873 2.34721)
(-0.699885 -0.0123883 -0.324378)
(-9.71308 -0.27712 -2.24447)
(13.9266 -6.66889 -7.00892)
(-7.01593 -1.16463 -0.324296)
(-2.58826 -8.51514 -0.759001)
(3.74443 -3.27322 1.97703)
(0.302686 -0.429593 -0.259416)
(-0.948152 -8.62535 1.88331)
(5.34044 -2.20322 -13.4294)
(1.11035 -0.0464559 0.00460885)
(-0.238048 -1.58612 -0.236402)
(-16.6447 -11.5694 1.02913)
(-2.64417 -0.487309 -0.320622)
(12.3209 -1.16083 -1.79246)
(-1.07351 -10.091 6.73621)
(5.23519 -13.3046 1.84342)
(7.92057 -4.11291 -1.54288)
(-0.214393 -8.40896 7.3631)
(-0.772198 -0.471446 0.998742)
(-18.5681 -4.81834 -11.5552)
(-0.0681396 -7.68538 -12.6131)
(-24.8529 -15.1172 -1.35692)
(4.37817 -4.17771 0.116518)
(24.3072 -0.810255 4.57491)
(-0.0716291 -1.55843 -1.47226)
(0.301032 -0.367787 -0.544253)
(11.2112 -3.14478 12.4874)
(-8.40107 -9.21138 -1.98645)
(22.8517 -20.7989 -19.6206)
(-0.061863 -0.348641 0.917983)
(2.61101 -1.42782 -0.862128)
(11.3636 -1.7426 5.38937)
(-1.71152 -6.65508 -20.7922)
(-2.75274 -8.23098 -6.76313)
(16.1457 -9.64882 14.9957)
(-9.07731 -0.332495 5.56353)
(15.3432 -4.61059 -0.874307)
(-14.7913 -13.4341 11.202)
(2.18179 -0.0483609 -2.20912)
(27.6772 -17.7471 2.5437)
(0.170788 -5.78229 -3.04231)
(-0.973856 -1.33873 1.5061)
(7.49393 -2.35634 9.27164)
(-4.40404 -5.24101 9.88341)
(-1.43766 -4.94012 4.56321)
(5.09814 -9.47313 -7.08825)
(-6.95153 -5.01616 4.68869)
(0.199283 -0.19756 0.0975124)
(-8.82498 -13.0109 -4.55177)
(17.3295 -2.0587 3.1865)
(-2.74555 -3.90821 -1.53633)
(2.4292 -6.19491 -2.14112)
(-4.33805 -5.51751 -1.13706)
(1.40614 -0.498734 0.536362)
(2.43198 -3.65629 -3.79869)
(3.80659 -4.54257 -0.300361)
(32.0411 -0.336562 26.1291)
(-13.3583 -4.91769 19.7557)
(0.192531 -14.8208 16.8021)
(2.83011 -4.1622 -3.01979)
(10.0494 -9.61657 1.90431)
(-0.312241 -0.586601 0.690801)
(5.70402 -2.08804 1.146)
(-13.3275 -2.22232 5.49971)
(-13.7871 -3.03178 11.7376)
(10.6598 -0.173016 11.064)
(3.45211 -1.79333 -1.11128)
(-14.8796 -7.28911 7.97471)
(11.2604 -16.9521 3.79011)
(-2.98511 -1.82065 -0.863298)
(0.440943 -8.77497 -1.90617)
(7.81083 -1.21364 -5.69022)
(-4.38306 -3.35756 -8.58174)
(-0.521755 -4.66103 -0.0565335)
(-6.22283 -4.61806 1.28269)
(-14.3816 -26.4888 8.80052)
(-8.66935 -2.18907 4.05799)
(6.06772 -2.38199 -2.49716)
(3.80661 -6.47056 3.2002)
(1.68715 -0.84977 0.0495009)
(13.4377 -7.21973 -9.79579)
(-0.308452 -0.299163 -0.266659)
(-3.08621 -2.07672 2.48069)
(16.3731 -22.745 -20.8135)
(1.64029 -0.575485 -1.35121)
(-1.62896 -4.15496 -1.27435)
(-16.7474 -9.58459 18.0511)
(11.9839 -10.2002 5.87251)
(-2.47768 -1.92205 1.32821)
(-5.05416 -2.24509 8.61183)
(-3.55277 -1.29595 6.6823)
(10.4901 -34.4356 10.9471)
(15.7496 -3.20496 -30.1226)
(-3.63257 -5.11009 -4.71144)
(0.931685 -1.34678 -4.36074)
(2.09622 -0.0275852 -3.31856)
(4.33822 -7.04881 -7.23013)
(0.959561 -14.9991 -18.0678)
(-0.60123 -2.60811 -2.5594)
(10.9942 -6.41533 -5.31643)
(5.57002 -0.889965 -7.12154)
(-3.80564 -25.8103 -21.9829)
(-15.3569 -1.04693 -2.39368)
(0.0931535 -14.9078 10.3746)
(-1.05973 -0.935983 -0.306866)
(-6.21918 -10.3007 -14.3812)
(10.8747 -15.0327 9.646)
(-0.633087 -0.274569 0.143129)
(4.50502 -3.4087 7.43637)
(0.0112201 -0.881941 -0.213699)
(-0.568805 -7.27765 1.2166)
(8.34308 -24.3825 2.35294)
(-12.4148 -14.2184 10.5131)
(-1.17763 -1.96869 -1.01162)
(6.67782 -15.7785 1.93488)
(1.72327 -1.5327 -0.561429)
(1.06914 -0.193717 3.89956)
(-3.07245 -1.12519 7.55545)
(-7.75404 -2.23838 -3.80987)
(-38.867 -17.3437 -11.152)
(23.5095 -3.06716 -25.7516)
(9.34926 -2.5055 -2.21097)
(10.788 -5.66683 -8.0259)
(-14.6503 20.0751 -0.682115)
(-0.333208 -0.352394 -1.0742)
(-19.2112 -9.51361 -16.6068)
(-12.059 1.16799 -6.13061)
(-7.43967 3.34084 -2.27959)
(4.90266 8.70197 7.55862)
(-2.70139 1.00214 1.85966)
(-1.08314 -32.2358 2.85364)
(-0.596586 1.26226 3.51764)
(7.79224 23.2315 0.974124)
(-19.1983 -17.5376 -20.1719)
(1.04285 9.74676 1.96273)
(-14.0204 -1.98502 4.71787)
(-0.24452 -1.82248 -7.80582)
(1.89011 2.81925 2.85712)
(3.35472 -4.65642 2.23949)
(0.668954 2.14707 -1.65343)
(-0.152053 18.1087 3.27627)
(-1.46091 2.90995 -0.647693)
(2.47911 1.38868 0.109754)
(-3.60453 -0.108704 4.9618)
(4.29491 0.960771 -2.82045)
(-0.476081 -0.557496 0.452039)
(-2.28077 0.111644 0.541563)
(-12.6911 -5.14287 -1.47357)
(-9.22455 15.4093 0.595124)
(-3.11983 -0.610518 5.02831)
(-0.755271 -0.667409 0.629432)
(3.36054 -1.48087 5.34303)
(18.3301 10.6527 1.07637)
(-0.00674442 0.00270244 -0.0158364)
(11.1036 -14.5635 7.56903)
(-0.765835 0.914254 0.725366)
(0.930837 1.30803 -5.60377)
(-7.71079 0.284631 2.29276)
(7.61735 25.4365 -8.7845)
(0.769916 2.16973 1.70241)
(-3.15926 -2.29383 -6.689)
(1.8397 2.17924 -3.14521)
(-3.85105 -1.17867 -0.930794)
(-1.12035 0.118486 -15.9236)
(-1.21257 0.991303 -1.16265)
(10.0531 -0.0300252 -5.76341)
(0.230898 -0.16752 0.498834)
(15.5087 2.15723 0.90736)
(-1.81979 10.9972 6.16962)
(-7.61546 -2.57481 -4.9525)
(24.0532 23.8208 -8.08904)
(-6.86446 0.983388 0.90944)
(0.447388 0.97861 0.80256)
(-2.39925 -4.14193 -8.09339)
(-0.268142 0.433305 -0.270552)
(-7.68029 1.30098 19.1593)
(-11.7444 -0.812962 -0.762643)
(-1.28849 0.0630719 0.30595)
(5.3368 1.30526 2.555)
(-2.66594 -2.15186 -0.118391)
(1.30569 0.26594 0.0198585)
(-1.6508 -9.7131 -4.61357)
(-5.33787 -25.5559 -12.6932)
(-12.2009 6.79294 14.2752)
(4.76281 1.21188 4.44648)
(-18.7417 -15.4206 18.7258)
(2.40035 -1.59311 0.053474)
(0.80535 -0.290293 0.00793426)
(-0.519439 -1.00851 -1.21899)
(2.76611 0.432477 -0.997665)
(1.4542 2.59383 -4.46273)
(13.2769 -4.95236 -1.91106)
(6.87066 10.9882 -0.164188)
(-3.42052 11.2086 3.95965)
(-0.0286405 2.7047 2.95077)
(-0.105061 1.094 7.57979)
(0.595456 4.91928 -5.87546)
(-1.36955 0.742567 -0.863991)
(9.43718 8.98006 4.0163)
(3.40818 4.52823 7.0952)
(0.528374 -4.98648 -1.04949)
(0.309871 -0.320686 0.521897)
(2.15915 12.9346 -0.205354)
(-0.474866 -1.44645 -0.0195432)
(10.186 17.9602 1.38254)
(0.36334 -0.0575097 0.52392)
(-3.19858 0.315597 -1.38183)
(-16.0422 20.3114 -2.05586)
(-41.7384 -12.5632 12.8624)
(0.804802 -0.0336721 0.00334059)
(2.41249 4.57169 -4.58015)
(19.3164 -6.6127 4.43396)
(1.83856 -2.77158 3.54974)
(-0.319121 1.15694 0.249906)
(3.1183 17.0712 13.2433)
(-7.03031 8.55753 -3.1894)
(-13.8504 1.53028 -1.78644)
(-13.0932 10.475 -0.235827)
(-18.8585 16.3752 -4.09038)
(-11.6138 7.5863 -7.82677)
(-7.44969 -7.95114 -10.3849)
(19.2993 19.2919 0.179504)
(-0.834222 0.625628 0.560539)
(0.629809 0.206238 -0.837109)
(0.106233 -0.162898 -0.101424)
(-2.329 5.15539 2.27364)
(-6.40073 0.236272 1.90322)
(-5.90918 -2.4204 -0.0699112)
(-2.3602 8.38779 2.49634)
(7.824 -11.6449 -16.6854)
(-21.5168 -6.35331 -30.1827)
(-15.8317 17.276 11.3105)
(-6.05355 4.36076 -5.14468)
(8.19563 0.284587 5.01295)
(0.690821 0.0426324 0.429635)
(10.2253 -0.970671 -5.73944)
(2.87036 4.05754 -4.82902)
(-7.23143 -1.64628 -4.77913)
(0.331711 1.55897 7.16424)
(9.36846 -0.806107 -3.53827)
(-10.5682 -20.0661 14.6531)
(-3.96122 1.21692 0.715332)
(5.602 0.251497 0.141613)
(16.7004 5.71475 -3.26731)
(-5.69331 2.55662 -1.74448)
(13.7247 -0.999536 2.44853)
(8.12722 0.46051 0.147168)
(10.3435 27.7798 -7.28584)
(-1.19257 -6.33195 -4.60808)
(-2.57848 -1.49342 5.63233)
(14.2418 -2.6847 20.4092)
(5.34967 -1.5771 4.88121)
(-6.64625 -3.6905 5.14329)
(-0.424859 0.898921 2.50509)
(4.68575 6.77237 -0.297992)
(9.18794 3.71796 -0.508451)
(2.62789 -1.38763 4.58345)
(0.146694 -1.04439 -0.221605)
(14.7255 13.5166 1.24169)
(1.35694 17.0764 -13.499)
(-0.618664 -1.37852 1.68262)
(0.379489 8.56264 2.19574)
(0.461955 -0.17868 2.01973)
(-12.0322 -3.53596 -2.81236)
(-1.94836 7.94537 -2.57588)
(-2.94298 -3.47954 -1.51908)
(-3.70906 35.0385 0.325305)
(11.4486 -3.91927 2.62796)
(1.14265 3.49048 -7.94331)
(-0.835714 3.48814 -2.82394)
(9.42757 -10.3322 -12.7481)
(15.6977 -8.11119 -2.28325)
(-6.65758 -3.06084 16.9772)
(7.31276e-05 -9.78461e-05 -0.0001737)
(-2.79816 -12.7203 -19.6859)
(8.04296 -2.29131 -0.471568)
(-11.9726 -6.53085 -1.73614)
(5.08023 -3.26218 1.91613)
(16.4102 -3.11457 -5.97234)
(-0.128342 -0.996023 -13.5417)
(-14.0488 -14.0814 14.1345)
(7.20211 -6.74609 1.72165)
(-3.42111 -12.2692 -8.78349)
(0.258511 -7.50394 9.73603)
(-2.70559 -1.22236 -3.35897)
(-1.71879 -2.90804 2.59977)
(-2.66784 -4.91438 7.00803)
(6.12937 -14.6085 10.8283)
(18.9592 -8.10133 -14.9108)
(-12.8413 -5.70678 -3.62184)
(6.21926 -4.39844 1.24811)
(0.525967 -2.1157 1.8211)
(-1.13571 -0.621909 0.27924)
(-2.18494 -1.30868 -2.15399)
(-7.62386 -7.08321 -25.1576)
(27.8886 -10.4083 16.5982)
(-6.57768 -1.32664 -11.5768)
(0.907684 -5.98216 6.31146)
(-15.3439 -0.0371786 5.47115)
(-24.1743 -0.554397 20.2029)
(-8.74806 -5.35407 -6.86634)
(4.5787 -5.26565 4.14882)
(-3.20903 -0.444431 2.40235)
(2.21961 -6.95526 1.68704)
(-1.87308 -0.195636 -0.865613)
(6.56065 -2.42799 -2.20137)
(-1.83612 -1.44416 -4.01093)
(10.0162 -11.3948 8.01379)
(-5.18633 -7.25114 0.537711)
(3.14092 -4.05561 1.03877)
(-3.49798 -0.68511 -2.14769)
(-5.79902 -13.7394 -7.42031)
(-0.588847 -1.05193 1.71542)
(7.64766 -2.71249 2.91714)
(0.913464 -4.18768 -1.92729)
(-19.6375 -1.27077 -6.87044)
(3.08229 -0.678004 -0.850632)
(-1.88131 -3.0527 8.38934)
(0.211659 -7.20705 8.4144)
(-1.0956 -1.87426 13.3248)
(2.57742 -4.79492 4.191)
(-3.38951 -5.32402 4.49692)
(-8.02365 -9.11656 11.0591)
(3.73781 -0.0546646 -0.93161)
(11.588 -17.2499 3.78809)
(-6.06046 -3.26491 0.799443)
(-3.51151 -4.69993 14.9258)
(-0.0578057 -2.07014 5.78907)
(-6.0404 -2.37005 -3.52613)
(15.541 -0.876068 2.21554)
(-4.20341 -1.35346 9.71274)
(8.76287 -8.66956 -10.1444)
(0.713988 -0.836887 -0.261006)
(26.5168 -23.8355 1.37392)
(-12.0656 -9.57438 5.29135)
(-4.40447 -4.30281 12.5068)
(-1.43122 -2.11874 2.62223)
(10.4526 -5.33109 -4.31811)
(-16.8277 -1.25596 -4.89205)
(-22.1428 -12.9833 -5.18001)
(-3.41051 -0.356214 -1.57611)
(-1.92455 -16.1854 11.7544)
(-16.5912 -2.95159 9.63642)
(-13.8703 -2.70352 10.7602)
(14.9304 -4.0918 10.6133)
(27.8506 -24.97 -5.42349)
(-8.94565 -6.81786 -5.18406)
(1.24017 -3.99276 6.84402)
(4.78105 -4.63582 -4.03105)
(1.51069 -1.00764 1.69194)
(-7.12809 -0.0861487 4.2104)
(12.4027 -8.74835 7.439)
(-0.450175 -0.864417 0.0465001)
(-0.231616 -9.88939 -3.41528)
(5.97261 -25.438 25.5507)
(-3.03365 -9.48681 35.9526)
(1.85164 -1.81451 -2.23644)
(-0.00988554 -0.088111 -0.0103043)
(6.45343 -1.56009 -2.47626)
(0.967493 -3.15729 -4.47236)
(0.281194 -6.50502 0.523426)
(10.1876 -14.7728 -3.41819)
(-0.0460696 -0.0176619 -0.0149495)
(6.09547 -5.57741 -0.29174)
(3.68527 -3.66122 -2.04634)
(24.4471 -9.89466 9.31223)
(14.3622 -8.07406 -13.2155)
(24.3135 -42.4427 45.8524)
(13.0763 -4.68266 -4.44428)
(-10.2033 -20.3313 -3.23422)
(-20.3199 -14.2218 6.25771)
(1.02678 -0.110416 -0.0752509)
(20.2268 -4.02845 -30.9549)
(-2.75566 -9.06587 -0.80809)
(20.0765 -3.56816 -43.7707)
(-15.0657 -13.3043 20.3228)
(-11.914 -8.94172 -27.3119)
(7.44337 -9.40131 -3.94314)
(-11.3303 -13.7977 15.7419)
(-17.2899 -6.35856 -1.57971)
(-23.62 -12.1223 -14.5411)
(-3.17445 -6.40121 -2.69065)
(11.204 -1.61726 0.372061)
(-5.02418 -11.7507 -5.70123)
(-2.55129 -5.62878 0.472118)
(2.30896 -13.8397 13.038)
(-5.73012 -11.8807 4.40572)
(-0.916773 -8.3399 1.82098)
(-0.295942 -4.53531 1.32869)
(0.576682 -0.818468 -0.494243)
(10.6546 -1.63389 5.05316)
(0.695314 -0.0691989 -1.39432)
(-27.8467 -8.37208 -4.79108)
(1.94737 -1.46251 0.787939)
(-1.19069 -0.967493 7.18149)
(-5.25578 -3.09609 -1.01036)
(15.6222 -7.24178 4.5815)
(-10.4082 -2.72772 1.68422)
(-24.2901 -14.7749 -1.32619)
(-3.81524 -8.34948 4.8429)
(-12.9342 -9.41315 -5.7586)
(-2.50274 -19.0764 3.91312)
(-6.48723 -4.68113 4.37554)
(-2.0708 -5.38552 0.323483)
(-0.347191 -0.425321 -1.64555)
(22.2588 -22.2039 19.0602)
(-0.98327 -16.5803 -3.86359)
(-15.0013 -15.2644 -26.319)
(8.0723 -3.14349 -9.09513)
(-37.8292 -20.9006 -21.0009)
(-18.0727 -4.68979 -11.2469)
(14.8135 -6.36636 5.05671)
(0.273925 -6.33685 0.509894)
(-4.45773 -3.91225 -0.0384683)
(-2.84764 -8.51474 -6.99629)
(2.04182 -0.71636 -1.68198)
(-9.59509 16.3753 -7.61241)
(13.2847 -6.77739 6.54298)
(0.129927 -5.02026 -6.0186)
(-0.275801 -1.37376 -1.42311)
(-6.14971 -2.5144 -0.317786)
(-2.7178 -11.7214 10.6587)
(31.6037 -17.4647 2.14783)
(-6.52416 -2.6675 -0.337135)
(-0.0468815 -0.0179732 -0.0152129)
(11.5456 -19.3693 0.755207)
(-1.83434 -3.10354 2.77456)
(-17.7718 -12.3528 1.09881)
(27.3276 -3.71354 -21.9769)
(5.35111 -1.18013 -22.1508)
(2.15361 -2.15261 -0.546233)
(2.8287 -1.97386 -8.4812)
(25.4106 -16.2938 2.33539)
(-5.84778 -1.88276 0.431747)
(-3.97803 -4.33007 5.24949)
(-10.2266 -11.0778 22.6418)
(-2.22522 -8.51892 6.83209)
(2.18633 -29.6382 -15.908)
(-7.76882 -4.7383 -2.24676)
(18.6197 -5.40757 6.56903)
(2.59746 -11.6434 11.1704)
(-0.797741 -1.15167 1.48128)
(-9.71947 -5.3002 -16.1887)
(-1.6172 -0.453971 -0.973484)
(13.9784 -7.25854 -2.7229)
(8.65979 -1.87767 -19.9022)
(0.0943879 -1.35363 3.11434)
(4.66824 -7.83628 11.554)
(4.65572 -3.66728 -2.46978)
(-7.5679 -5.84312 -0.591148)
(-6.65257 -0.397804 2.91635)
(1.37763 -2.778 1.87243)
(-24.2871 -8.15783 -18.8754)
(-6.97803 -12.4176 -1.35784)
(0.755639 -7.01028 25.5876)
(-7.90791 -1.44749 -4.62866)
(0.973304 -1.62138 2.62183)
(-6.32077 -1.83203 -0.979158)
(2.57774 -6.5737 -2.27203)
(5.34552 -1.82821 -0.126082)
(0.691223 -0.0706556 -0.266417)
(0.334638 -1.77018 0.0657042)
(-3.35408 -2.57157 -2.44002)
(2.9935 -8.94493 -10.2389)
(14.6258 -3.65829 3.01918)
(0.60125 -0.347124 -1.86922)
(-3.20829 -1.17122 0.28349)
(2.31249 -23.2773 -23.6565)
(0.160787 -1.22476 1.73368)
(0.186196 -0.862039 -1.29444)
(28.6342 -26.923 4.26931)
(1.57436 -6.2706 4.81969)
(0.15936 -4.47306 -0.297938)
(4.58315 -4.37331 0.121974)
(5.02994 -12.1817 -13.5634)
(-1.47299 -3.63012 3.04022)
(7.55397 -1.77807 1.90878)
(-0.0255213 -0.0447263 0.0303728)
(-0.883163 -1.15519 -2.64663)
(-1.2304 -0.701899 -0.661098)
(23.8044 36.2762 -1.72895)
(5.98651 29.473 6.86363)
(-0.174809 -0.417838 -0.553876)
(-1.31609 5.56756 4.23083)
(-2.73976 19.4786 3.33765)
(-2.25314 19.5689 0.038866)
(-3.71059 -4.00101 4.24997)
(0.00104456 -0.00090906 -0.000230748)
(1.44003 0.752218 0.957209)
(0.437843 -0.363231 -0.232414)
(-13.4844 -9.06052 17.5457)
(4.16911 7.94657 -7.04295)
(5.49693 -8.47824 3.03676)
(-3.80757 -7.11412 -6.072)
(-0.820318 -1.39938 4.7474)
(-2.09166 3.28305 -0.576114)
(7.50289 2.28833 -1.71014)
(-8.32843 6.45696 -3.8633)
(0.135619 1.58332 1.77013)
(-0.803529 -0.910289 -0.560319)
(0.237278 -1.41601 2.04379)
(12.4766 9.00691 -0.9336)
(-1.17483 -0.041201 0.929304)
(0.313236 -0.0297221 0.262683)
(-18.4531 -3.41215 -2.59008)
(-0.256286 1.26326 -13.103)
(2.80294 -1.77913 -0.509787)
(6.50141 0.741559 -4.79413)
(-1.28919 1.82928 -0.300639)
(-7.68316 5.58311 1.6197)
(-14.4692 -7.08808 7.75477)
(1.73412 0.980331 -1.23161)
(0.0737611 0.0192789 0.00276607)
(14.5551 1.92216 5.34572)
(19.639 10.4645 -2.93126)
(-1.20356 -1.12432 -0.0328059)
(2.54395 -3.51022 -6.97439)
(0.0478045 0.726256 -0.54624)
(-0.527793 -0.460656 0.327724)
(-3.66967 1.67602 0.20995)
(4.40776 15.0272 -6.08978)
(-8.17248 0.831174 -1.08526)
(-5.84543 1.99903 0.737943)
(3.39242 -2.73838 -4.48851)
(32.5487 5.61787 -12.0348)
(-6.76008 1.71282 2.31867)
(-0.0532813 0.261011 -0.230428)
(-13.1915 -2.19964 5.44357)
(11.7853 -6.12083 -6.41135)
(-8.94609 4.26099 0.732475)
(8.40903 2.89 -5.59804)
(-0.573986 10.3494 -3.75534)
(-4.20829 -2.08967 2.92225)
(-3.45028 1.09994 0.147717)
(0.454167 -9.03814 -1.96333)
(-1.37442 -1.15094 0.687335)
(-3.14196 9.53826 -6.54255)
(-11.4848 -3.00987 1.85843)
(11.5721 34.5006 1.44665)
(0.206382 0.573842 -0.126249)
(-5.3604 -3.22039 -6.46993)
(5.54343 1.6502 0.675611)
(23.1985 0.993328 -4.87939)
(-8.75784 -11.8543 -6.41611)
(12.5018 6.90514 3.31238)
(-1.64244 2.19265 -3.84082)
(-4.87251 8.16459 0.0685694)
(17.7368 7.05098 -5.46584)
(6.00553 2.37615 2.44223)
(-0.00651003 -0.201994 -0.126251)
(-4.71099 -3.60876 -9.22379)
(-0.449728 -1.0206 -3.73794)
(10.3322 8.89932 8.39642)
(-6.39419 -3.64767 -3.43563)
(1.02694 -16.0549 -11.8606)
(-3.02657 -0.254032 -0.319438)
(0.964343 -3.39806 1.18915)
(-2.78357 -2.56201 2.77379)
(-12.5481 24.4224 -12.0587)
(-1.51141 5.48772 2.88923)
(-46.3435 18.0845 -2.2512)
(-2.86792 7.22026 11.3747)
(1.10289 6.64285 0.624658)
(-4.96944 6.26727 -1.88749)
(-5.54283 -8.23722 2.78423)
(-9.72658 -3.17231 1.6555)
(-3.72395 -16.6161 2.00634)
(-17.733 28.7553 -7.38406)
(6.95887 2.0449 2.93707)
(-9.20127 -0.308007 3.71766)
(2.69033 0.855947 0.909311)
(10.7996 -0.104462 4.58639)
(3.18284 4.80088 -1.51206)
(5.72476 3.72487 2.83196)
(8.06378 -14.9562 4.39484)
(5.81728 3.66189 0.697068)
(-6.1541 -2.70202 -4.50709)
(1.18821 6.15001 4.08495)
(31.9467 -5.01756 0.60894)
(-1.30606 -1.14713 0.6829)
(7.49796 2.24267 -2.17946)
(-51.5957 10.6033 -10.8425)
(0.781028 8.19685 -0.60745)
(1.72501 -2.81778 -0.446478)
(-0.0310888 3.34591 -2.20924)
(-9.72833 10.8226 -3.70359)
(30.929 19.5335 6.18145)
(-2.40737 1.65703 -2.8691)
(-0.0726332 0.0319518 -0.617607)
(0.622646 -0.240834 2.72229)
(-0.764411 -3.90882 1.86688)
(-1.01917 0.0305376 -2.08649)
(-0.300913 0.0503678 0.27475)
(29.5566 17.7731 -6.49032)
(1.83187 -0.780422 -0.492667)
(0.108171 3.59631 -2.6311)
(-20.9507 -10.2038 9.25257)
(10.892 12.7747 -5.9768)
(-29.3578 26.0245 -4.24289)
(-2.63195 8.23592 -0.0295201)
(1.13241 1.66754 3.13101)
(21.2701 11.3767 16.0325)
(-13.6944 -33.5175 18.8041)
(-1.01728 9.52094 5.65046)
(-6.12053 -26.6634 23.9667)
(-2.08614 1.50593 -2.23206)
(-20.2635 -19.107 0.835776)
(11.1394 -3.88007 -2.25424)
(2.59303 -0.0986068 1.37354)
(-6.57952 -1.51762 -2.73347)
(0.959946 0.494877 -0.534075)
(14.3789 6.19722 36.7538)
(-0.36526 -0.686208 0.808101)
(4.75772 2.35358 4.04241)
(-0.590317 3.20902 0.467163)
(-2.10082 0.397155 1.40301)
(-3.86368 1.51502 -0.772844)
(0.863823 1.8592 0.482099)
(5.73046 0.782977 -2.3507)
(-6.85321 6.83856 -0.976547)
(0.078166 0.12989 1.69137)
(1.56654 0.491523 -1.22383)
(-17.5578 -5.65496 3.13886)
(20.4155 -0.581289 14.6393)
(2.71883 0.273953 -4.17845)
(-2.3735 -6.24498 -1.81721)
(6.11788 -1.09698 3.81992)
(2.56769 -2.87898 -3.78389)
(14.1643 -7.31886 -2.06022)
(1.19723 -2.23841 1.44379)
(7.83632 -9.74957 8.85674)
(-2.57401 -11.7013 -18.109)
(-10.6116 -5.78843 -1.53878)
(-3.19596 2.65835 8.16816)
(-35.4857 -0.539293 14.3511)
(15.8126 -10.2634 0.457938)
(-9.48912 -10.1886 -22.6164)
(-13.3384 -10.9863 -2.05977)
(-0.118174 -0.917118 -12.4689)
(-5.1962 -1.7578 2.81372)
(11.3056 -0.35995 6.34356)
(5.92962 -8.5857 -1.29929)
(-6.33236 -8.78877 6.24624)
(10.6169 -4.92306 -0.0982496)
(-4.61436 -9.24721 6.64746)
(-1.04638 -1.94513 -4.96385)
(-2.6945 -1.61784 -1.32412)
(0.49993 -1.80872 -2.13294)
(6.49544 -13.3601 -3.59801)
(-20.0073 -11.1239 -3.70391)
(-0.745179 -7.85766 -26.4935)
(-0.0920241 -0.0327609 -0.38021)
(7.19278 -5.92738 12.0016)
(-10.8741 -7.62284 -4.73336)
(-7.52015 -8.48821 4.10846)
(0.78927 -10.4934 -2.51543)
(-53.0462 -3.24262 -3.5992)
(-0.768309 -0.469071 0.993713)
(21.5481 -2.31445 -10.3814)
(7.33768 -15.3033 4.06264)
(-7.05614 -15.6709 -7.05892)
(4.12887 -4.74833 3.74122)
(12.4788 -5.57104 -6.81725)
(7.25681 -1.34374 -2.37233)
(7.72566 -1.51097 7.65964)
(-3.52082 -3.22585 -2.27324)
(6.1829 -3.91067 7.84638)
(6.3997 -9.22814 -4.62915)
(1.78283 -13.1081 -8.54316)
(-5.81496 -0.489091 0.139311)
(-3.14703 -1.89166 10.2338)
(5.31482 -2.3781 -5.05924)
(3.97155 -2.40901 -4.41778)
(17.2369 -7.30148 -1.00527)
(-2.98994 -0.585606 -1.83577)
(-15.1254 -15.7502 6.03135)
(4.54326 -2.3107 -7.15367)
(-0.86341 -3.03728 -5.32988)
(-0.513621 -0.91754 1.49627)
(-4.30784 -2.46396 1.85714)
(-14.5758 -22.3325 15.5268)
(3.58583 -2.56901 5.14626)
(-6.45334 -3.99113 3.33977)
(4.80975 -9.14036 -8.89729)
(-5.25254 -10.1131 13.4656)
(4.81378 -0.283243 -0.876597)
(14.7699 -1.39156 -2.14873)
(3.35222 -0.0490253 -0.835504)
(0.220271 -2.95502 -0.687581)
(-12.4345 -3.56635 8.18841)
(0.0154722 -0.0439875 0.011761)
(-19.0768 -2.19215 -3.94779)
(10.5142 -7.11088 -4.08944)
(5.60293 -4.02279 -0.458755)
(7.49451 -8.39643 -43.9321)
(0.096517 -0.755226 -0.529726)
(0.118057 -0.899273 1.27294)
(16.1021 -3.71368 -10.2752)
(-1.06253 -0.13798 -5.43589)
(-35.5691 -11.9654 13.9299)
(-0.925705 -0.00914275 -0.493669)
(-6.48575 -4.49406 -2.09638)
(-19.4813 -11.4227 -4.5574)
(0.170039 -0.787234 -1.18211)
(-1.02276 -0.621791 -0.465769)
(-0.347249 -1.17993 17.1651)
(1.26955 -2.56004 1.72552)
(-1.43738 -6.22472 -3.98973)
(-0.923391 -2.2131 -0.0153948)
(-6.91348 -5.33786 -0.54003)
(-1.65417 -3.68652 3.82994)
(-0.682951 -2.38665 0.631793)
(-17.4619 -1.13477 -14.0653)
(-18.3307 -13.3878 -3.8927)
(3.57259 -8.03169 -8.34905)
(-2.73832 -8.56326 32.4526)
(7.82107 20.4777 14.1141)
(-9.37579 -10.1562 20.7582)
(-3.00687 -1.61801 -1.00749)
(0.765098 -18.2754 -8.67474)
(-0.0808591 -8.78463 -5.29348)
(0.0402448 -3.90437 -1.84299)
(-2.17904 -8.12308 1.9538)
(12.3921 -6.96656 -11.4028)
(0.973037 -8.95616 -10.6485)
(9.85565 -0.979396 -8.0704)
(4.4113 -0.222613 -0.506076)
(3.30482 -10.4106 4.88253)
(-8.00513 -0.228391 -1.8498)
(-6.90575 -1.14634 -0.319203)
(0.923314 -1.63699 2.65013)
(3.00705 -2.62864 1.5877)
(-40.5308 -15.2803 -4.91675)
(0.943318 -0.0394675 0.00391554)
(0.407233 -0.72897 0.784343)
(3.74913 -2.40174 -0.788207)
(3.55192 -7.92813 -3.72909)
(-0.834763 -1.20511 1.55003)
(1.95742 -11.7326 11.0529)
(-0.877404 -2.10288 -0.0146281)
(2.43639 -1.33751 5.70108)
(6.6821 -4.25509 2.49469)
(4.41781 -1.82258 -11.1093)
(-4.30414 -2.5355 -0.82742)
(-2.32188 -5.12264 0.429665)
(1.51939 -8.27425 8.90423)
(-3.17842 -1.81995 -3.26379)
(7.22545 -4.08902 9.80951)
(-2.18995 -0.403598 -0.265545)
(0.381931 -1.43243 -0.807183)
(1.92723 -2.19399 13.6798)
(-1.62467 -12.535 0.0878378)
(6.56616 -2.55697 -7.39815)
(-40.6877 -6.91406 -10.93)
(-0.74169 -0.816053 -2.78172)
(-17.1412 -7.50266 -17.9703)
(-0.847813 -0.932817 -3.17974)
(-0.843602 -14.2252 -3.31479)
(-2.31617 -17.0242 -5.56706)
(4.67084 -11.8704 1.6447)
(-0.0088413 -0.0788036 -0.0092158)
(6.02146 -6.61436 5.35072)
(1.7522 -22.9442 -12.9183)
(-15.4413 -4.00696 -9.60936)
(-21.2163 -16.271 -0.144213)
(-21.0529 -9.46089 12.7258)
(0.250017 -1.49203 2.15351)
(-25.0806 -8.10851 -4.35865)
(5.82564 -21.6957 -5.95081)
(5.9907 -8.38538 1.08779)
(-13.4993 -21.1692 3.05226)
(-6.86263 -10.5819 11.0237)
(-3.9799 -3.38592 -1.45849)
(-0.113921 -0.315799 0.261575)
(-16.8392 -4.76616 3.49194)
(-7.48375 -2.34777 -9.50143)
(10.4238 -9.96401 0.598021)
(1.85939 -4.02341 -2.66028)
(2.35613 -1.64411 -7.06432)
(-2.75594 -5.43526 -4.74473)
(12.2759 -3.68886 -0.699518)
(0.641725 -1.1107 -2.40201)
(-3.28912 -8.20306 -0.571923)
(-3.55934 -3.47718 10.107)
(-3.13805 -8.57033 7.06249)
(-1.26301 -2.58616 2.12801)
(-1.65811 -2.45811 5.33916)
(-3.24829 -4.75179 -4.52518)
(-7.67384 -0.281086 4.70334)
(-22.6226 -23.8782 0.64191)
(4.82394 -1.06387 -19.9686)
(-4.58661 -3.16624 -2.47565)
(-5.05725 -3.67125 3.6304)
(-2.13894 -1.9635 0.914719)
(14.4405 -16.8702 -5.79579)
(15.1379 -2.81744 3.51803)
(12.8645 -2.39432 2.98969)
(2.00608 -27.1946 -14.5964)
(-0.882222 -0.538618 1.14104)
(-0.476101 -2.26691 8.92537)
(-0.108414 -0.274651 -0.0604791)
(-1.6784 -0.641434 1.43826)
(-3.10357 -3.62902 -1.52587)
(3.7166 -4.43518 -0.29326)
(9.6468 -21.0393 -16.7759)
(-9.18932 7.35192 -4.85676)
(-7.13692 -0.136886 -15.5599)
(-5.98559 -4.31915 4.03718)
(-0.58318 5.72401 -2.76191)
(-10.2596 21.3627 8.87051)
(-1.45203 -4.98949 4.60881)
(-0.0733093 -0.141633 0.116046)
(6.40987 -2.27347 2.445)
(-7.4027 -7.05632 -3.11074)
(-0.474953 0.0660807 -1.7284)
(-7.81808 3.70042 -1.38129)
(9.34959 19.4465 4.96834)
(-8.31404 17.1088 -10.8926)
(-8.57133 17.6507 -0.506703)
(3.87568 -5.71911 1.13412)
(-12.7115 0.335067 1.49473)
(-16.9555 12.1338 3.0834)
(4.14853 -1.61601 4.24151)
(0.169312 -0.167849 0.0828471)
(0.56903 -0.57373 -0.139149)
(-5.17852e-05 -0.0613198 -0.0325256)
(-1.92733 -4.64838 -11.536)
(2.70014 -0.683362 -1.90641)
(2.8223 6.22634 3.05035)
(-8.6802 1.45992 -1.8511)
(18.9313 -1.71368 -3.4994)
(-1.80448 -2.56863 -1.00974)
(-9.74551 15.9463 2.12371)
(1.75925 0.932025 -2.48854)
(-3.16726 7.76711 3.50401)
(0.414359 2.018 1.96941)
(-0.503755 4.94444 -2.38576)
(-39.7053 -30.5896 -17.2474)
(-0.0118602 0.257511 -0.306026)
(0.452201 -1.60723 -0.304288)
(-6.49453 10.1314 -11.4425)
(3.3092 9.55284 -6.89174)
(-8.53688 -0.113555 1.77539)
(-0.964541 3.07766 -3.60774)
(-0.821729 0.0457942 -2.50831)
(11.9667 15.8644 0.840254)
(-3.05496 -0.423094 2.28701)
(0.389631 1.60442 -0.0390291)
(-3.78785 -4.81771 -0.992843)
(0.826202 0.361239 10.4109)
(-2.11114 -0.297117 7.25556)
(-0.435132 2.94386 0.331426)
(-1.30727 0.271036 -2.01612)
(11.0467 5.96731 7.39447)
(-0.648922 -0.332889 -0.879923)
(-5.9973 5.716 -2.62816)
(1.12991 6.71133 -4.5058)
(1.06342 5.28498 2.68479)
(-1.75236 5.23163 -1.88431)
(-2.5541 10.2922 1.20072)
(15.3468 -1.82316 2.82193)
(-3.19402 -2.13343 0.232909)
(0.620252 -1.30975 0.101028)
(-5.6778 19.3644 0.78855)
(1.22414 10.3778 1.97526)
(3.59691 -2.82161 -1.56459)
(-8.01325 1.32864 11.5177)
(7.66165 8.51011 -1.8431)
(-6.5596 3.10476 -1.15894)
(-10.7139 -6.86558 5.66671)
(-3.31464 3.34151 -11.1373)
(0.518326 -0.299248 -1.61141)
(-40.376 3.19816 -1.88735)
(0.54522 7.23389 3.51126)
(0.872999 6.62359 4.10198)
(-4.20182 0.659639 -0.95858)
(-0.431965 1.35997 2.3232)
(0.0149661 0.991849 0.186552)
(3.93587 5.94579 15.4765)
(11.3111 0.935143 -0.22991)
(-30.2679 -4.58416 5.83775)
(0.880635 -1.46701 2.37221)
(-5.65133 3.7196 -5.32393)
(0.197954 0.138686 0.371294)
(5.36769 6.47904 1.73987)
(0.278108 0.728262 0.749015)
(-6.35833 11.4051 8.26962)
(9.16461 5.46527 3.87964)
(-12.2217 4.71293 3.15226)
(-5.33628 1.37754 -0.104288)
(-4.60561 -5.33101 -5.93312)
(-2.11391 -1.61993 5.99818)
(-0.246772 -1.39073 3.66185)
(5.52303 -2.02178 1.10964)
(2.94321 -4.32854 -3.14047)
(-0.315692 -0.106278 -1.1277)
(16.8811 -39.3927 1.21423)
(-1.72274 0.228876 -2.5433)
(2.19325 -1.22515 -0.244439)
(0.322635 2.52836 -2.49762)
(-2.98406 2.14574 -7.38896)
(-2.33564 -9.81272 -3.11879)
(12.4707 1.49855 -9.57815)
(20.2157 -1.82994 -3.73682)
(2.38848 -6.09105 -2.10522)
(-5.87211 18.0565 1.88778)
(4.55938 -6.72801 1.33419)
(2.39369 3.93051 -9.98061)
(-1.37914 -0.132017 -0.780179)
(8.63561 4.04356 -3.08516)
(7.22332 8.02324 -1.73765)
(-1.19826 0.628826 -7.12105)
(2.22638 6.37446 -0.543446)
(-0.0735644 17.819 4.88862)
(-8.43487 -4.54229 6.53615)
(3.76203 -4.21874 1.86918)
(-0.768881 2.00279 -0.302896)
(-7.29259 10.4596 1.52294)
(2.40504 -8.90232 -0.517019)
(0.367296 1.7888 1.74572)
(9.12642 -0.193977 -4.14401)
(3.41396 -4.07403 -0.269381)
(8.17488 0.752566 -2.02796)
(-9.01598 10.6262 1.98849)
(-5.68931 6.15008 -1.87243)
(4.65772 4.12725 -4.48458)
(-5.08131 1.26194 2.99358)
(-31.5586 32.1337 0.0751328)
(-0.0321945 1.10432 0.463538)
(9.13979 -3.96345 3.32951)
(2.56154 1.03813 -0.389962)
(0.823549 0.948413 0.141409)
(-5.84128 5.25571 -11.108)
(19.9299 10.1085 3.34699)
(8.33204 -5.12884 1.12823)
(1.26563 12.3254 2.05939)
(3.04689 1.9237 3.47741)
(-6.87572 -3.16979 6.44012)
(10.3062 -5.90448 7.08361)
(0.701114 -0.0574546 -1.47239)
(-3.28703 -0.496819 -1.91495)
(-9.50265 -12.7491 12.6122)
(0.0108735 0.720622 0.135538)
(2.60202 -3.82479 8.72136)
(2.31529 -0.585964 -1.63469)
(2.44587 3.5185 6.22784)
(13.5911 -3.39948 2.80559)
(-0.339206 0.282271 0.196071)
(2.87668 14.0513 -2.40189)
(-0.189558 -0.158678 -0.579177)
(3.69915 13.4486 -3.6788)
(-2.6101 11.2942 6.886)
(-0.317864 2.18368 -0.838573)
(9.07645 -10.7264 3.16635)
(0.163437 0.0407824 0.136921)
(-6.73959 4.6324 0.441455)
(7.79517 -6.91363 -8.77496)
(-0.635254 -1.96968 0.410381)
(6.68729 8.24064 -3.4097)
(-2.19412 6.16462 11.3567)
(-3.65026 2.09384 -0.856739)
(-0.539286 0.0497864 0.08814)
(1.77231 -1.4365 -2.06546)
(-1.17247 0.824262 -0.841537)
(-4.62461 -5.40512 -4.33566)
(-2.27273 -1.84705 -8.94164)
(2.80055 -8.36838 -9.57894)
(-0.395653 2.67677 0.301356)
(29.2954 17.9486 3.04894)
(0.801395 -0.585964 -5.64473)
(13.0928 6.54466 0.500908)
(-0.819178 2.61383 -3.06403)
(8.70174 -14.1473 -11.7308)
(1.24011 5.51264 8.08569)
(0.811109 0.514237 -0.994256)
(17.2673 11.8541 4.18884)
(6.57091 -7.44196 -2.18063)
(-2.53029 2.31258 -0.55998)
(-1.80871 1.43968 0.613872)
(-5.93638 -11.3182 -3.62044)
(-12.6054 -4.64052 18.6422)
(-0.0194739 0.0888247 -0.0367885)
(5.57118 9.61011 0.664929)
(2.44137 0.456364 2.85416)
(-2.44527 -2.21111 -1.59747)
(44.5895 3.21715 -0.0628196)
(7.25676 9.26859 -0.173283)
(4.9933 6.02713 1.61852)
(-1.29534 18.1519 3.87575)
(-13.1899 -2.90045 11.2292)
(0.376204 0.198984 -0.714808)
(1.1169 4.40839 -0.136927)
(0.0494399 0.189902 -0.0432714)
(-1.06631 2.10244 3.94546)
(10.2998 -0.167173 10.6903)
(0.534371 0.154409 2.40745)
(0.872724 -5.84514 -23.763)
(26.2987 -7.97569 1.49657)
(0.299463 -6.88154 2.71626)
(-0.370597 -1.00598 8.11052)
(-2.62651 4.03078 -4.93071)
(6.68134 -0.423139 10.8578)
(-0.764284 2.3951 4.0682)
(0.303149 1.40838 1.05827)
(1.59424 2.95806 -5.53837)
(9.76006 20.1014 -10.6022)
(-0.140198 0.300104 0.566852)
(2.18647 -2.91679 -2.79816)
(14.6764 8.0474 0.788104)
(0.0463012 -0.0220553 -0.859868)
(-6.95904 1.23222 -1.0746)
(0.441751 -3.1914 -0.270252)
(1.11563 0.169352 0.417322)
(1.24526 -0.0572773 -1.11237)
(2.48032 -3.52941 1.92274)
(3.23086 -1.67839 -1.04006)
(2.68768 0.561721 1.58056)
(10.6062 -15.9671 3.56989)
(3.2544 -23.0114 11.7962)
(-1.69674 0.897838 -1.18847)
(13.4787 14.4017 4.52358)
(22.6186 18.1876 11.1586)
(-2.12845 -5.60021 -1.62959)
(-4.44032 -5.99968 2.43169)
(0.649609 -0.0698563 -0.0476086)
(-3.86951 -5.22842 2.1191)
(-4.67924 -27.4278 5.1482)
(-5.24643 -2.41206 13.3787)
(3.78193 -2.4285 1.42644)
(-3.54085 -13.8358 2.55138)
(1.0552 -1.97287 1.27252)
(7.3941 -7.9841 -0.784732)
(-3.61515 -2.39255 -5.32806)
(-2.24175 -10.1909 -15.7714)
(0.000157204 -0.000210341 -0.000373406)
(-10.3413 -10.3652 10.4043)
(0.984886 -3.02585 -2.96145)
(-13.4406 -6.50115 2.24228)
(12.5389 -5.3579 -9.86145)
(-8.33909 -3.70595 -2.352)
(-4.98763 -6.92239 4.91979)
(-1.82609 -6.31438 -4.4745)
(-6.02043 -0.144705 -2.95321)
(-24.5754 -15.0463 -17.9431)
(0.853562 -1.51298 -4.46148)
(31.7242 -12.5932 21.0166)
(-0.391909 -0.579735 1.18641)
(5.24945 -10.9482 2.90645)
(13.7294 -8.91129 0.397609)
(20.2561 -7.55975 12.0557)
(-2.61047 -9.36199 -6.70223)
(4.66678 -2.23569 -5.37739)
(-2.62763 -0.671547 1.78898)
(-3.91325 -7.84218 5.63744)
(-8.70398 -9.34561 -20.7451)
(0.593477 -7.89033 -1.89143)
(-1.34439 -2.27459 2.03347)
(-17.4272 -9.68939 -3.22626)
(0.479739 -1.73567 -2.04679)
(2.25821 -10.4894 -1.49217)
(-1.93433 -1.16142 -0.950562)
(3.00454 -7.40646 -10.7241)
(-22.9233 -5.68542 -7.58023)
(-0.663808 -1.01041 -0.365235)
(5.92799 -12.193 -3.28369)
(-16.2979 -15.6669 5.20462)
(2.59363 -5.11645 0.161514)
(-1.5955 13.8571 0.0275218)
(0.967274 -8.63746 12.5159)
(-5.10406 -1.02943 -8.98323)
(-0.624982 -1.50255 0.830486)
(2.18724 -2.8242 0.723369)
(-17.9138 -0.410823 14.9709)
(3.06665 -20.1107 -10.3609)
(8.55156 -1.32626 -5.37264)
(1.33948 -1.23182 0.360022)
(6.29291 -1.16525 -2.05722)
(0.37865 -3.7599 2.44988)
(4.80557 -1.77846 -1.61246)
(1.37648 -1.26131 1.16131)
(18.9564 -14.0159 -10.292)
(-2.1477 -18.5684 -1.62787)
(17.6058 -7.1257 6.70626)
(0.0658481 -0.166477 -1.09988)
(-0.410367 -0.733087 1.19547)
(-1.83676 -7.1013 1.52434)
(-5.63788 -8.40392 -3.20638)
(2.05068 -2.21536 4.25204)
(0.662389 -3.03665 -1.39755)
(-13.1401 -3.11658 7.86246)
(4.7693 -18.5072 -19.7243)
(-4.27803 -5.98122 0.44354)
(-10.706 -0.799063 -3.1124)
(0.69925 -2.55161 6.96645)
(2.08026 -1.23171 6.37255)
(1.85454 -1.87404 -2.44161)
(13.1261 -3.22203 -15.2271)
(1.22395 -2.77416 -2.33669)
(-10.2378 -2.9363 6.74181)
(-34.2192 -20.3689 -1.14203)
(0.863384 -0.0549009 -0.3718)
(2.84412 -3.67238 0.940615)
(-2.65155 -4.16488 3.51785)
(-6.22538 -7.07334 8.58049)
(6.44287 -0.966301 -1.1667)
(0.796188 -0.623361 2.05362)
(0.00355025 -4.41631 23.2512)
(1.90677 -8.72133 -0.395687)
(3.24717 -13.5224 7.57161)
(-5.19532 -2.56036 4.07892)
(3.02429 -2.45465 -3.57468)
(-0.318836 -2.20836 0.30417)
(15.7835 -3.87432 -18.3098)
(6.27118 -1.64523 7.21682)
(-0.137767 -3.91192 -2.18785)
(-0.56677 -3.64383 6.03732)
(-5.21977 -0.0630852 3.0832)
(0.731731 -6.73509 -8.00773)
(-5.40571 -2.12102 -3.15563)
(4.32737 -18.4307 18.5124)
(0.617171 -14.742 -6.99753)
(0.164612 -5.57322 -2.93231)
(-9.31428 -26.3824 4.48373)
(0.969475 -3.12124 5.35014)
(11.8353 -3.24356 8.41309)
(7.91223 -7.86487 -11.9187)
(6.18152 -3.07781 -12.391)
(2.42444 -2.11935 1.28009)
(2.20796 -2.12952 -4.28252)
(14.7777 -0.833042 2.10673)
(22.5541 -20.2213 -4.39207)
(-2.20076 -2.9581 0.128369)
(7.49172 -10.8636 -2.51366)
(-1.60937 -0.813486 1.23715)
(-31.6792 -11.9432 -3.84298)
(0.77121 -0.81294 -0.964996)
(20.9841 -6.30188 -13.617)
(4.64205 -5.2574 -1.54052)
(-2.29037 -4.01941 -0.740765)
(15.7882 -10.6995 14.5501)
(23.0777 -6.98141 10.3611)
(0.695515 -1.48166 -4.00588)
(-2.3954 -6.14988 -4.91489)
(7.47096 -7.14145 0.428616)
(5.30219 -6.6969 -2.80885)
(-1.73067 -0.318955 -0.209854)
(0.687739 -0.724952 -0.86055)
(4.81394 -4.40481 -0.230404)
(2.75495 -1.8667 -9.44533)
(0.91043 -0.883344 -0.405045)
(5.45302 -3.47243 2.03583)
(-12.7802 -4.70005 -1.16767)
(-2.62618 -5.74727 3.33356)
(-2.01263 -2.4261 -0.694322)
(-1.22473 -1.68265 23.6205)
(3.83052 -1.5803 -9.63247)
(3.58944 -9.12212 1.26392)
(-0.693584 -6.30954 1.37766)
(-0.522434 -1.48189 7.47339)
(-2.22761 -0.47605 1.76884)
(-18.7658 -9.63102 -11.5527)
(4.52945 -2.09617 3.32753)
(10.0485 -3.5699 23.6309)
(3.85883 0.402163 -3.64798)
(2.97034 -0.308754 1.44308)
(-3.94011 -2.32105 -0.757439)
(0.110703 -0.284354 0.247066)
(2.09927 -0.736515 -1.7293)
(-2.08699 -4.6044 0.386198)
(-3.8204 -4.42212 -4.92157)
(13.5289 -4.60238 2.47957)
(0.0888875 -3.43452 -4.11752)
(6.99483 -1.99271 -0.410115)
(3.21757 -3.19657 -1.78663)
(1.56556 -2.9405 3.48508)
(-2.31428 -7.61377 -0.678656)
(-0.659749 -5.60684 1.74964)
(11.2402 -17.6167 -16.3423)
(2.18409 -6.57568 6.15045)
(1.1343 -1.29437 0.704469)
(7.22256 -10.4348 -9.5143)
(-3.22324 -1.84561 -3.30981)
(8.20254 -0.81512 -6.71674)
(0.0980293 -0.219077 -0.036302)
(-8.0902 -4.43043 6.98948)
(-0.971182 -3.3372 3.08258)
(4.36632 -2.03972 16.1715)
(3.10701 -2.10526 -10.6524)
(6.57427 -1.428 0.48532)
(-2.19131 -4.32168 -3.77263)
(1.57723 -20.653 -11.6283)
(2.23061 -2.39756 7.72442)
(5.02405 -7.88782 0.747965)
(4.88915 -2.86222 0.17154)
(-0.0460337 -10.3736 -6.71092)
(-0.00820406 -0.0731238 -0.00855157)
(0.922805 -1.63609 2.64866)
(-0.231107 -1.53988 -0.229509)
(-2.83985 -3.09117 3.74752)
(-3.60932 -3.07064 -1.32268)
(1.3016 -1.26288 -0.579077)
(0.219623 -5.08065 0.408815)
(-6.84302 -9.26582 8.24068)
(-0.49812 -0.37979 -1.55366)
(22.8134 -5.00111 -13.928)
(2.22189 -3.23079 2.54204)
(-0.00992109 -0.365602 -0.148689)
(-4.93889 -2.01934 -0.255217)
(25.277 -13.9684 1.71786)
(13.861 -13.8268 11.8692)
(5.22466 -1.8531 1.99291)
(9.03736 -4.19063 -0.0836323)
(15.695 -4.75987 0.893148)
(-2.96719 -6.01715 -0.119609)
(-3.03579 -7.57127 -0.527874)
(5.86459 -1.84402 7.2558)
(-1.48139 -7.96941 11.6659)
(-0.2113 -1.4079 -0.209838)
(-3.05449 -3.88496 -0.800621)
(2.40268 -7.86159 2.57151)
(-7.43823 -4.7665 3.93418)
(8.00695 -17.4628 -13.9242)
(10.5054 -9.0694 -6.2426)
(3.84294 -1.40676 0.772091)
(0.547839 -0.350952 -0.115176)
(6.94672 -3.97981 4.77458)
(0.436831 -0.362391 -0.231877)
(-2.43434 7.94629 -2.4517)
(-3.63961 11.4808 0.0960636)
(-7.08053 -1.18066 2.92185)
(1.87449 -1.53623 2.3147)
(4.30288 -1.67613 4.39932)
(0.18688 1.46451 -1.4467)
(0.499915 -0.832786 1.34664)
(-0.221461 -1.10309 -1.14272)
(-1.0307 -2.54011 2.12733)
(-6.45975 -7.08281 -1.52742)
(-1.36078 0.487086 -0.95162)
(-3.89508 -3.41845 -0.0336128)
(2.04551 -2.75894 1.55159)
(-12.4108 4.23444 0.143118)
(-0.258565 -2.30985 -0.0280162)
(17.6333 13.6806 0.908638)
(-19.471 -2.94894 3.75536)
(-0.0995253 -0.252132 -0.0555204)
(-0.65046 -8.42134 -1.99253)
(0.067249 0.612089 0.981744)
(1.76501 2.53905 4.49419)
(-0.0667647 -0.128989 0.105686)
(-3.74892 0.221292 -0.497988)
(-4.58774 -1.93763 -5.25325)
(8.73266 11.577 0.613171)
(-0.0614258 -1.33643 -1.26254)
(-3.68513 -5.40018 7.46569)
(-2.39021 3.7343 0.816269)
(22.1353 3.82054 -8.18449)
(-4.83574 3.18279 -4.55559)
(3.70426 -8.97114 -9.98865)
(-0.698462 2.22865 -2.6125)
(0.394643 -1.40266 -0.265557)
(0.596083 2.2597 -3.26388)
(25.7701 4.20857 1.11542)
(3.9358 5.63412 -3.86321)
(1.07211 7.23231 -1.01314)
(-2.59881 6.55961 -0.164648)
(-4.36645 -3.71478 -1.60015)
(-1.24485 0.990861 0.422499)
(-0.634075 1.13336 1.36518)
(4.20047 20.6799 4.8159)
(-9.74415 -17.9473 5.96274)
(1.65747 4.7456 -0.404579)
(1.77916 -0.624205 -1.46561)
(-9.81073 -4.80602 5.25806)
(-0.182872 -1.03061 2.71364)
(-3.08894 0.484928 -0.704692)
(-11.6199 0.306293 1.36637)
(5.58007 -4.33821 -3.34867)
(-5.49054 -3.96192 3.70328)
(2.28174 -0.738698 2.61057)
(7.46474 -12.5231 0.488273)
(0.00254839 -0.328426 -3.79079)
(-5.44904 2.7586 -0.770293)
(5.72481 0.216592 -0.677453)
(-0.370787 0.051588 -1.34933)
(-8.4517 3.2107 -8.2173)
(6.34471 -1.37814 0.468374)
(-0.960474 -0.804305 0.480325)
(10.3785 13.6147 2.28458)
(13.9569 -32.5691 1.0039)
(-1.18294 4.83054 2.31575)
(2.86828 3.11188 3.00768)
(-0.579606 0.612013 0.652622)
(-6.45248 1.54916 -2.66927)
(-4.16535 -7.94157 -2.54034)
(2.67128 18.7688 -2.45277)
(-2.40435 20.8822 0.0414743)
(2.24157 -3.29665 -2.39181)
(-0.137513 -0.381198 0.315745)
(-1.57563 -1.28051 -6.199)
(0.171151 -1.02138 1.4742)
(5.66983 6.98684 -2.89092)
(-15.7998 -4.47199 3.27641)
(-18.9832 5.75727 -1.93261)
(1.16762 2.16647 -4.05629)
(0.0933064 -0.208522 -0.034553)
(-0.00443569 0.0162551 0.0244921)
(-12.1845 6.2579 -0.717909)
(-0.538425 0.962397 1.15925)
(-0.263172 -0.714377 5.75951)
(0.0971967 1.13475 1.26863)
(-0.259369 1.75475 0.197553)
(-3.31843 -8.27617 -0.577021)
(-0.745267 3.15276 2.39581)
(0.0238219 -0.0363645 0.0461642)
(9.90098 -19.3196 -10.1895)
(-2.11101 -3.00496 -1.18126)
(-0.75987 -0.984508 4.26107)
(1.93551 -1.8967 -2.33774)
(-0.976639 10.8872 -3.26675)
(7.84277 -0.127293 8.1401)
(15.2259 3.41931 -3.35327)
(12.0175 3.80425 -8.34645)
(-5.46228 -3.58031 6.5286)
(1.35649 1.30584 2.08208)
(-2.44952 16.782 -13.5113)
(2.64582 -0.317121 -0.933545)
(-0.602868 -0.309264 -0.817475)
(1.79733 -1.7965 -0.455869)
(-5.10027 1.59308 -4.82226)
(-2.06308 6.42732 1.92)
(1.84026 -2.53925 -5.04519)
(12.5669 3.95924 9.99383)
(0.603091 -0.85595 -0.516877)
(7.64336 -6.77899 -8.60407)
(0.209407 -4.84432 0.389798)
(-3.68386 -2.21316 -4.44636)
(-0.477633 -0.174853 0.433808)
(0.662774 -0.484607 -4.66834)
(7.36469 1.65526 2.09541)
(1.90751 -0.990929 -0.614056)
(2.24206 3.38184 -1.06512)
(0.551535 0.11527 0.324344)
(0.0187148 1.34357 3.07701)
(-2.40115 -2.20421 1.02685)
(-1.30583 5.22334 1.76722)
(5.95531 2.04671 -3.96456)
(0.829174 8.03007 -2.56307)
(-2.29401 2.95162 3.58571)
(2.23813 -1.22391 -0.739005)
(0.985275 8.35283 1.58984)
(25.5552 -8.34741 26.1042)
(-0.322746 7.40027 0.987309)
(-4.12921 -3.06435 0.851141)
(2.30935 -3.39458 7.74039)
(-0.373219 -0.306947 2.15919)
(-3.85297 -4.50325 -3.61223)
(-0.534407 -6.89801 0.751468)
(0.0544897 0.393137 -0.712214)
(-1.98801 3.0509 -3.73206)
(-0.468894 -6.05238 0.659346)
(-0.300148 0.709083 -0.588467)
(-5.79477 1.59056 4.97569)
(6.09858 1.37069 1.73517)
(-6.89387 -0.0917001 1.4337)
(12.1664 -3.04313 2.51149)
(-0.325689 -0.73911 -2.70698)
(1.01282 1.87631 -1.14995)
(-5.52634 1.32681 -2.28615)
(-4.82098 -0.636992 0.867975)
(0.546738 -0.97869 1.05303)
(-25.3093 25.7705 0.0602549)
(0.408816 1.9022 1.29569)
(4.85725 4.18364 3.94722)
(14.1767 5.52602 -1.67036)
(0.726691 7.03759 -2.24629)
(-15.2756 -10.6177 0.944473)
(2.32769 1.46962 2.65658)
(-1.37603 -2.03994 4.43086)
(-0.22775 -0.965549 -0.485535)
(15.3301 -5.21512 2.80969)
(18.6536 16.8984 -0.681221)
(1.02487 3.52268 0.460474)
(-1.74805 -1.33956 4.96007)
(1.28435 4.50907 0.389578)
(8.02301 -7.37978 -1.38566)
(1.26302 -0.277964 0.0504528)
(-2.29999 9.95227 6.06786)
(-0.0443797 -0.159614 -0.0337439)
(0.347979 0.170877 0.270731)
(2.25318 11.0057 -1.8813)
(1.83747 -0.501483 0.692954)
(0.99983 9.73689 1.62689)
(-3.60913 -3.60249 0.395766)
(0.749165 -11.7122 -8.65245)
(-0.427727 -1.66749 -0.321182)
(1.2212 2.64704 -1.46833)
(0.0447902 0.00543685 -0.0291576)
(0.873201 3.00135 0.392327)
(1.00715 -8.99355 13.0318)
(11.513 -20.0455 8.65455)
(0.558116 -0.0457362 -1.17208)
(-2.82208 29.3508 -1.48887)
(6.54817 -3.43316 1.0605)
(8.03854 -30.968 -3.53968)
(2.77136 -2.97877 9.59697)
(0.147748 -1.12543 1.59308)
(-15.275 -2.82451 -2.14401)
(-1.95962 13.9995 19.1683)
(0.45479 3.45056 2.13693)
(-1.22547 9.11843 1.06782)
(15.1358 17.3045 2.60739)
(-0.374133 -0.326543 0.232312)
(-0.95651 -0.909929 3.08551)
(-14.408 1.79637 -4.66282)
(1.83795 -12.9959 6.66204)
(1.176 -3.57093 1.87728)
(-5.05381 2.55852 -0.714422)
(-32.8357 33.434 0.0781732)
(-7.67694 0.0272167 14.2032)
(11.0365 -42.2237 10.2115)
(3.85369 -1.59887 3.51568)
(1.8809 6.00751 2.86125)
(-4.29635 -2.6809 -7.93193)
(0.0337645 -0.232468 0.160061)
(-0.154192 -2.1941 -1.74377)
(4.42159 0.140857 -3.13041)
(-11.0667 21.5391 -10.6351)
(-0.899556 -1.10332 2.71164)
(0.523816 -1.10611 0.0853205)
(-4.24353 -0.560694 0.764009)
(3.18831 6.07712 -5.38608)
(0.00219712 0.628008 0.0129656)
(-0.191621 0.944517 -9.7969)
(5.97681 -1.29823 0.441215)
(22.1345 3.21824 5.29708)
(2.41128 -2.62213 4.09856)
(-10.2986 -7.99042 -12.2124)
(-1.94601 -8.17575 -2.59851)
(5.68651 -1.5021 -3.92856)
(-2.79499 -1.14277 -0.144431)
(-13.3452 -6.57008 13.4863)
(-0.0676617 -4.10117 1.21617)
(3.62591 0.62675 -1.89014)
(-2.21655 -9.5596 8.69291)
(-7.11105 -3.8294 5.51033)
(-0.122834 -2.0558 0.451621)
(0.0018398 0.525875 0.010857)
(1.49758 -13.2626 0.238715)
(6.49761 -2.04306 8.03898)
(1.47307 0.65034 -0.589293)
(-2.34434 24.3821 -1.23682)
(6.45181 4.18503 4.65545)
(1.72857 -6.39834 -0.371596)
(-0.629299 -0.71291 -0.438825)
(1.38576 4.99978 -2.0505)
(5.40514 -0.342315 8.78382)
(10.9521 -16.7233 14.3791)
(1.6792 6.05851 -2.4847)
(-1.84262 -0.704193 1.57898)
(2.34537 -3.33738 1.81812)
(-19.9416 10.2419 -1.17496)
(-18.141 25.3688 -0.30013)
(10.1649 4.52471 -0.46024)
(7.12762 -11.5881 -9.60876)
(-1.34707 -1.79416 -3.43591)
(-0.393438 2.8186 -3.21266)
(-1.21013 4.84057 1.63771)
(-2.0887 4.82153 1.33014)
(0.0502881 0.362823 -0.657296)
(-0.931056 -0.533274 -1.38534)
(-2.92953 -4.28549 -4.08111)
(2.30548 5.65347 -3.75838)
(-0.110594 0.963368 -0.544707)
(0.0368886 -0.0175717 -0.685065)
(2.09266 -1.34059 -0.439955)
(1.71705 -14.0079 -5.87224)
(5.58575 2.48639 -0.252909)
(0.465284 -1.65373 -0.313092)
(-1.08394 -0.0628164 -0.793381)
(-1.06915 -3.07338 -3.37362)
(1.49887 2.19699 8.76348)
(2.85515 0.38692 -1.01237)
(8.1367 16.758 -8.83874)
(3.49433 12.7929 2.98314)
(6.38557 1.08048 -5.18306)
(9.03614 -10.9915 1.07283)
(0.227373 0.678348 -2.60245)
(-1.20777 -1.36725 -3.63861)
(-1.17972 1.39321 3.09988)
(0.287608 1.74669 0.987883)
(-5.59201 -1.41202 2.61754)
(-0.157926 -0.0226332 0.0561838)
(4.08301 -0.0365875 -2.95861)
(0.382895 1.78159 1.21354)
(-1.18814 -0.680526 -1.76787)
(0.553823 7.34804 3.56667)
(0.147743 -1.1254 1.59303)
(-1.99633 -7.64262 6.1293)
(-6.9604 -4.24523 -2.01296)
(-2.4071 5.55654 1.53291)
(-3.49234 -3.97775 3.30427)
(2.0321 -3.7407 -0.135538)
(-1.01447 -1.69593 -0.871458)
(-12.5494 2.35722 -2.47959)
(10.7292 0.411794 1.24324)
(-4.00729 1.33516 -5.55114)
(-1.41086 -0.396048 -0.849275)
(11.2493 10.1134 6.75104)
(-8.98159 1.51061 -1.91538)
(0.316518 0.155428 0.246255)
(-7.32931 -6.97386 1.75212)
(-3.79527 -2.90729 -7.43088)
(3.44777 -2.20869 -0.724849)
(-0.926959 -1.27426 1.43358)
(-11.0379 20.4477 -9.24362)
(0.594044 -0.59895 -0.145266)
(-3.9231 -4.66866 8.8041)
(-3.0186 7.61919 -0.191244)
(11.2565 -3.53297 -8.01114)
(1.93772 -12.066 4.03773)
(0.0423625 0.643581 -0.484057)
(3.36758 -1.08304 2.08281)
(1.34093 -3.11041 2.76188)
(-23.1772 20.5457 -3.34965)
(0.411792 -0.584445 -0.352924)
(0.983932 1.67716 0.971402)
(-3.12464 -5.83813 -4.98292)
(1.91012 -0.228941 -0.673959)
(1.07778 1.54317 0.637825)
(-0.468066 0.803035 -0.698464)
(-23.6754 -17.3896 -0.519092)
(5.38988 -4.04791 2.18084)
(1.44681 9.07564 -3.4097)
(-8.34004 4.98614 -4.33484)
(2.59271 16.8286 4.22575)
(-1.0266 -1.35505 -1.87302)
(23.9392 15.119 4.78446)
(-0.454712 -3.08539 0.769276)
(4.54751 6.35606 -1.61339)
(-16.4532 5.43247 -0.700284)
(0.847681 2.29786 -1.83711)
(2.64094 0.22048 0.574299)
(-2.68851 12.7162 -4.52034)
(-1.83694 5.48413 -1.97525)
(2.53134 5.6143 3.27932)
(-6.48221 -14.7904 0.747704)
(-4.509 -1.45172 0.332903)
(-3.78688 -4.12201 4.99725)
(24.2742 -5.11874 19.3921)
(-1.2475 -1.64663 -2.27606)
(4.67275 -1.32705 1.08855)
(-0.380966 -2.585 0.644514)
(-0.499615 -0.292282 0.0724274)
(-1.05586 -1.19529 -3.18097)
(0.182808 -0.181228 0.089451)
(-9.02763 -5.21707 7.44862)
(-22.4647 31.4151 -0.371661)
(1.48792 2.13043 0.880548)
(-0.719401 -1.03857 1.33582)
(-13.2079 5.94569 -27.1514)
(-0.0538499 -6.07367 -9.96801)
(-42.3519 3.35467 -1.97971)
(-0.751204 -1.03265 1.16177)
(-2.1589 -0.862975 -0.107029)
(20.0668 -12.1254 1.04205)
(0.188272 0.15838 -0.00231845)
(-1.6746 5.52322 12.2728)
(5.42897 -0.843547 -3.95503)
(-1.03499 -2.26126 -0.956206)
(-0.00246181 0.0172943 -0.00382307)
(11.9146 5.23557 -4.75589)
(20.6156 25.4513 -0.121919)
(-3.13668 -3.66773 -1.54215)
(6.86714 -1.55906 -5.22395)
(-7.53611 -20.7902 8.11108)
(-0.127379 0.12429 -0.249903)
(-4.90113 22.7974 -8.31792)
(-6.9416 1.39492 1.42488)
(17.4659 -5.07249 6.16198)
(-6.53811 -1.19676 -3.82689)
(-0.132237 -0.335002 -0.0737686)
(-5.96191 -9.4606 11.2845)
(-10.9973 2.08348 -2.28505)
(7.7202 2.56164 -7.44929)
(8.9948 -5.89605 4.99068)
(-2.22856 -7.9702 -10.2627)
(0.316918 0.564482 0.283087)
(-3.55233 8.81047 7.25403)
(-2.4884 -6.23666 -2.10137)
(9.31786 4.36302 -3.32891)
(4.66635 4.50992 -11.1557)
(16.3167 -6.0479 8.97495)
(-12.8273 2.40941 -2.53448)
(0.637855 0.384314 -0.386391)
(-0.200815 -0.851357 -0.428112)
(25.3344 8.23767 12.1218)
(4.34593 6.21669 -1.8518)
(3.93292 5.49705 -1.39535)
(-14.5049 2.64991 5.39794)
(-0.743877 -0.3816 -1.00868)
(17.2414 -2.04823 3.1703)
(1.86675 -0.451562 0.183917)
(-23.341 9.78498 -9.14801)
(20.5265 20.9951 22.9651)
(2.39651 -2.34845 -2.89454)
(6.78466 10.5295 3.10133)
(6.96114 -35.6833 -17.0012)
(5.26808 -1.39157 -3.63948)
(0.38091 1.88951 -1.62616)
(-2.79144 7.04582 -0.176852)
(1.3798 0.609164 -0.551981)
(16.3872 7.24581 4.70424)
(0.454057 2.25236 -1.93844)
(0.806149 1.948 6.02039)
(-0.0132159 0.0564533 0.0615769)
(-1.09492 1.29307 2.87706)
(3.17981 2.31218 2.07092)
(0.771446 2.0912 -1.6719)
(2.66202 0.360747 -0.94389)
(-0.42095 6.11616 -2.85794)
(-5.19613 -11.3878 0.927939)
(2.89206 -5.37389 -4.021)
(1.98331 -1.94354 -2.39547)
(-0.373356 2.67472 -3.04867)
(-4.0904 2.96214 -6.68729)
(1.34471 -0.369591 0.281798)
(-0.119172 -1.99451 0.438156)
(1.05996 2.29754 -1.27446)
(-14.9185 0.393239 1.75424)
(5.14771 0.592085 2.31506)
(0.130989 0.465821 -3.64542)
(-2.6354 -3.75142 -1.4747)
(-1.92677 -4.82904 -1.62709)
(0.403205 0.718174 0.360163)
(-8.2221 2.1225 -0.160687)
(2.44794 7.00884 -0.597528)
(-1.47606 -0.141295 -0.835008)
(0.658269 -0.0217527 -0.154489)
(6.80341 0.717522 7.56736)
(-4.26027 -5.41858 -1.11667)
(-15.0583 4.9719 -0.640914)
(-3.80289 1.99404 2.06056)
(-1.12986 0.234254 -1.74251)
(1.51672 0.803533 -2.14546)
(-0.00551729 0.0202187 0.0304642)
(1.3832 -1.91225 -0.513141)
(2.28045 28.9201 -0.218802)
(7.14371 8.80308 -3.64241)
(2.03419 1.22095 0.482447)
(-0.0888606 -0.171678 0.140663)
(1.3558 8.50476 -3.19522)
(10.0881 0.387187 1.16895)
)


// ************************************************************************* //
